date,time,loop_num,N2 input left(abs val),N2 input right(abs val),CO2 input left(abs val),CO2 input right(abs val),flow sensor left(sccm),flow sensor right(sccm),CO2 sensor left(abs val),CO2 sensor right(abs val)
11/02/2022 ,15:58:08 ,1,100,100,0,0,32.26,14.89,1.00,3.00
11/02/2022 ,15:58:08 ,1,100,100,0,0,23.21,14.52,2.00,4.00
11/02/2022 ,15:58:08 ,1,100,100,0,0,32.26,14.89,1.00,3.00
11/02/2022 ,15:58:08 ,1,100,100,0,0,23.21,14.52,2.00,4.00
11/02/2022 ,15:58:08 ,1,100,100,0,0,32.26,14.89,1.00,3.00
11/02/2022 ,15:58:08 ,1,100,100,0,0,23.21,14.52,2.00,4.00
11/02/2022 ,15:58:09 ,1,100,100,0,0,34.46,4.37,4.00,8.00
11/02/2022 ,15:58:10 ,1,100,100,0,0,30.91,4.98,5.00,8.00
11/02/2022 ,15:58:11 ,1,100,100,0,0,22.72,4.98,5.00,7.00
11/02/2022 ,15:58:12 ,1,100,100,0,0,32.01,4.74,4.00,7.00
11/02/2022 ,15:58:13 ,1,100,100,0,0,31.65,5.96,5.00,7.00
11/02/2022 ,15:58:14 ,1,100,100,0,0,21.98,13.06,4.00,6.00
11/02/2022 ,15:58:15 ,1,100,100,0,0,36.29,13.42,3.00,6.00
11/02/2022 ,15:58:16 ,1,100,100,0,0,32.13,14.03,3.00,6.00
11/02/2022 ,15:58:17 ,1,100,100,0,0,22.84,14.40,3.00,6.00
11/02/2022 ,15:58:18 ,1,100,100,0,0,43.02,14.65,3.00,6.00
11/02/2022 ,15:58:19 ,1,100,100,0,0,32.38,14.89,2.00,6.00
11/02/2022 ,15:58:20 ,1,100,100,0,0,25.90,15.38,3.00,5.00
11/02/2022 ,15:58:21 ,1,100,100,0,0,37.76,15.50,2.00,5.00
11/02/2022 ,15:58:22 ,1,100,100,0,0,32.38,14.89,2.00,5.00
11/02/2022 ,15:58:23 ,1,100,100,0,0,24.18,14.52,2.00,7.00
11/02/2022 ,15:58:24 ,1,100,100,0,0,37.76,14.77,0.00,4.00
11/02/2022 ,15:58:25 ,1,100,100,0,0,33.36,14.52,2.00,4.00
11/02/2022 ,15:58:26 ,1,100,100,0,0,32.99,14.77,2.00,5.00
11/02/2022 ,15:58:27 ,1,100,100,0,0,43.63,14.77,2.00,4.00
11/02/2022 ,15:58:28 ,1,100,100,0,0,31.16,10.37,1.00,5.00
11/02/2022 ,15:58:29 ,1,100,100,0,0,24.80,16.11,2.00,4.00
11/02/2022 ,15:58:30 ,1,100,100,0,0,35.93,20.27,2.00,4.00
11/02/2022 ,15:58:31 ,1,100,100,0,0,21.37,21.13,1.00,4.00
11/02/2022 ,15:58:32 ,1,100,100,0,0,23.57,20.64,1.00,4.00
11/02/2022 ,15:58:33 ,1,100,100,0,0,37.88,20.52,1.00,5.00
11/02/2022 ,15:58:34 ,1,100,100,0,0,33.36,19.66,2.00,4.00
11/02/2022 ,15:58:35 ,1,100,100,0,0,34.46,19.29,2.00,5.00
11/02/2022 ,15:58:36 ,1,100,100,0,0,38.74,19.54,1.00,4.00
11/02/2022 ,15:58:37 ,1,100,100,0,0,29.93,20.03,1.00,5.00
11/02/2022 ,15:58:38 ,1,100,100,0,0,34.83,19.78,1.00,3.00
11/02/2022 ,15:58:39 ,1,100,100,0,0,33.72,19.90,0.00,4.00
11/02/2022 ,15:58:40 ,1,100,100,0,0,20.76,19.66,2.00,2.00
11/02/2022 ,15:58:41 ,1,100,100,0,0,38.74,19.78,1.00,1.00
11/02/2022 ,15:58:42 ,1,100,100,0,0,38.00,19.29,1.00,1.00
11/02/2022 ,15:58:43 ,1,100,100,0,0,24.67,18.44,1.00,1.00
11/02/2022 ,15:58:44 ,1,100,100,0,0,35.56,19.05,1.00,1.00
11/02/2022 ,15:58:45 ,1,100,100,0,0,37.39,19.05,1.00,1.00
11/02/2022 ,15:58:46 ,1,100,100,0,0,21.74,19.90,2.00,0.00
11/02/2022 ,15:58:47 ,1,100,100,0,0,34.21,20.15,1.00,1.00
11/02/2022 ,15:58:48 ,1,100,100,0,0,30.91,20.27,1.00,2.00
11/02/2022 ,15:58:49 ,1,100,100,0,0,21.13,20.64,1.00,1.00
11/02/2022 ,15:58:50 ,1,100,100,0,0,39.47,20.39,1.00,2.00
11/02/2022 ,15:58:51 ,1,100,100,0,0,32.87,20.15,1.00,1.00
11/02/2022 ,15:58:52 ,1,100,100,0,0,25.16,20.15,0.00,1.00
11/02/2022 ,15:58:53 ,1,100,100,0,0,41.80,19.17,2.00,1.00
11/02/2022 ,15:58:54 ,1,100,100,0,0,35.68,19.29,1.00,1.00
11/02/2022 ,15:58:55 ,1,100,100,0,0,21.37,19.66,1.00,2.00
11/02/2022 ,15:58:56 ,1,100,100,0,0,35.31,19.90,1.00,1.00
11/02/2022 ,15:58:57 ,1,100,100,0,0,31.16,20.03,1.00,0.00
11/02/2022 ,15:58:58 ,1,100,100,0,0,26.63,20.15,1.00,2.00
11/02/2022 ,15:58:59 ,1,100,100,0,0,40.94,19.90,1.00,1.00
11/02/2022 ,15:59:00 ,1,100,100,0,0,32.75,19.90,1.00,1.00
11/02/2022 ,15:59:01 ,1,100,100,0,0,35.44,19.90,0.00,1.00
11/02/2022 ,15:59:02 ,1,100,100,0,0,39.72,19.42,1.00,2.00
11/02/2022 ,15:59:03 ,1,100,100,0,0,24.92,18.68,3.00,1.00
11/02/2022 ,15:59:04 ,1,100,100,0,0,22.11,18.93,1.00,1.00
11/02/2022 ,15:59:05 ,1,100,100,0,0,35.68,18.93,1.00,2.00
11/02/2022 ,15:59:06 ,1,100,100,0,0,21.49,19.90,0.00,2.00
11/02/2022 ,15:59:07 ,1,100,100,0,0,29.44,19.42,0.00,0.00
11/02/2022 ,15:59:08 ,1,100,100,0,0,37.76,19.54,1.00,2.00
11/02/2022 ,15:59:09 ,1,100,100,0,0,32.13,19.42,3.00,2.00
11/02/2022 ,15:59:10 ,1,100,100,0,0,35.80,19.29,1.00,1.00
11/02/2022 ,15:59:11 ,1,100,100,0,0,32.99,19.05,1.00,2.00
11/02/2022 ,15:59:12 ,1,100,100,0,0,22.47,18.56,1.00,1.00
11/02/2022 ,15:59:13 ,1,100,100,0,0,34.95,18.80,1.00,2.00
11/02/2022 ,15:59:14 ,1,100,100,0,0,35.93,18.56,1.00,2.00
11/02/2022 ,15:59:15 ,1,100,100,0,0,21.62,18.68,1.00,1.00
11/02/2022 ,15:59:16 ,1,100,100,0,0,42.41,19.29,47.00,38.00
11/02/2022 ,15:59:17 ,1,100,100,0,0,38.62,19.54,51.00,45.00
11/02/2022 ,15:59:18 ,1,100,100,0,0,25.53,19.66,53.00,46.00
11/02/2022 ,15:59:19 ,1,100,100,0,0,35.19,19.90,59.00,51.00
11/02/2022 ,15:59:20 ,1,100,100,0,0,33.24,18.68,64.00,55.00
11/02/2022 ,15:59:21 ,1,100,100,0,0,22.60,18.56,51.00,46.00
11/02/2022 ,15:59:22 ,1,100,100,0,0,36.78,18.80,48.00,44.00
11/02/2022 ,15:59:23 ,1,100,100,0,0,32.13,18.56,23.00,22.00
11/02/2022 ,15:59:24 ,1,100,100,0,0,22.47,19.17,22.00,20.00
11/02/2022 ,15:59:25 ,1,100,100,0,0,42.29,19.17,21.00,18.00
11/02/2022 ,15:59:26 ,1,100,100,0,0,30.67,19.66,20.00,20.00
11/02/2022 ,15:59:27 ,1,100,100,0,0,24.92,19.78,18.00,16.00
11/02/2022 ,15:59:28 ,1,100,100,0,0,36.78,19.42,17.00,16.00
11/02/2022 ,15:59:29 ,1,100,100,0,0,31.40,19.66,16.00,15.00
11/02/2022 ,15:59:30 ,1,100,100,0,0,22.96,19.42,15.00,15.00
11/02/2022 ,15:59:31 ,1,100,100,0,0,36.54,19.54,14.00,13.00
11/02/2022 ,15:59:32 ,1,100,100,0,0,32.75,18.80,13.00,11.00
11/02/2022 ,15:59:33 ,1,100,100,0,0,32.62,18.56,12.00,12.00
11/02/2022 ,15:59:34 ,1,100,100,0,0,40.82,19.54,12.00,11.00
11/02/2022 ,15:59:35 ,1,100,100,0,0,30.06,19.78,11.00,10.00
11/02/2022 ,15:59:36 ,1,100,100,0,0,33.60,19.54,11.00,9.00
11/02/2022 ,15:59:37 ,1,100,100,0,0,35.68,19.66,10.00,9.00
11/02/2022 ,15:59:38 ,1,100,100,0,0,21.13,19.42,9.00,9.00
11/02/2022 ,15:59:39 ,1,100,100,0,0,23.33,19.05,9.00,8.00
11/02/2022 ,15:59:40 ,1,100,100,0,0,38.00,18.93,9.00,8.00
11/02/2022 ,15:59:41 ,1,100,100,0,0,23.82,18.68,7.00,8.00
11/02/2022 ,15:59:42 ,1,100,100,0,0,35.68,18.56,7.00,5.00
11/02/2022 ,15:59:43 ,1,100,100,0,0,38.98,18.44,7.00,6.00
11/02/2022 ,15:59:44 ,1,100,100,0,0,28.59,18.56,6.00,5.00
11/02/2022 ,15:59:45 ,1,100,100,0,0,33.24,18.80,7.00,5.00
11/02/2022 ,15:59:46 ,1,100,100,0,0,30.91,19.17,6.00,6.00
11/02/2022 ,15:59:47 ,1,100,100,0,0,20.76,19.54,5.00,5.00
11/02/2022 ,15:59:48 ,1,100,100,0,0,38.00,18.80,4.00,4.00
11/02/2022 ,15:59:49 ,1,100,100,0,0,38.25,18.56,4.00,5.00
11/02/2022 ,15:59:50 ,1,100,100,0,0,25.16,18.68,4.00,4.00
11/02/2022 ,15:59:51 ,1,100,100,0,0,42.16,18.68,5.00,4.00
11/02/2022 ,15:59:52 ,1,100,100,0,0,37.88,18.56,6.00,3.00
11/02/2022 ,15:59:53 ,1,100,100,0,0,20.64,18.93,4.00,4.00
11/02/2022 ,15:59:54 ,1,100,100,0,0,33.85,19.17,3.00,4.00
11/02/2022 ,15:59:55 ,1,100,100,0,0,29.93,19.29,4.00,5.00
11/02/2022 ,15:59:56 ,1,100,100,0,0,27.36,19.42,3.00,3.00
11/02/2022 ,15:59:57 ,1,100,100,0,0,40.94,19.66,3.00,3.00
11/02/2022 ,15:59:58 ,1,100,100,0,0,33.36,19.66,3.00,3.00
11/02/2022 ,15:59:59 ,1,100,100,0,0,24.92,19.66,2.00,3.00
11/02/2022 ,16:00:00 ,1,100,100,0,0,40.08,19.42,3.00,2.00
11/02/2022 ,16:00:01 ,1,100,100,0,0,25.77,18.93,3.00,3.00
11/02/2022 ,16:00:02 ,1,100,100,0,0,21.25,19.29,2.00,3.00
11/02/2022 ,16:00:03 ,1,100,100,0,0,35.19,19.78,2.00,3.00
11/02/2022 ,16:00:04 ,1,100,100,0,0,30.79,19.54,2.00,3.00
11/02/2022 ,16:00:05 ,1,100,100,0,0,28.10,19.42,2.00,2.00
11/02/2022 ,16:00:06 ,1,100,100,0,0,38.13,19.42,22.00,100.00
11/02/2022 ,16:00:07 ,1,100,100,0,0,32.26,19.54,30.00,125.00
11/02/2022 ,16:00:08 ,1,100,100,0,0,35.68,19.29,27.00,127.00
11/02/2022 ,16:00:09 ,1,100,100,0,0,39.35,19.29,29.00,127.00
11/02/2022 ,16:00:10 ,1,100,100,0,0,23.94,18.68,30.00,131.00
11/02/2022 ,16:00:11 ,1,100,100,0,0,35.56,18.68,31.00,136.00
11/02/2022 ,16:00:12 ,1,100,100,0,0,36.17,18.68,23.00,103.00
11/02/2022 ,16:00:13 ,1,100,100,0,0,21.01,18.31,9.00,35.00
11/02/2022 ,16:00:14 ,1,100,100,0,0,29.93,18.93,8.00,30.00
11/02/2022 ,16:00:15 ,1,100,100,0,0,38.13,19.17,7.00,28.00
11/02/2022 ,16:00:16 ,1,100,100,0,0,26.14,19.17,7.00,26.00
11/02/2022 ,16:00:17 ,1,100,100,0,0,34.58,18.93,6.00,23.00
11/02/2022 ,16:00:18 ,1,100,100,0,0,32.38,18.56,6.00,22.00
11/02/2022 ,16:00:19 ,1,100,100,0,0,22.35,18.80,6.00,21.00
11/02/2022 ,16:00:20 ,1,100,100,0,0,36.05,18.56,5.00,18.00
11/02/2022 ,16:00:21 ,1,100,100,0,0,31.77,18.31,5.00,18.00
11/02/2022 ,16:00:22 ,1,100,100,0,0,21.86,19.17,6.00,17.00
11/02/2022 ,16:00:23 ,1,100,100,0,0,41.67,18.93,3.00,15.00
11/02/2022 ,16:00:24 ,1,100,100,0,0,33.11,19.29,4.00,14.00
11/02/2022 ,16:00:25 ,1,100,100,0,0,25.16,19.42,4.00,13.00
11/02/2022 ,16:00:26 ,1,100,100,0,0,36.66,19.54,3.00,13.00
11/02/2022 ,16:00:27 ,1,100,100,0,0,31.16,19.54,4.00,11.00
11/02/2022 ,16:00:28 ,1,100,100,0,0,22.72,19.54,3.00,10.00
11/02/2022 ,16:00:29 ,1,100,100,0,0,37.52,18.80,2.00,10.00
11/02/2022 ,16:00:30 ,1,100,100,0,0,32.38,18.56,4.00,8.00
11/02/2022 ,16:00:32 ,1,100,100,0,0,32.87,19.17,3.00,9.00
11/02/2022 ,16:00:33 ,1,100,100,0,0,42.29,19.54,3.00,7.00
11/02/2022 ,16:00:34 ,1,100,100,0,0,30.06,19.42,2.00,6.00
11/02/2022 ,16:00:35 ,1,100,100,0,0,22.35,19.42,2.00,7.00
11/02/2022 ,16:00:36 ,1,100,100,0,0,34.83,19.54,2.00,6.00
11/02/2022 ,16:00:37 ,1,100,100,0,0,20.15,19.42,1.00,6.00
11/02/2022 ,16:00:38 ,1,100,100,0,0,23.57,18.80,3.00,6.00
11/02/2022 ,16:00:39 ,1,100,100,0,0,37.39,18.68,1.00,4.00
11/02/2022 ,16:00:40 ,1,100,100,0,0,32.62,18.56,0.00,3.00
11/02/2022 ,16:00:41 ,1,100,100,0,0,34.83,18.44,2.00,4.00
11/02/2022 ,16:00:42 ,1,100,100,0,0,39.23,18.44,2.00,4.00
11/02/2022 ,16:00:43 ,1,100,100,0,0,28.95,19.17,1.00,4.00
11/02/2022 ,16:00:44 ,1,100,100,0,0,33.60,19.29,1.00,3.00
11/02/2022 ,16:00:45 ,1,100,100,0,0,34.58,19.29,1.00,4.00
11/02/2022 ,16:00:46 ,1,100,100,0,0,21.25,19.17,1.00,3.00
11/02/2022 ,16:00:47 ,1,100,100,0,0,39.96,19.05,1.00,3.00
11/02/2022 ,16:00:48 ,1,100,100,0,0,37.64,18.56,1.00,3.00
11/02/2022 ,16:00:49 ,1,100,100,0,0,24.92,18.56,2.00,2.00
11/02/2022 ,16:00:50 ,1,100,100,0,0,36.29,18.56,2.00,2.00
11/02/2022 ,16:00:51 ,1,100,100,0,0,37.03,18.44,2.00,3.00
11/02/2022 ,16:00:52 ,1,100,100,0,0,21.01,18.80,1.00,2.00
11/02/2022 ,16:00:53 ,1,100,100,0,0,34.83,18.80,1.00,2.00
11/02/2022 ,16:00:54 ,1,100,100,0,0,31.16,19.54,1.00,1.00
11/02/2022 ,16:00:55 ,1,100,100,0,0,20.76,19.29,1.00,1.00
11/02/2022 ,16:00:56 ,1,100,100,0,0,41.18,19.54,1.00,1.00
11/02/2022 ,16:00:57 ,1,100,100,0,0,32.99,18.56,2.00,2.00
11/02/2022 ,16:00:58 ,1,100,100,0,0,25.65,18.44,2.00,2.00
11/02/2022 ,16:00:59 ,1,100,100,0,0,40.08,18.68,2.00,2.00
11/02/2022 ,16:01:00 ,1,100,100,0,0,35.07,18.44,1.00,2.00
11/02/2022 ,16:01:01 ,1,100,100,0,0,21.25,19.29,2.00,1.00
11/02/2022 ,16:01:02 ,1,100,100,0,0,34.21,19.54,1.00,1.00
11/02/2022 ,16:01:03 ,1,100,100,0,0,31.28,19.42,1.00,1.00
11/02/2022 ,16:01:04 ,1,100,100,0,0,27.73,19.78,1.00,0.00
11/02/2022 ,16:01:05 ,1,100,100,0,0,40.21,19.66,1.00,1.00
11/02/2022 ,16:01:06 ,1,100,100,0,0,32.38,19.66,1.00,2.00
11/02/2022 ,16:01:07 ,1,100,100,0,0,35.07,19.29,1.00,2.00
11/02/2022 ,16:01:08 ,1,100,100,0,0,38.62,18.93,1.00,2.00
11/02/2022 ,16:01:09 ,1,100,100,0,0,23.70,18.80,2.00,1.00
11/02/2022 ,16:01:10 ,1,100,100,0,0,22.47,19.17,2.00,1.00
11/02/2022 ,16:01:11 ,1,100,100,0,0,35.80,19.42,1.00,1.00
11/02/2022 ,16:01:12 ,1,100,100,0,0,21.37,19.54,1.00,1.00
11/02/2022 ,16:01:13 ,1,100,100,0,0,30.06,19.42,1.00,1.00
11/02/2022 ,16:01:14 ,1,100,100,0,0,37.88,20.52,164.00,0.00
11/02/2022 ,16:01:15 ,1,100,100,0,0,31.40,20.64,219.00,0.00
11/02/2022 ,16:01:16 ,1,100,100,0,0,34.83,20.03,249.00,1.00
11/02/2022 ,16:01:17 ,1,100,100,0,0,31.77,19.66,250.00,1.00
11/02/2022 ,16:01:18 ,1,100,100,0,0,21.49,15.38,264.00,1.00
11/02/2022 ,16:01:19 ,1,100,100,0,0,36.29,15.50,257.00,1.00
11/02/2022 ,16:01:20 ,1,100,100,0,0,37.39,15.38,257.00,2.00
11/02/2022 ,16:01:21 ,1,100,100,0,0,22.35,15.50,261.00,1.00
11/02/2022 ,16:01:22 ,1,100,100,0,0,42.90,15.87,271.00,0.00
11/02/2022 ,16:01:23 ,1,100,100,0,0,37.64,16.24,289.00,1.00
11/02/2022 ,16:01:24 ,1,100,100,0,0,24.43,15.50,288.00,3.00
11/02/2022 ,16:01:25 ,1,100,100,0,0,33.85,15.26,297.00,1.00
11/02/2022 ,16:01:26 ,1,100,100,0,0,30.54,15.38,295.00,1.00
11/02/2022 ,16:01:27 ,1,100,100,0,0,22.35,15.50,266.00,1.00
11/02/2022 ,16:01:28 ,1,100,100,0,0,37.39,15.75,270.00,1.00
11/02/2022 ,16:01:29 ,1,100,100,0,0,32.13,15.75,275.00,1.00
11/02/2022 ,16:01:30 ,1,100,100,0,0,23.45,15.75,190.00,1.00
11/02/2022 ,16:01:31 ,1,100,100,0,0,44.12,15.75,1.00,2.00
11/02/2022 ,16:01:32 ,1,100,100,0,0,25.77,15.87,1.00,3.00
11/02/2022 ,16:01:33 ,1,100,100,0,0,19.42,16.36,1.00,3.00
11/02/2022 ,16:01:34 ,1,100,100,0,0,31.52,16.24,1.00,4.00
11/02/2022 ,16:01:35 ,1,100,100,0,0,25.65,16.24,1.00,4.00
11/02/2022 ,16:01:36 ,1,100,100,0,0,20.15,16.24,0.00,4.00
11/02/2022 ,16:01:37 ,1,100,100,0,0,32.62,15.62,1.00,32.00
11/02/2022 ,16:01:38 ,1,100,100,0,0,27.73,15.87,1.00,5.00
11/02/2022 ,16:01:39 ,1,100,100,0,0,30.06,15.87,1.00,4.00
11/02/2022 ,16:01:40 ,1,100,100,0,0,37.52,16.11,1.00,10.00
11/02/2022 ,16:01:41 ,1,100,100,0,0,23.82,16.24,1.00,12.00
11/02/2022 ,16:01:42 ,1,100,100,0,0,29.57,16.11,1.00,11.00
11/02/2022 ,16:01:43 ,1,100,100,0,0,30.67,15.99,2.00,11.00
11/02/2022 ,16:01:44 ,1,100,100,0,0,16.72,15.62,1.00,10.00
11/02/2022 ,16:01:45 ,1,100,100,0,0,21.37,15.62,2.00,9.00
11/02/2022 ,16:01:46 ,1,100,100,0,0,33.72,15.38,1.00,11.00
11/02/2022 ,16:01:47 ,1,100,100,0,0,20.15,15.50,1.00,9.00
11/02/2022 ,16:01:48 ,1,100,100,0,0,31.77,15.01,1.00,11.00
11/02/2022 ,16:01:49 ,1,100,100,0,0,32.62,14.89,2.00,15.00
11/02/2022 ,16:01:50 ,1,100,100,0,0,21.49,15.38,1.00,20.00
11/02/2022 ,16:01:51 ,1,100,100,0,0,29.32,15.38,1.00,22.00
11/02/2022 ,16:01:52 ,1,100,100,0,0,25.65,15.87,2.00,27.00
11/02/2022 ,16:01:53 ,1,100,100,0,0,16.60,15.26,2.00,31.00
11/02/2022 ,16:01:54 ,1,100,100,0,0,35.80,15.26,1.00,36.00
11/02/2022 ,16:01:55 ,1,100,100,0,0,33.97,15.13,2.00,41.00
11/02/2022 ,16:01:56 ,1,100,100,0,0,21.01,15.13,1.00,47.00
11/02/2022 ,16:01:57 ,1,100,100,0,0,35.80,15.13,1.00,51.00
11/02/2022 ,16:01:58 ,1,100,100,0,0,30.54,15.01,1.00,57.00
11/02/2022 ,16:01:59 ,1,100,100,0,0,15.38,15.50,3.00,63.00
11/02/2022 ,16:02:00 ,1,100,100,0,0,29.81,15.87,1.00,67.00
11/02/2022 ,16:02:01 ,1,100,100,0,0,25.77,15.99,1.00,73.00
11/02/2022 ,16:02:02 ,1,100,100,0,0,24.18,16.36,1.00,78.00
11/02/2022 ,16:02:03 ,1,100,100,0,0,36.41,15.99,2.00,83.00
11/02/2022 ,16:02:04 ,1,100,100,0,0,27.73,16.11,0.00,89.00
11/02/2022 ,16:02:05 ,1,100,100,0,0,20.39,15.01,1.00,94.00
11/02/2022 ,16:02:06 ,1,100,100,0,0,34.09,15.50,1.00,98.00
11/02/2022 ,16:02:07 ,1,100,100,0,0,18.31,15.87,2.00,102.00
11/02/2022 ,16:02:08 ,1,100,100,0,0,17.46,15.62,1.00,103.00
11/02/2022 ,16:02:09 ,1,100,100,0,0,32.01,15.99,2.00,107.00
11/02/2022 ,16:02:10 ,1,100,100,0,0,27.24,16.24,2.00,111.00
11/02/2022 ,16:02:11 ,1,100,100,0,0,25.90,16.11,1.00,113.00
11/02/2022 ,16:02:12 ,1,100,100,0,0,33.36,15.87,1.00,114.00
11/02/2022 ,16:02:13 ,1,100,100,0,0,27.00,15.99,0.00,116.00
11/02/2022 ,16:02:14 ,1,100,100,0,0,29.69,15.75,1.00,118.00
11/02/2022 ,16:02:15 ,1,100,100,0,0,31.28,15.26,1.00,121.00
11/02/2022 ,16:02:16 ,1,100,100,0,0,18.07,15.99,1.00,122.00
11/02/2022 ,16:02:17 ,1,100,100,0,0,32.26,15.26,44.00,138.00
11/02/2022 ,16:02:18 ,1,100,100,0,0,33.11,15.26,54.00,165.00
11/02/2022 ,16:02:19 ,1,100,100,0,0,17.34,15.87,55.00,175.00
11/02/2022 ,16:02:20 ,1,100,100,0,0,27.12,16.24,62.00,181.00
11/02/2022 ,16:02:21 ,1,100,100,0,0,32.62,15.87,67.00,188.00
11/02/2022 ,16:02:22 ,1,100,100,0,0,19.90,15.62,64.00,233.00
11/02/2022 ,16:02:23 ,1,100,100,0,0,29.08,15.50,66.00,299.00
11/02/2022 ,16:02:24 ,1,100,100,0,0,26.39,15.26,51.00,319.00
11/02/2022 ,16:02:25 ,1,100,100,0,0,15.26,15.38,51.00,348.00
11/02/2022 ,16:02:26 ,1,100,100,0,0,33.48,15.01,47.00,348.00
11/02/2022 ,16:02:27 ,1,100,100,0,0,27.49,15.26,41.00,319.00
11/02/2022 ,16:02:28 ,1,100,100,0,0,18.19,15.87,36.00,316.00
11/02/2022 ,16:02:29 ,1,100,100,0,0,37.76,15.62,35.00,331.00
11/02/2022 ,16:02:30 ,1,100,100,0,0,33.48,15.75,35.00,344.00
11/02/2022 ,16:02:31 ,1,100,100,0,0,17.34,15.99,30.00,351.00
11/02/2022 ,16:02:32 ,1,100,100,0,0,30.54,15.87,29.00,358.00
11/02/2022 ,16:02:33 ,1,100,100,0,0,26.39,15.26,28.00,359.00
11/02/2022 ,16:02:34 ,1,100,100,0,0,19.78,15.50,24.00,334.00
11/02/2022 ,16:02:35 ,1,100,100,0,0,34.58,15.38,22.00,333.00
11/02/2022 ,16:02:36 ,1,100,100,0,0,27.49,15.87,21.00,334.00
11/02/2022 ,16:02:37 ,1,100,100,0,0,30.67,15.75,20.00,331.00
11/02/2022 ,16:02:38 ,1,100,100,0,0,37.76,15.75,19.00,330.00
11/02/2022 ,16:02:39 ,1,100,100,0,0,23.08,15.87,18.00,328.00
11/02/2022 ,16:02:40 ,1,100,100,0,0,17.09,16.24,18.00,325.00
11/02/2022 ,16:02:41 ,1,100,100,0,0,31.16,16.11,16.00,321.00
11/02/2022 ,16:02:42 ,1,100,100,0,0,17.09,16.11,14.00,318.00
11/02/2022 ,16:02:43 ,1,100,100,0,0,21.13,16.11,16.00,314.00
11/02/2022 ,16:02:44 ,1,100,100,0,0,34.09,15.26,14.00,312.00
11/02/2022 ,16:02:45 ,1,100,100,0,0,22.11,15.26,12.00,309.00
11/02/2022 ,16:02:46 ,1,100,100,0,0,32.13,14.65,11.00,308.00
11/02/2022 ,16:02:47 ,1,100,100,0,0,29.93,15.01,11.00,305.00
11/02/2022 ,16:02:48 ,1,100,100,0,0,18.80,15.99,13.00,304.00
11/02/2022 ,16:02:49 ,1,100,100,0,0,30.67,15.87,9.00,301.00
11/02/2022 ,16:02:50 ,1,100,100,0,0,26.26,15.75,8.00,300.00
11/02/2022 ,16:02:51 ,1,100,100,0,0,16.60,15.62,8.00,298.00
11/02/2022 ,16:02:52 ,1,100,100,0,0,36.05,15.50,7.00,295.00
11/02/2022 ,16:02:53 ,1,100,100,0,0,34.83,15.50,7.00,295.00
11/02/2022 ,16:02:54 ,1,100,100,0,0,21.86,15.26,8.00,293.00
11/02/2022 ,16:02:55 ,1,100,100,0,0,34.09,15.01,7.00,292.00
11/02/2022 ,16:02:56 ,1,100,100,0,0,28.47,15.38,6.00,291.00
11/02/2022 ,16:02:57 ,1,100,100,0,0,16.72,15.38,5.00,290.00
11/02/2022 ,16:02:58 ,1,100,100,0,0,31.77,15.62,5.00,289.00
11/02/2022 ,16:02:59 ,1,100,100,0,0,27.61,15.62,5.00,288.00
11/02/2022 ,16:03:00 ,1,100,100,0,0,25.65,15.87,5.00,288.00
11/02/2022 ,16:03:01 ,1,100,100,0,0,36.29,16.36,4.00,286.00
11/02/2022 ,16:03:02 ,1,100,100,0,0,26.75,15.26,7.00,285.00
11/02/2022 ,16:03:03 ,1,100,100,0,0,19.78,15.01,4.00,285.00
11/02/2022 ,16:03:04 ,1,100,100,0,0,31.89,15.13,3.00,284.00
11/02/2022 ,16:03:05 ,1,100,100,0,0,16.36,15.62,3.00,284.00
11/02/2022 ,16:03:06 ,1,100,100,0,0,16.85,15.62,3.00,284.00
11/02/2022 ,16:03:07 ,1,100,100,0,0,32.62,15.99,3.00,285.00
11/02/2022 ,16:03:08 ,1,100,100,0,0,27.98,16.36,2.00,284.00
11/02/2022 ,16:03:09 ,1,100,100,0,0,27.98,16.24,3.00,283.00
11/02/2022 ,16:03:10 ,1,100,100,0,0,33.60,15.99,2.00,282.00
11/02/2022 ,16:03:11 ,1,100,100,0,0,26.39,16.11,2.00,282.00
11/02/2022 ,16:03:12 ,1,100,100,0,0,29.93,16.24,2.00,282.00
11/02/2022 ,16:03:13 ,1,100,100,0,0,31.65,15.38,4.00,282.00
11/02/2022 ,16:03:14 ,1,100,100,0,0,15.38,15.50,2.00,282.00
11/02/2022 ,16:03:15 ,1,100,100,0,0,32.26,15.01,2.00,281.00
11/02/2022 ,16:03:16 ,1,100,100,0,0,34.09,16.24,2.00,282.00
11/02/2022 ,16:03:17 ,1,100,100,0,0,18.44,16.24,3.00,281.00
11/02/2022 ,16:03:18 ,1,100,100,0,0,29.44,16.11,2.00,281.00
11/02/2022 ,16:03:19 ,1,100,100,0,0,33.36,15.87,2.00,281.00
11/02/2022 ,16:03:20 ,1,100,100,0,0,18.19,15.99,3.00,280.00
11/02/2022 ,16:03:21 ,1,100,100,0,0,29.44,15.50,2.00,279.00
11/02/2022 ,16:03:22 ,1,100,100,0,0,25.29,15.38,1.00,281.00
11/02/2022 ,16:03:23 ,1,100,100,0,0,14.40,15.50,2.00,280.00
11/02/2022 ,16:03:24 ,1,100,100,0,0,34.34,15.26,2.00,280.00
11/02/2022 ,16:03:25 ,1,100,100,0,0,28.47,15.13,1.00,281.00
11/02/2022 ,16:03:26 ,1,100,100,0,0,19.42,15.26,2.00,280.00
11/02/2022 ,16:03:27 ,1,100,100,0,0,38.74,15.62,1.00,280.00
11/02/2022 ,16:03:28 ,1,100,100,0,0,32.75,15.87,3.00,304.00
11/02/2022 ,16:03:29 ,1,100,100,0,0,16.97,15.99,2.00,323.00
11/02/2022 ,16:03:30 ,1,100,100,0,0,29.57,15.38,1.00,210.00
11/02/2022 ,16:03:31 ,1,100,100,0,0,25.41,15.13,1.00,116.00
11/02/2022 ,16:03:32 ,1,100,100,0,0,20.64,15.26,1.00,74.00
11/02/2022 ,16:03:33 ,1,100,100,0,0,35.93,15.26,1.00,51.00
11/02/2022 ,16:03:34 ,1,100,100,0,0,28.34,15.62,1.00,36.00
11/02/2022 ,16:03:35 ,1,100,100,0,0,32.50,15.38,1.00,27.00
11/02/2022 ,16:03:36 ,1,100,100,0,0,37.15,16.24,1.00,22.00
11/02/2022 ,16:03:37 ,1,100,100,0,0,20.76,16.24,0.00,17.00
11/02/2022 ,16:03:38 ,1,100,100,0,0,15.87,16.24,2.00,15.00
11/02/2022 ,16:03:39 ,1,100,100,0,0,30.42,16.36,1.00,12.00
11/02/2022 ,16:03:40 ,1,100,100,0,0,16.11,15.87,1.00,12.00
11/02/2022 ,16:03:41 ,1,100,100,0,0,23.70,16.24,2.00,9.00
11/02/2022 ,16:03:42 ,1,100,100,0,0,34.58,15.99,2.00,9.00
11/02/2022 ,16:03:43 ,1,100,100,0,0,27.12,16.11,1.00,7.00
11/02/2022 ,16:03:44 ,1,100,100,0,0,31.40,15.99,1.00,6.00
11/02/2022 ,16:03:45 ,1,100,100,0,0,30.30,16.36,2.00,8.00
11/02/2022 ,16:03:46 ,1,100,100,0,0,17.95,16.24,2.00,6.00
11/02/2022 ,16:03:47 ,1,100,100,0,0,30.30,16.11,1.00,6.00
11/02/2022 ,16:03:48 ,1,100,100,0,0,30.79,16.48,1.00,6.00
11/02/2022 ,16:03:49 ,1,100,100,0,0,16.48,16.11,1.00,3.00
11/02/2022 ,16:03:50 ,1,100,100,0,0,36.90,15.62,3.00,2.00
11/02/2022 ,16:03:51 ,1,100,100,0,0,34.58,15.50,1.00,5.00
11/02/2022 ,16:03:52 ,1,100,100,0,0,21.13,15.13,0.00,4.00
11/02/2022 ,16:03:53 ,1,100,100,0,0,30.18,15.50,1.00,3.00
11/02/2022 ,16:03:54 ,1,100,100,0,0,28.47,15.38,0.00,4.00
11/02/2022 ,16:03:55 ,1,100,100,0,0,16.85,15.38,1.00,3.00
11/02/2022 ,16:03:56 ,1,100,100,0,0,31.52,15.38,1.00,4.00
11/02/2022 ,16:03:57 ,1,100,100,0,0,27.36,15.87,0.00,4.00
11/02/2022 ,16:03:58 ,1,100,100,0,0,18.19,15.75,2.00,4.00
11/02/2022 ,16:03:59 ,1,100,100,0,0,37.15,15.38,1.00,3.00
11/02/2022 ,16:04:00 ,1,100,100,0,0,27.12,15.13,0.00,4.00
11/02/2022 ,16:04:01 ,1,100,100,0,0,19.29,15.75,1.00,4.00
11/02/2022 ,16:04:02 ,1,100,100,0,0,31.40,16.11,3.00,5.00
11/02/2022 ,16:04:03 ,1,100,100,0,0,27.00,15.87,1.00,4.00
11/02/2022 ,16:04:04 ,1,100,100,0,0,17.70,16.72,1.00,3.00
11/02/2022 ,16:04:05 ,1,100,100,0,0,33.24,17.21,1.00,5.00
11/02/2022 ,16:04:06 ,1,100,100,0,0,28.22,16.85,1.00,1.00
11/02/2022 ,16:04:07 ,1,100,100,0,0,28.10,17.21,1.00,1.00
11/02/2022 ,16:04:08 ,1,100,100,0,0,38.00,17.09,0.00,0.00
11/02/2022 ,16:04:09 ,1,100,100,0,0,26.63,16.85,1.00,1.00
11/02/2022 ,16:04:10 ,1,100,100,0,0,30.42,17.34,1.00,1.00
11/02/2022 ,16:04:11 ,1,100,100,0,0,32.38,16.85,1.00,1.00
11/02/2022 ,16:04:12 ,1,100,100,0,0,16.24,17.09,0.00,1.00
11/02/2022 ,16:04:13 ,1,100,100,0,0,19.29,17.21,0.00,2.00
11/02/2022 ,16:04:14 ,1,100,100,0,0,34.58,17.34,1.00,1.00
11/02/2022 ,16:04:15 ,1,100,100,0,0,21.98,17.46,1.00,0.00
11/02/2022 ,16:04:16 ,1,100,100,0,0,31.16,17.34,1.00,1.00
11/02/2022 ,16:04:17 ,1,100,100,0,0,34.34,17.21,1.00,1.00
11/02/2022 ,16:04:18 ,1,100,100,0,0,24.92,17.09,1.00,1.00
11/02/2022 ,16:04:19 ,1,100,100,0,0,30.79,17.09,0.00,1.00
11/02/2022 ,16:04:20 ,1,100,100,0,0,27.49,16.85,1.00,1.00
11/02/2022 ,16:04:21 ,1,100,100,0,0,15.99,16.48,1.00,0.00
11/02/2022 ,16:04:22 ,1,100,100,0,0,36.17,16.48,2.00,1.00
11/02/2022 ,16:04:23 ,1,100,100,0,0,34.83,16.36,1.00,0.00
11/02/2022 ,16:04:24 ,1,100,100,0,0,20.64,17.46,0.00,1.00
11/02/2022 ,16:04:25 ,1,100,100,0,0,32.26,17.09,1.00,0.00
11/02/2022 ,16:04:26 ,1,100,100,0,0,32.75,17.09,1.00,1.00
11/02/2022 ,16:04:27 ,1,100,100,0,0,17.58,16.97,1.00,1.00
11/02/2022 ,16:04:28 ,1,100,100,0,0,31.40,16.72,1.00,1.00
11/02/2022 ,16:04:29 ,1,100,100,0,0,26.75,16.60,2.00,1.00
11/02/2022 ,16:04:30 ,1,100,100,0,0,16.60,16.36,2.00,1.00
11/02/2022 ,16:04:31 ,1,100,100,0,0,36.78,16.60,1.00,1.00
11/02/2022 ,16:04:32 ,1,100,100,0,0,28.34,16.36,1.00,1.00
11/02/2022 ,16:04:33 ,1,100,100,0,0,21.74,16.48,0.00,1.00
11/02/2022 ,16:04:34 ,1,100,100,0,0,36.05,17.34,0.00,2.00
11/02/2022 ,16:04:35 ,1,100,100,0,0,31.28,16.85,2.00,1.00
11/02/2022 ,16:04:36 ,1,100,100,0,0,18.19,17.46,1.00,1.00
11/02/2022 ,16:04:37 ,1,100,100,0,0,32.26,17.09,1.00,2.00
11/02/2022 ,16:04:38 ,1,100,100,0,0,27.98,16.24,1.00,1.00
11/02/2022 ,16:04:39 ,1,100,100,0,0,24.67,16.48,1.00,1.00
11/02/2022 ,16:04:40 ,1,100,100,0,0,38.98,16.97,37.00,47.00
11/02/2022 ,16:04:41 ,1,100,100,0,0,28.83,16.97,46.00,56.00
11/02/2022 ,16:04:42 ,1,100,100,0,0,32.26,17.34,46.00,60.00
11/02/2022 ,16:04:43 ,1,100,100,0,0,34.83,17.46,52.00,67.00
11/02/2022 ,16:04:44 ,1,100,100,0,0,18.44,17.58,57.00,73.00
11/02/2022 ,16:04:45 ,1,100,100,0,0,18.44,17.46,45.00,56.00
11/02/2022 ,16:04:46 ,1,100,100,0,0,32.50,17.34,42.00,53.00
11/02/2022 ,16:04:47 ,1,100,100,0,0,17.70,17.58,21.00,26.00
11/02/2022 ,16:04:48 ,1,100,100,0,0,27.00,17.09,18.00,22.00
11/02/2022 ,16:04:49 ,1,100,100,0,0,35.80,17.09,17.00,20.00
11/02/2022 ,16:04:50 ,1,100,100,0,0,27.24,16.48,15.00,19.00
11/02/2022 ,16:04:51 ,1,100,100,0,0,31.52,17.58,15.00,17.00
11/02/2022 ,16:04:52 ,1,100,100,0,0,29.32,17.70,13.00,16.00
11/02/2022 ,16:04:53 ,1,100,100,0,0,17.34,17.70,13.00,15.00
11/02/2022 ,16:04:54 ,1,100,100,0,0,33.24,17.46,11.00,14.00
11/02/2022 ,16:04:55 ,1,100,100,0,0,32.62,17.58,10.00,14.00
11/02/2022 ,16:04:56 ,1,100,100,0,0,18.31,17.34,10.00,12.00
11/02/2022 ,16:04:57 ,1,100,100,0,0,38.13,16.72,9.00,10.00
11/02/2022 ,16:04:58 ,1,100,100,0,0,35.07,16.72,7.00,11.00
11/02/2022 ,16:04:59 ,1,100,100,0,0,21.25,16.60,7.00,10.00
11/02/2022 ,16:05:00 ,1,100,100,0,0,31.40,16.85,7.00,9.00
11/02/2022 ,16:05:01 ,1,100,100,0,0,28.22,16.60,7.00,9.00
11/02/2022 ,16:05:02 ,1,100,100,0,0,18.93,16.85,6.00,7.00
11/02/2022 ,16:05:03 ,1,100,100,0,0,33.97,17.46,6.00,8.00
11/02/2022 ,16:05:04 ,1,100,100,0,0,29.20,17.21,6.00,7.00
11/02/2022 ,16:05:05 ,1,100,100,0,0,19.90,16.85,5.00,7.00
11/02/2022 ,16:05:06 ,1,100,100,0,0,37.64,16.60,5.00,5.00
11/02/2022 ,16:05:07 ,1,100,100,0,0,26.75,16.48,7.00,6.00
11/02/2022 ,16:05:08 ,1,100,100,0,0,18.80,16.72,4.00,5.00
11/02/2022 ,16:05:09 ,1,100,100,0,0,30.79,17.09,4.00,5.00
11/02/2022 ,16:05:10 ,1,100,100,0,0,27.00,17.34,4.00,6.00
11/02/2022 ,16:05:11 ,1,100,100,0,0,20.03,17.09,3.00,4.00
11/02/2022 ,16:05:12 ,1,100,100,0,0,34.95,17.58,3.00,4.00
11/02/2022 ,16:05:13 ,1,100,100,0,0,29.81,17.70,3.00,4.00
11/02/2022 ,16:05:14 ,1,100,100,0,0,31.77,17.95,4.00,4.00
11/02/2022 ,16:05:15 ,1,100,100,0,0,39.23,17.83,3.00,3.00
11/02/2022 ,16:05:16 ,1,100,100,0,0,23.82,17.58,2.00,4.00
11/02/2022 ,16:05:17 ,1,100,100,0,0,30.67,17.70,49.00,44.00
11/02/2022 ,16:05:18 ,1,100,100,0,0,32.26,17.58,51.00,47.00
11/02/2022 ,16:05:19 ,1,100,100,0,0,16.11,17.34,56.00,50.00
11/02/2022 ,16:05:20 ,1,100,100,0,0,22.23,17.70,60.00,54.00
11/02/2022 ,16:05:21 ,1,100,100,0,0,35.31,17.83,65.00,57.00
11/02/2022 ,16:05:22 ,1,100,100,0,0,21.49,17.95,54.00,47.00
11/02/2022 ,16:05:23 ,1,100,100,0,0,32.99,17.70,50.00,44.00
11/02/2022 ,16:05:24 ,1,100,100,0,0,32.01,17.83,25.00,24.00
11/02/2022 ,16:05:25 ,1,100,100,0,0,20.76,17.95,22.00,21.00
11/02/2022 ,16:05:26 ,1,100,100,0,0,30.67,16.97,21.00,20.00
11/02/2022 ,16:05:27 ,1,100,100,0,0,27.24,16.72,20.00,18.00
11/02/2022 ,16:05:28 ,1,100,100,0,0,16.97,16.97,18.00,17.00
11/02/2022 ,16:05:29 ,1,100,100,0,0,38.25,16.85,17.00,15.00
11/02/2022 ,16:05:30 ,1,100,100,0,0,35.44,16.85,16.00,15.00
11/02/2022 ,16:05:31 ,1,100,100,0,0,22.84,16.72,15.00,14.00
11/02/2022 ,16:05:32 ,1,100,100,0,0,36.78,17.09,13.00,13.00
11/02/2022 ,16:05:33 ,1,100,100,0,0,30.91,17.34,14.00,14.00
11/02/2022 ,16:05:34 ,1,100,100,0,0,18.07,17.21,13.00,11.00
11/02/2022 ,16:05:35 ,1,100,100,0,0,31.89,16.72,12.00,10.00
11/02/2022 ,16:05:36 ,1,100,100,0,0,27.36,16.85,12.00,12.00
11/02/2022 ,16:05:37 ,1,100,100,0,0,24.80,16.60,12.00,9.00
11/02/2022 ,16:05:38 ,1,100,100,0,0,39.35,16.97,9.00,9.00
11/02/2022 ,16:05:39 ,1,100,100,0,0,28.10,17.21,10.00,8.00
11/02/2022 ,16:05:40 ,1,100,100,0,0,22.47,17.34,9.00,8.00
11/02/2022 ,16:05:41 ,1,100,100,0,0,35.56,17.58,8.00,8.00
11/02/2022 ,16:05:42 ,1,100,100,0,0,19.54,17.83,8.00,8.00
11/02/2022 ,16:05:43 ,1,100,100,0,0,18.44,17.83,7.00,6.00
11/02/2022 ,16:05:44 ,1,100,100,0,0,32.50,17.83,7.00,6.00
11/02/2022 ,16:05:45 ,1,100,100,0,0,28.71,17.95,8.00,6.00
11/02/2022 ,16:05:46 ,1,100,100,0,0,27.61,16.97,7.00,6.00
11/02/2022 ,16:05:47 ,1,100,100,0,0,34.95,16.97,6.00,5.00
11/02/2022 ,16:05:48 ,1,100,100,0,0,27.00,17.58,5.00,5.00
11/02/2022 ,16:05:49 ,1,100,100,0,0,31.77,17.70,5.00,4.00
11/02/2022 ,16:05:50 ,1,100,100,0,0,33.11,17.70,3.00,5.00
11/02/2022 ,16:05:51 ,1,100,100,0,0,17.09,17.83,5.00,5.00
11/02/2022 ,16:05:52 ,1,100,100,0,0,33.11,17.95,4.00,3.00
11/02/2022 ,16:05:53 ,1,100,100,0,0,33.36,17.70,5.00,4.00
11/02/2022 ,16:05:54 ,1,100,100,0,0,18.93,17.70,4.00,5.00
11/02/2022 ,16:05:55 ,1,100,100,0,0,29.69,17.09,4.00,3.00
11/02/2022 ,16:05:56 ,1,100,100,0,0,36.05,16.97,3.00,4.00
11/02/2022 ,16:05:57 ,1,100,100,0,0,19.66,16.72,4.00,3.00
11/02/2022 ,16:05:58 ,1,100,100,0,0,31.65,16.72,3.00,4.00
11/02/2022 ,16:05:59 ,1,100,100,0,0,27.85,16.60,3.00,3.00
11/02/2022 ,16:06:00 ,1,100,100,0,0,17.21,17.70,3.00,3.00
11/02/2022 ,16:06:01 ,1,100,100,0,0,34.34,17.83,3.00,3.00
11/02/2022 ,16:06:02 ,1,100,100,0,0,29.20,17.46,2.00,3.00
11/02/2022 ,16:06:03 ,1,100,100,0,0,19.90,17.21,2.00,3.00
11/02/2022 ,16:06:04 ,1,100,100,0,0,39.11,17.09,3.00,2.00
11/02/2022 ,16:06:05 ,1,100,100,0,0,36.29,16.72,3.00,2.00
11/02/2022 ,16:06:06 ,1,100,100,0,0,18.93,16.97,2.00,2.00
11/02/2022 ,16:06:07 ,1,100,100,0,0,31.40,16.85,2.00,3.00
11/02/2022 ,16:06:08 ,1,100,100,0,0,26.88,16.85,2.00,2.00
11/02/2022 ,16:06:09 ,1,100,100,0,0,20.27,17.34,2.00,2.00
11/02/2022 ,16:06:10 ,1,100,100,0,0,36.05,17.46,1.00,1.00
11/02/2022 ,16:06:11 ,1,100,100,0,0,30.06,17.95,2.00,2.00
11/02/2022 ,16:06:12 ,1,100,100,0,0,31.89,17.83,2.00,2.00
11/02/2022 ,16:06:13 ,1,100,100,0,0,39.84,17.83,1.00,1.00
11/02/2022 ,16:06:14 ,1,100,100,0,0,25.29,16.72,1.00,2.00
11/02/2022 ,16:06:15 ,1,100,100,0,0,17.58,16.85,1.00,2.00
11/02/2022 ,16:06:16 ,1,100,100,0,0,31.65,17.09,2.00,2.00
11/02/2022 ,16:06:17 ,1,100,100,0,0,16.24,16.85,2.00,2.00
11/02/2022 ,16:06:18 ,1,100,100,0,0,21.37,17.70,1.00,1.00
11/02/2022 ,16:06:19 ,1,100,100,0,0,35.07,17.95,2.00,1.00
11/02/2022 ,16:06:20 ,1,100,100,0,0,30.18,17.70,1.00,2.00
11/02/2022 ,16:06:21 ,1,100,100,0,0,32.26,17.58,2.00,1.00
11/02/2022 ,16:06:22 ,1,100,100,0,0,32.99,17.70,1.00,2.00
11/02/2022 ,16:06:23 ,1,100,100,0,0,22.23,17.83,1.00,2.00
11/02/2022 ,16:06:24 ,1,100,100,0,0,31.03,17.21,1.00,1.00
11/02/2022 ,16:06:25 ,1,100,100,0,0,31.40,16.72,1.00,1.00
11/02/2022 ,16:06:26 ,1,100,100,0,0,16.72,16.97,1.00,1.00
11/02/2022 ,16:06:27 ,1,100,100,0,0,37.64,17.70,1.00,1.00
11/02/2022 ,16:06:28 ,1,100,100,0,0,35.07,17.58,1.00,1.00
11/02/2022 ,16:06:29 ,1,100,100,0,0,22.47,17.83,1.00,1.00
11/02/2022 ,16:06:30 ,1,100,100,0,0,32.38,17.70,1.00,1.00
11/02/2022 ,16:06:31 ,1,100,100,0,0,31.89,17.58,2.00,1.00
11/02/2022 ,16:06:32 ,1,100,100,0,0,17.70,17.09,2.00,1.00
11/02/2022 ,16:06:33 ,1,100,100,0,0,31.65,17.09,1.00,1.00
11/02/2022 ,16:06:34 ,1,100,100,0,0,27.36,16.85,1.00,1.00
11/02/2022 ,16:06:35 ,1,100,100,0,0,17.83,17.09,2.00,2.00
11/02/2022 ,16:06:36 ,1,100,100,0,0,38.98,16.60,1.00,1.00
11/02/2022 ,16:06:37 ,1,100,100,0,0,28.71,16.85,2.00,1.00
11/02/2022 ,16:06:38 ,1,100,100,0,0,22.35,17.21,1.00,2.00
11/02/2022 ,16:06:39 ,1,100,100,0,0,36.05,16.97,2.00,1.00
11/02/2022 ,16:06:40 ,1,100,100,0,0,30.06,17.83,1.00,1.00
11/02/2022 ,16:06:41 ,1,100,100,0,0,18.56,16.85,1.00,2.00
11/02/2022 ,16:06:42 ,1,100,100,0,0,32.62,16.60,1.00,2.00
11/02/2022 ,16:06:43 ,1,100,100,0,0,28.59,16.85,0.00,1.00
11/02/2022 ,16:06:44 ,1,100,100,0,0,26.02,16.85,1.00,1.00
11/02/2022 ,16:06:45 ,1,100,100,0,0,38.74,16.85,0.00,2.00
11/02/2022 ,16:06:46 ,1,100,100,0,0,27.61,16.85,1.00,2.00
11/02/2022 ,16:06:47 ,1,100,100,0,0,32.13,17.83,2.00,0.00
11/02/2022 ,16:06:48 ,1,100,100,0,0,32.75,17.58,2.00,1.00
11/02/2022 ,16:06:49 ,1,100,100,0,0,17.46,17.70,1.00,1.00
11/02/2022 ,16:06:50 ,1,100,100,0,0,18.93,17.58,1.00,1.00
11/02/2022 ,16:06:51 ,1,100,100,0,0,32.99,18.07,3.00,0.00
11/02/2022 ,16:06:52 ,1,100,100,0,0,19.05,17.70,1.00,1.00
11/02/2022 ,16:06:53 ,1,100,100,0,0,29.20,17.46,1.00,2.00
11/02/2022 ,16:06:54 ,1,100,100,0,0,35.80,17.46,1.00,1.00
11/02/2022 ,16:06:55 ,1,100,100,0,0,27.12,17.58,1.00,2.00
11/02/2022 ,16:06:56 ,1,100,100,0,0,31.16,17.95,1.00,1.00
11/02/2022 ,16:06:57 ,1,100,100,0,0,27.73,17.70,1.00,1.00
11/02/2022 ,16:06:58 ,1,100,100,0,0,16.97,17.46,0.00,1.00
11/02/2022 ,16:06:59 ,1,100,100,0,0,33.24,17.83,1.00,1.00
11/02/2022 ,16:07:00 ,1,100,100,0,0,33.60,17.70,1.00,1.00
11/02/2022 ,16:07:01 ,1,100,100,0,0,19.66,17.21,1.00,1.00
11/02/2022 ,16:07:02 ,1,100,100,0,0,38.37,17.34,0.00,1.00
11/02/2022 ,16:07:03 ,1,100,100,0,0,35.44,16.72,1.00,1.00
11/02/2022 ,16:07:04 ,1,100,100,0,0,20.03,16.97,1.00,1.00
11/02/2022 ,16:07:05 ,1,100,100,0,0,30.54,16.85,0.00,0.00
11/02/2022 ,16:07:06 ,1,100,100,0,0,28.10,16.72,1.00,0.00
11/02/2022 ,16:07:07 ,1,100,100,0,0,19.17,17.09,0.00,1.00
11/02/2022 ,16:07:08 ,1,100,100,0,0,35.56,17.21,1.00,1.00
11/02/2022 ,16:07:09 ,1,100,100,0,0,29.57,17.34,2.00,1.00
11/02/2022 ,16:07:10 ,1,100,100,0,0,20.27,16.97,1.00,1.00
11/02/2022 ,16:07:11 ,1,100,100,0,0,38.13,16.85,1.00,1.00
11/02/2022 ,16:07:13 ,1,100,100,0,0,26.26,16.72,1.00,1.00
11/02/2022 ,16:07:14 ,1,100,100,0,0,18.80,16.48,1.00,2.00
11/02/2022 ,16:07:15 ,1,100,100,0,0,31.77,16.85,42.00,53.00
11/02/2022 ,16:07:16 ,1,100,100,0,0,26.75,17.09,44.00,55.00
11/02/2022 ,16:07:17 ,1,100,100,0,0,20.39,17.34,49.00,61.00
11/02/2022 ,16:07:18 ,1,100,100,0,0,35.44,17.83,54.00,68.00
11/02/2022 ,16:07:19 ,1,100,100,0,0,30.18,17.95,45.00,58.00
11/02/2022 ,16:07:20 ,1,100,100,0,0,32.75,17.83,43.00,56.00
11/02/2022 ,16:07:21 ,1,100,100,0,0,38.00,17.83,23.00,27.00
11/02/2022 ,16:07:22 ,1,100,100,0,0,22.35,17.83,19.00,22.00
11/02/2022 ,16:07:23 ,1,100,100,0,0,30.30,16.72,17.00,21.00
11/02/2022 ,16:07:24 ,1,100,100,0,0,31.52,17.58,16.00,19.00
11/02/2022 ,16:07:25 ,1,100,100,0,0,16.85,17.70,15.00,18.00
11/02/2022 ,16:07:26 ,1,100,100,0,0,22.96,17.95,14.00,17.00
11/02/2022 ,16:07:27 ,1,100,100,0,0,34.83,17.83,14.00,15.00
11/02/2022 ,16:07:28 ,1,100,100,0,0,21.86,17.58,13.00,15.00
11/02/2022 ,16:07:29 ,1,100,100,0,0,33.11,17.95,11.00,13.00
11/02/2022 ,16:07:30 ,1,100,100,0,0,32.01,17.58,10.00,12.00
11/02/2022 ,16:07:31 ,1,100,100,0,0,20.76,17.70,9.00,11.00
11/02/2022 ,16:07:32 ,1,100,100,0,0,31.16,17.34,10.00,11.00
11/02/2022 ,16:07:33 ,1,100,100,0,0,27.24,16.60,7.00,10.00
11/02/2022 ,16:07:34 ,1,100,100,0,0,17.34,17.09,9.00,9.00
11/02/2022 ,16:07:35 ,1,100,100,0,0,38.74,16.85,7.00,8.00
11/02/2022 ,16:07:36 ,1,100,100,0,0,35.44,17.95,7.00,8.00
11/02/2022 ,16:07:37 ,1,100,100,0,0,22.47,17.58,7.00,7.00
11/02/2022 ,16:07:38 ,1,100,100,0,0,36.29,17.34,5.00,9.00
11/02/2022 ,16:07:39 ,1,100,100,0,0,30.79,17.58,6.00,6.00
11/02/2022 ,16:07:40 ,1,100,100,0,0,17.70,16.72,5.00,5.00
11/02/2022 ,16:07:41 ,1,100,100,0,0,32.26,16.97,5.00,6.00
11/02/2022 ,16:07:42 ,1,100,100,0,0,27.73,16.85,4.00,5.00
11/02/2022 ,16:07:43 ,1,100,100,0,0,27.12,16.72,5.00,4.00
11/02/2022 ,16:07:44 ,1,100,100,0,0,39.59,16.97,4.00,4.00
11/02/2022 ,16:07:45 ,1,100,100,0,0,28.10,17.09,4.00,5.00
11/02/2022 ,16:07:46 ,1,100,100,0,0,21.98,17.58,3.00,4.00
11/02/2022 ,16:07:47 ,1,100,100,0,0,34.58,17.95,3.00,4.00
11/02/2022 ,16:07:48 ,1,100,100,0,0,18.68,17.70,4.00,4.00
11/02/2022 ,16:07:49 ,1,100,100,0,0,19.17,17.95,3.00,4.00
11/02/2022 ,16:07:50 ,1,100,100,0,0,33.11,16.85,2.00,3.00
11/02/2022 ,16:07:51 ,1,100,100,0,0,29.44,16.72,3.00,4.00
11/02/2022 ,16:07:52 ,1,100,100,0,0,28.22,16.85,3.00,4.00
11/02/2022 ,16:07:53 ,1,100,100,0,0,35.80,17.09,2.00,3.00
11/02/2022 ,16:07:54 ,1,100,100,0,0,27.36,17.34,1.00,3.00
11/02/2022 ,16:07:55 ,1,100,100,0,0,31.28,17.70,3.00,2.00
11/02/2022 ,16:07:56 ,1,100,100,0,0,32.50,17.95,2.00,2.00
11/02/2022 ,16:07:57 ,1,100,100,0,0,16.97,17.95,1.00,3.00
11/02/2022 ,16:07:58 ,1,100,100,0,0,34.58,18.07,2.00,3.00
11/02/2022 ,16:07:59 ,1,100,100,0,0,34.21,18.07,3.00,2.00
11/02/2022 ,16:08:00 ,1,100,100,0,0,19.78,17.58,1.00,2.00
11/02/2022 ,16:08:01 ,1,100,100,0,0,30.54,17.58,1.00,2.00
11/02/2022 ,16:08:02 ,1,100,100,0,0,36.05,16.97,1.00,2.00
11/02/2022 ,16:08:03 ,1,100,100,0,0,19.54,17.58,2.00,2.00
11/02/2022 ,16:08:04 ,1,100,100,0,0,31.28,18.19,2.00,2.00
11/02/2022 ,16:08:05 ,1,100,100,0,0,28.10,17.83,1.00,2.00
11/02/2022 ,16:08:06 ,1,100,100,0,0,15.87,17.95,2.00,1.00
11/02/2022 ,16:08:07 ,1,100,100,0,0,35.31,17.70,2.00,2.00
11/02/2022 ,16:08:08 ,1,100,100,0,0,29.93,17.34,1.00,2.00
11/02/2022 ,16:08:09 ,1,100,100,0,0,20.76,17.09,1.00,2.00
11/02/2022 ,16:08:10 ,1,100,100,0,0,38.74,16.97,1.00,1.00
11/02/2022 ,16:08:11 ,1,100,100,0,0,36.05,16.72,2.00,1.00
11/02/2022 ,16:08:12 ,1,100,100,0,0,18.31,16.60,2.00,1.00
11/02/2022 ,16:08:13 ,1,100,100,0,0,32.75,16.85,1.00,1.00
11/02/2022 ,16:08:14 ,1,100,100,0,0,27.12,17.21,2.00,1.00
11/02/2022 ,16:08:15 ,1,100,100,0,0,21.62,17.46,1.00,1.00
11/02/2022 ,16:08:16 ,1,100,100,0,0,36.17,17.83,1.00,1.00
11/02/2022 ,16:08:17 ,1,100,100,0,0,30.06,16.85,0.00,2.00
11/02/2022 ,16:08:18 ,1,100,100,0,0,32.62,16.72,1.00,1.00
11/02/2022 ,16:08:19 ,1,100,100,0,0,38.37,16.72,1.00,2.00
11/02/2022 ,16:08:20 ,1,100,100,0,0,23.82,16.85,41.00,36.00
11/02/2022 ,16:08:21 ,1,100,100,0,0,17.21,16.85,50.00,44.00
11/02/2022 ,16:08:22 ,1,100,100,0,0,32.38,17.34,52.00,45.00
11/02/2022 ,16:08:23 ,1,100,100,0,0,17.58,17.21,56.00,50.00
11/02/2022 ,16:08:24 ,1,100,100,0,0,23.33,17.58,63.00,54.00
11/02/2022 ,16:08:25 ,1,100,100,0,0,35.68,17.95,57.00,49.00
11/02/2022 ,16:08:26 ,1,100,100,0,0,30.06,17.58,48.00,43.00
11/02/2022 ,16:08:27 ,1,100,100,0,0,32.75,18.31,24.00,22.00
11/02/2022 ,16:08:28 ,1,100,100,0,0,32.62,17.95,22.00,21.00
11/02/2022 ,16:08:29 ,1,100,100,0,0,21.86,17.70,20.00,19.00
11/02/2022 ,16:08:30 ,1,100,100,0,0,30.91,17.58,20.00,17.00
11/02/2022 ,16:08:31 ,1,100,100,0,0,32.38,17.34,18.00,17.00
11/02/2022 ,16:08:32 ,1,100,100,0,0,17.95,18.07,17.00,16.00
11/02/2022 ,16:08:33 ,1,100,100,0,0,38.25,17.95,16.00,14.00
11/02/2022 ,16:08:34 ,1,100,100,0,0,35.31,17.83,14.00,13.00
11/02/2022 ,16:08:35 ,1,100,100,0,0,22.72,17.58,13.00,13.00
11/02/2022 ,16:08:36 ,1,100,100,0,0,32.13,17.70,13.00,11.00
11/02/2022 ,16:08:37 ,1,100,100,0,0,30.67,17.46,12.00,11.00
11/02/2022 ,16:08:38 ,1,100,100,0,0,18.31,17.21,11.00,10.00
11/02/2022 ,16:08:39 ,1,100,100,0,0,32.01,17.21,11.00,11.00
11/02/2022 ,16:08:40 ,1,100,100,0,0,28.10,16.85,10.00,9.00
11/02/2022 ,16:08:41 ,1,100,100,0,0,18.19,16.85,12.00,9.00
11/02/2022 ,16:08:42 ,1,100,100,0,0,38.74,16.72,9.00,8.00
11/02/2022 ,16:08:43 ,1,100,100,0,0,28.95,16.85,8.00,5.00
11/02/2022 ,16:08:44 ,1,100,100,0,0,23.21,17.34,9.00,7.00
11/02/2022 ,16:08:45 ,1,100,100,0,0,34.34,17.09,8.00,6.00
11/02/2022 ,16:08:46 ,1,100,100,0,0,29.20,16.97,8.00,8.00
11/02/2022 ,16:08:47 ,1,100,100,0,0,18.56,16.72,6.00,6.00
11/02/2022 ,16:08:48 ,1,100,100,0,0,33.36,16.97,6.00,6.00
11/02/2022 ,16:08:49 ,1,100,100,0,0,28.71,16.85,5.00,5.00
11/02/2022 ,16:08:50 ,1,100,100,0,0,27.49,16.85,6.00,5.00
11/02/2022 ,16:08:51 ,1,100,100,0,0,39.59,17.34,6.00,6.00
11/02/2022 ,16:08:52 ,1,100,100,0,0,27.36,17.58,5.00,4.00
11/02/2022 ,16:08:53 ,1,100,100,0,0,32.13,17.58,5.00,4.00
11/02/2022 ,16:08:54 ,1,100,100,0,0,33.85,18.07,4.00,4.00
11/02/2022 ,16:08:55 ,1,100,100,0,0,17.21,17.83,4.00,4.00
11/02/2022 ,16:08:56 ,1,100,100,0,0,19.78,18.19,4.00,3.00
11/02/2022 ,16:08:57 ,1,100,100,0,0,34.21,17.95,4.00,3.00
11/02/2022 ,16:08:58 ,1,100,100,0,0,19.17,16.97,3.00,3.00
11/02/2022 ,16:08:59 ,1,100,100,0,0,29.93,17.34,4.00,5.00
11/02/2022 ,16:09:00 ,1,100,100,0,0,36.41,17.21,3.00,4.00
11/02/2022 ,16:09:01 ,1,100,100,0,0,26.75,17.70,3.00,3.00
11/02/2022 ,16:09:02 ,1,100,100,0,0,31.65,18.07,3.00,3.00
11/02/2022 ,16:09:03 ,1,100,100,0,0,27.49,17.70,2.00,3.00
11/02/2022 ,16:09:04 ,1,100,100,0,0,16.85,17.95,3.00,3.00
11/02/2022 ,16:09:05 ,1,100,100,0,0,34.09,17.95,3.00,3.00
11/02/2022 ,16:09:06 ,1,100,100,0,0,35.07,17.70,2.00,1.00
11/02/2022 ,16:09:07 ,1,100,100,0,0,20.52,17.21,2.00,2.00
11/02/2022 ,16:09:08 ,1,100,100,0,0,38.98,16.85,2.00,2.00
11/02/2022 ,16:09:09 ,1,100,100,0,0,35.19,17.34,2.00,2.00
11/02/2022 ,16:09:10 ,1,100,100,0,0,19.54,16.85,3.00,2.00
11/02/2022 ,16:09:11 ,1,100,100,0,0,30.79,16.60,2.00,3.00
11/02/2022 ,16:09:12 ,1,100,100,0,0,28.34,17.95,1.00,2.00
11/02/2022 ,16:09:13 ,1,100,100,0,0,20.52,17.83,1.00,2.00
11/02/2022 ,16:09:14 ,1,100,100,0,0,36.05,17.70,2.00,1.00
11/02/2022 ,16:09:15 ,1,100,100,0,0,29.93,16.97,1.00,3.00
11/02/2022 ,16:09:16 ,1,100,100,0,0,21.13,16.97,1.00,1.00
11/02/2022 ,16:09:17 ,1,100,100,0,0,39.23,16.97,1.00,1.00
11/02/2022 ,16:09:18 ,1,100,100,0,0,24.55,16.72,2.00,2.00
11/02/2022 ,16:09:19 ,1,100,100,0,0,19.29,16.85,1.00,1.00
11/02/2022 ,16:09:20 ,1,100,100,0,0,32.13,16.85,2.00,2.00
11/02/2022 ,16:09:21 ,1,100,100,0,0,27.24,17.34,1.00,1.00
11/02/2022 ,16:09:22 ,1,100,100,0,0,22.35,17.21,2.00,2.00
11/02/2022 ,16:09:23 ,1,100,100,0,0,34.70,17.83,2.00,1.00
11/02/2022 ,16:09:24 ,1,100,100,0,0,29.81,17.70,1.00,1.00
11/02/2022 ,16:09:25 ,1,100,100,0,0,33.72,18.19,1.00,1.00
11/02/2022 ,16:09:26 ,1,100,100,0,0,37.76,16.85,2.00,1.00
11/02/2022 ,16:09:27 ,1,100,100,0,0,21.98,16.85,0.00,1.00
11/02/2022 ,16:09:28 ,1,100,100,0,0,31.16,17.34,1.00,1.00
11/02/2022 ,16:09:29 ,1,100,100,0,0,31.16,17.21,0.00,2.00
11/02/2022 ,16:09:30 ,1,100,100,0,0,17.21,17.46,2.00,2.00
11/02/2022 ,16:09:31 ,1,100,100,0,0,23.45,17.83,0.00,1.00
11/02/2022 ,16:09:32 ,1,100,100,0,0,35.44,17.95,2.00,0.00
11/02/2022 ,16:09:33 ,1,100,100,0,0,22.35,17.70,1.00,1.00
11/02/2022 ,16:09:34 ,1,100,100,0,0,33.11,17.83,2.00,0.00
11/02/2022 ,16:09:35 ,1,100,100,0,0,32.13,17.95,1.00,1.00
11/02/2022 ,16:09:36 ,1,100,100,0,0,20.27,17.46,1.00,2.00
11/02/2022 ,16:09:37 ,1,100,100,0,0,31.40,17.09,1.00,1.00
11/02/2022 ,16:09:38 ,1,100,100,0,0,28.10,16.97,2.00,0.00
11/02/2022 ,16:09:39 ,1,100,100,0,0,17.70,17.95,1.00,1.00
11/02/2022 ,16:09:40 ,1,100,100,0,0,38.74,18.07,1.00,1.00
11/02/2022 ,16:09:41 ,1,100,100,0,0,34.95,18.19,1.00,2.00
11/02/2022 ,16:09:42 ,1,100,100,0,0,22.35,17.58,2.00,1.00
11/02/2022 ,16:09:43 ,1,100,100,0,0,36.05,17.70,1.00,1.00
11/02/2022 ,16:09:44 ,1,100,100,0,0,30.42,17.34,0.00,1.00
11/02/2022 ,16:09:45 ,1,100,100,0,0,18.19,17.34,1.00,2.00
11/02/2022 ,16:09:46 ,1,100,100,0,0,32.75,16.97,1.00,1.00
11/02/2022 ,16:09:47 ,1,100,100,0,0,28.59,16.97,0.00,1.00
11/02/2022 ,16:09:48 ,1,100,100,0,0,27.00,16.60,5.00,34.00
11/02/2022 ,16:09:49 ,1,100,100,0,0,39.47,17.46,41.00,56.00
11/02/2022 ,16:09:50 ,1,100,100,0,0,28.22,17.21,44.00,57.00
11/02/2022 ,16:09:51 ,1,100,100,0,0,22.84,17.34,49.00,63.00
11/02/2022 ,16:09:52 ,1,100,100,0,0,34.46,18.19,55.00,70.00
11/02/2022 ,16:09:53 ,1,100,100,0,0,18.56,17.09,43.00,55.00
11/02/2022 ,16:09:54 ,1,100,100,0,0,19.29,17.46,42.00,52.00
11/02/2022 ,16:09:55 ,1,100,100,0,0,32.99,17.09,19.00,23.00
11/02/2022 ,16:09:56 ,1,100,100,0,0,28.83,16.97,17.00,22.00
11/02/2022 ,16:09:57 ,1,100,100,0,0,27.73,17.21,16.00,21.00
11/02/2022 ,16:09:58 ,1,100,100,0,0,36.05,17.46,15.00,18.00
11/02/2022 ,16:09:59 ,1,100,100,0,0,27.61,17.58,14.00,17.00
11/02/2022 ,16:10:00 ,1,100,100,0,0,31.28,18.31,13.00,16.00
11/02/2022 ,16:10:01 ,1,100,100,0,0,32.50,18.07,13.00,16.00
11/02/2022 ,16:10:02 ,1,100,100,0,0,17.46,18.31,11.00,14.00
11/02/2022 ,16:10:03 ,1,100,100,0,0,33.85,18.44,11.00,11.00
11/02/2022 ,16:10:04 ,1,100,100,0,0,34.83,18.19,10.00,12.00
11/02/2022 ,16:10:05 ,1,100,100,0,0,20.52,17.83,8.00,10.00
11/02/2022 ,16:10:06 ,1,100,100,0,0,30.54,17.46,8.00,10.00
11/02/2022 ,16:10:07 ,1,100,100,0,0,35.93,17.95,8.00,11.00
11/02/2022 ,16:10:08 ,1,100,100,0,0,19.05,18.07,7.00,9.00
11/02/2022 ,16:10:09 ,1,100,100,0,0,31.40,18.31,7.00,8.00
11/02/2022 ,16:10:10 ,1,100,100,0,0,28.83,18.19,6.00,8.00
11/02/2022 ,16:10:11 ,1,100,100,0,0,16.36,18.19,7.00,7.00
11/02/2022 ,16:10:12 ,1,100,100,0,0,34.95,18.19,6.00,7.00
11/02/2022 ,16:10:13 ,1,100,100,0,0,30.06,17.46,6.00,6.00
11/02/2022 ,16:10:14 ,1,100,100,0,0,21.01,17.58,5.00,6.00
11/02/2022 ,16:10:15 ,1,100,100,0,0,39.11,17.34,5.00,5.00
11/02/2022 ,16:10:16 ,1,100,100,0,0,35.93,17.21,3.00,3.00
11/02/2022 ,16:10:17 ,1,100,100,0,0,18.07,16.85,4.00,3.00
11/02/2022 ,16:10:18 ,1,100,100,0,0,32.38,17.21,4.00,5.00
11/02/2022 ,16:10:19 ,1,100,100,0,0,27.24,17.58,2.00,4.00
11/02/2022 ,16:10:20 ,1,100,100,0,0,21.13,17.58,2.00,2.00
11/02/2022 ,16:10:21 ,1,100,100,0,0,36.41,17.95,3.00,4.00
11/02/2022 ,16:10:22 ,1,100,100,0,0,29.93,17.46,2.00,4.00
11/02/2022 ,16:10:23 ,1,100,100,0,0,31.65,17.34,3.00,4.00
11/02/2022 ,16:10:24 ,1,100,100,0,0,39.84,17.21,4.00,4.00
11/02/2022 ,16:10:25 ,1,100,100,0,0,24.92,16.97,2.00,3.00
11/02/2022 ,16:10:26 ,1,100,100,0,0,17.34,17.34,2.00,3.00
11/02/2022 ,16:10:27 ,1,100,100,0,0,31.89,17.70,2.00,2.00
11/02/2022 ,16:10:28 ,1,100,100,0,0,17.58,17.95,2.00,2.00
11/02/2022 ,16:10:29 ,1,100,100,0,0,24.18,18.19,2.00,3.00
11/02/2022 ,16:10:30 ,1,100,100,0,0,35.44,18.19,1.00,2.00
11/02/2022 ,16:10:31 ,1,100,100,0,0,30.30,18.31,2.00,2.00
11/02/2022 ,16:10:32 ,1,100,100,0,0,33.11,18.19,2.00,2.00
11/02/2022 ,16:10:33 ,1,100,100,0,0,33.85,17.95,2.00,2.00
11/02/2022 ,16:10:34 ,1,100,100,0,0,23.08,17.34,2.00,1.00
11/02/2022 ,16:10:35 ,1,100,100,0,0,31.40,17.70,1.00,1.00
11/02/2022 ,16:10:36 ,1,100,100,0,0,32.26,18.07,3.00,2.00
11/02/2022 ,16:10:37 ,1,100,100,0,0,17.95,18.07,1.00,2.00
11/02/2022 ,16:10:38 ,1,100,100,0,0,38.37,18.31,1.00,1.00
11/02/2022 ,16:10:39 ,1,100,100,0,0,34.70,18.19,1.00,2.00
11/02/2022 ,16:10:40 ,1,100,100,0,0,22.35,18.19,1.00,2.00
11/02/2022 ,16:10:41 ,1,100,100,0,0,32.01,17.95,1.00,1.00
11/02/2022 ,16:10:42 ,1,100,100,0,0,31.03,17.83,1.00,1.00
11/02/2022 ,16:10:43 ,1,100,100,0,0,19.17,17.95,1.00,2.00
11/02/2022 ,16:10:44 ,1,100,100,0,0,32.62,17.46,2.00,2.00
11/02/2022 ,16:10:45 ,1,100,100,0,0,28.34,17.21,1.00,2.00
11/02/2022 ,16:10:46 ,1,100,100,0,0,18.07,16.97,1.00,2.00
11/02/2022 ,16:10:47 ,1,100,100,0,0,38.86,17.34,1.00,2.00
11/02/2022 ,16:10:48 ,1,100,100,0,0,28.83,18.44,2.00,1.00
11/02/2022 ,16:10:49 ,1,100,100,0,0,23.45,18.07,1.00,2.00
11/02/2022 ,16:10:50 ,1,100,100,0,0,35.31,17.95,1.00,1.00
11/02/2022 ,16:10:51 ,1,100,100,0,0,30.30,17.46,1.00,1.00
11/02/2022 ,16:10:52 ,1,100,100,0,0,19.42,17.83,1.00,1.00
11/02/2022 ,16:10:53 ,1,100,100,0,0,33.60,17.09,1.00,0.00
11/02/2022 ,16:10:54 ,1,100,100,0,0,29.44,17.21,1.00,1.00
11/02/2022 ,16:10:55 ,1,100,100,0,0,27.61,17.58,1.00,1.00
11/02/2022 ,16:10:56 ,1,100,100,0,0,40.08,17.70,2.00,1.00
11/02/2022 ,16:10:57 ,1,100,100,0,0,28.34,17.70,1.00,1.00
11/02/2022 ,16:10:58 ,1,100,100,0,0,32.38,18.44,1.00,1.00
11/02/2022 ,16:10:59 ,1,100,100,0,0,33.72,18.19,2.00,0.00
11/02/2022 ,16:11:00 ,1,100,100,0,0,18.44,18.68,1.00,2.00
11/02/2022 ,16:11:01 ,1,100,100,0,0,20.15,17.46,1.00,3.00
11/02/2022 ,16:11:02 ,1,100,100,0,0,34.70,17.58,1.00,0.00
11/02/2022 ,16:11:03 ,1,100,100,0,0,19.66,17.46,1.00,1.00
11/02/2022 ,16:11:04 ,1,100,100,0,0,29.08,17.70,0.00,1.00
11/02/2022 ,16:11:05 ,1,100,100,0,0,35.68,18.44,1.00,2.00
11/02/2022 ,16:11:06 ,1,100,100,0,0,27.98,18.19,1.00,1.00
11/02/2022 ,16:11:07 ,1,100,100,0,0,31.77,18.31,2.00,0.00
11/02/2022 ,16:11:08 ,1,100,100,0,0,28.71,18.44,1.00,1.00
11/02/2022 ,16:11:09 ,1,100,100,0,0,17.46,18.07,0.00,0.00
11/02/2022 ,16:11:10 ,1,100,100,0,0,34.95,18.31,2.00,1.00
11/02/2022 ,16:11:11 ,1,100,100,0,0,34.70,17.95,1.00,2.00
11/02/2022 ,16:11:12 ,1,100,100,0,0,20.64,18.19,1.00,1.00
11/02/2022 ,16:11:13 ,1,100,100,0,0,38.98,17.58,1.00,1.00
11/02/2022 ,16:11:14 ,1,100,100,0,0,35.80,17.09,2.00,0.00
11/02/2022 ,16:11:15 ,1,100,100,0,0,20.27,18.31,1.00,2.00
11/02/2022 ,16:11:16 ,1,100,100,0,0,31.03,18.68,1.00,1.00
11/02/2022 ,16:11:17 ,1,100,100,0,0,27.61,18.44,0.00,0.00
11/02/2022 ,16:11:18 ,1,100,100,0,0,19.29,18.19,1.00,1.00
11/02/2022 ,16:11:19 ,1,100,100,0,0,35.19,18.07,1.00,1.00
11/02/2022 ,16:11:20 ,1,100,100,0,0,30.18,17.46,1.00,1.00
11/02/2022 ,16:11:21 ,1,100,100,0,0,22.11,17.58,1.00,2.00
11/02/2022 ,16:11:22 ,1,100,100,0,0,39.59,17.46,45.00,40.00
11/02/2022 ,16:11:23 ,1,100,100,0,0,26.51,17.46,48.00,43.00
11/02/2022 ,16:11:24 ,1,100,100,0,0,18.44,17.46,51.00,45.00
11/02/2022 ,16:11:25 ,1,100,100,0,0,31.65,17.83,58.00,51.00
11/02/2022 ,16:11:26 ,1,100,100,0,0,28.47,18.07,62.00,55.00
11/02/2022 ,16:11:27 ,1,100,100,0,0,22.84,18.44,50.00,44.00
11/02/2022 ,16:11:28 ,1,100,100,0,0,35.93,18.19,47.00,42.00
11/02/2022 ,16:11:29 ,1,100,100,0,0,30.54,17.34,23.00,20.00
11/02/2022 ,16:11:30 ,1,100,100,0,0,32.62,17.58,21.00,18.00
11/02/2022 ,16:11:31 ,1,100,100,0,0,38.74,17.46,19.00,18.00
11/02/2022 ,16:11:32 ,1,100,100,0,0,24.06,17.34,18.00,17.00
11/02/2022 ,16:11:33 ,1,100,100,0,0,30.42,17.58,17.00,16.00
11/02/2022 ,16:11:34 ,1,100,100,0,0,31.03,18.07,15.00,14.00
11/02/2022 ,16:11:35 ,1,100,100,0,0,18.07,18.07,15.00,13.00
11/02/2022 ,16:11:36 ,1,100,100,0,0,24.55,18.19,14.00,16.00
11/02/2022 ,16:11:37 ,1,100,100,0,0,36.90,18.80,12.00,12.00
11/02/2022 ,16:11:38 ,1,100,100,0,0,22.72,18.44,11.00,11.00
11/02/2022 ,16:11:39 ,1,100,100,0,0,34.46,18.44,12.00,12.00
11/02/2022 ,16:11:40 ,1,100,100,0,0,32.62,18.56,11.00,10.00
11/02/2022 ,16:11:41 ,1,100,100,0,0,21.62,18.44,11.00,9.00
11/02/2022 ,16:11:42 ,1,100,100,0,0,32.13,17.70,10.00,9.00
11/02/2022 ,16:11:43 ,1,100,100,0,0,27.85,18.44,9.00,8.00
11/02/2022 ,16:11:44 ,1,100,100,0,0,18.68,18.56,8.00,8.00
11/02/2022 ,16:11:45 ,1,100,100,0,0,39.47,18.80,8.00,8.00
11/02/2022 ,16:11:46 ,1,100,100,0,0,35.93,18.80,7.00,7.00
11/02/2022 ,16:11:47 ,1,100,100,0,0,23.33,18.44,7.00,6.00
11/02/2022 ,16:11:48 ,1,100,100,0,0,37.03,18.68,7.00,6.00
11/02/2022 ,16:11:49 ,1,100,100,0,0,31.03,17.83,6.00,7.00
11/02/2022 ,16:11:50 ,1,100,100,0,0,18.44,17.58,6.00,5.00
11/02/2022 ,16:11:51 ,1,100,100,0,0,32.01,17.58,5.00,4.00
11/02/2022 ,16:11:52 ,1,100,100,0,0,28.83,17.34,5.00,5.00
11/02/2022 ,16:11:53 ,1,100,100,0,0,26.63,17.58,4.00,4.00
11/02/2022 ,16:11:54 ,1,100,100,0,0,39.96,17.58,4.00,4.00
11/02/2022 ,16:11:55 ,1,100,100,0,0,28.47,17.95,4.00,4.00
11/02/2022 ,16:11:56 ,1,100,100,0,0,22.96,18.80,4.00,4.00
11/02/2022 ,16:11:57 ,1,100,100,0,0,36.05,17.70,3.00,3.00
11/02/2022 ,16:11:58 ,1,100,100,0,0,19.90,17.70,4.00,4.00
11/02/2022 ,16:11:59 ,1,100,100,0,0,20.15,17.58,4.00,4.00
11/02/2022 ,16:12:00 ,1,100,100,0,0,33.36,17.58,4.00,4.00
11/02/2022 ,16:12:01 ,1,100,100,0,0,29.81,17.34,3.00,3.00
11/02/2022 ,16:12:02 ,1,100,100,0,0,28.71,17.83,3.00,3.00
11/02/2022 ,16:12:03 ,1,100,100,0,0,36.78,18.07,3.00,3.00
11/02/2022 ,16:12:04 ,1,100,100,0,0,27.49,17.95,3.00,3.00
11/02/2022 ,16:12:05 ,1,100,100,0,0,33.24,18.56,3.00,2.00
11/02/2022 ,16:12:06 ,1,100,100,0,0,35.31,18.56,3.00,2.00
11/02/2022 ,16:12:07 ,1,100,100,0,0,19.05,18.56,2.00,2.00
11/02/2022 ,16:12:08 ,1,100,100,0,0,33.97,18.44,3.00,3.00
11/02/2022 ,16:12:09 ,1,100,100,0,0,34.58,18.31,1.00,1.00
11/02/2022 ,16:12:10 ,1,100,100,0,0,19.54,17.95,2.00,2.00
11/02/2022 ,16:12:11 ,1,100,100,0,0,29.69,18.19,2.00,1.00
11/02/2022 ,16:12:12 ,1,100,100,0,0,35.68,18.44,2.00,2.00
11/02/2022 ,16:12:13 ,1,100,100,0,0,20.03,18.80,2.00,2.00
11/02/2022 ,16:12:14 ,1,100,100,0,0,31.77,19.05,1.00,2.00
11/02/2022 ,16:12:15 ,1,100,100,0,0,29.20,18.68,2.00,1.00
11/02/2022 ,16:12:16 ,1,100,100,0,0,17.21,18.80,2.00,1.00
11/02/2022 ,16:12:17 ,1,100,100,0,0,35.44,19.29,2.00,2.00
11/02/2022 ,16:12:18 ,1,100,100,0,0,30.54,18.44,2.00,2.00
11/02/2022 ,16:12:19 ,1,100,100,0,0,22.11,18.80,2.00,2.00
11/02/2022 ,16:12:20 ,1,100,100,0,0,41.80,18.93,2.00,1.00
11/02/2022 ,16:12:21 ,1,100,100,0,0,36.78,19.17,2.00,1.00
11/02/2022 ,16:12:22 ,1,100,100,0,0,19.90,18.56,42.00,55.00
11/02/2022 ,16:12:23 ,1,100,100,0,0,33.24,19.54,44.00,56.00
11/02/2022 ,16:12:24 ,1,100,100,0,0,29.44,19.78,49.00,63.00
11/02/2022 ,16:12:25 ,1,100,100,0,0,21.49,19.05,54.00,70.00
11/02/2022 ,16:12:26 ,1,100,100,0,0,37.15,18.68,43.00,55.00
11/02/2022 ,16:12:27 ,1,100,100,0,0,31.40,18.56,41.00,53.00
11/02/2022 ,16:12:28 ,1,100,100,0,0,32.99,17.83,19.00,23.00
11/02/2022 ,16:12:29 ,1,100,100,0,0,40.70,17.95,17.00,22.00
11/02/2022 ,16:12:30 ,1,100,100,0,0,26.26,17.83,18.00,20.00
11/02/2022 ,16:12:31 ,1,100,100,0,0,18.31,17.95,15.00,19.00
11/02/2022 ,16:12:32 ,1,100,100,0,0,32.26,18.68,14.00,18.00
11/02/2022 ,16:12:33 ,1,100,100,0,0,18.56,18.56,13.00,18.00
11/02/2022 ,16:12:34 ,1,100,100,0,0,23.70,18.80,13.00,15.00
11/02/2022 ,16:12:35 ,1,100,100,0,0,35.93,19.17,11.00,14.00
11/02/2022 ,16:12:36 ,1,100,100,0,0,31.65,19.05,11.00,13.00
11/02/2022 ,16:12:37 ,1,100,100,0,0,34.34,18.56,10.00,12.00
11/02/2022 ,16:12:38 ,1,100,100,0,0,35.31,18.07,9.00,11.00
11/02/2022 ,16:12:39 ,1,100,100,0,0,24.43,18.31,8.00,11.00
11/02/2022 ,16:12:40 ,1,100,100,0,0,31.65,18.44,7.00,10.00
11/02/2022 ,16:12:41 ,1,100,100,0,0,31.77,18.80,7.00,9.00
11/02/2022 ,16:12:42 ,1,100,100,0,0,17.70,18.93,7.00,8.00
11/02/2022 ,16:12:43 ,1,100,100,0,0,38.25,18.93,7.00,10.00
11/02/2022 ,16:12:44 ,1,100,100,0,0,36.78,19.05,5.00,7.00
11/02/2022 ,16:12:45 ,1,100,100,0,0,22.47,18.93,5.00,7.00
11/02/2022 ,16:12:46 ,1,100,100,0,0,33.24,18.93,6.00,6.00
11/02/2022 ,16:12:47 ,1,100,100,0,0,33.36,18.31,6.00,7.00
11/02/2022 ,16:12:48 ,1,100,100,0,0,19.66,17.95,6.00,5.00
11/02/2022 ,16:12:49 ,1,100,100,0,0,32.50,17.95,4.00,6.00
11/02/2022 ,16:12:50 ,1,100,100,0,0,28.71,17.95,4.00,4.00
11/02/2022 ,16:12:51 ,1,100,100,0,0,18.56,19.05,5.00,5.00
11/02/2022 ,16:12:52 ,1,100,100,0,0,39.11,19.05,4.00,5.00
11/02/2022 ,16:12:53 ,1,100,100,0,0,30.18,18.68,3.00,4.00
11/02/2022 ,16:12:54 ,1,100,100,0,0,23.33,18.68,3.00,3.00
11/02/2022 ,16:12:55 ,1,100,100,0,0,36.17,18.19,3.00,4.00
11/02/2022 ,16:12:56 ,1,100,100,0,0,31.52,18.19,3.00,4.00
11/02/2022 ,16:12:57 ,1,100,100,0,0,19.78,18.07,3.00,3.00
11/02/2022 ,16:12:58 ,1,100,100,0,0,33.97,17.70,2.00,3.00
11/02/2022 ,16:12:59 ,1,100,100,0,0,30.18,17.95,4.00,3.00
11/02/2022 ,16:13:00 ,1,100,100,0,0,27.00,17.95,2.00,3.00
11/02/2022 ,16:13:01 ,1,100,100,0,0,40.70,17.95,2.00,2.00
11/02/2022 ,16:13:02 ,1,100,100,0,0,29.69,18.44,2.00,2.00
11/02/2022 ,16:13:03 ,1,100,100,0,0,33.60,18.80,2.00,4.00
11/02/2022 ,16:13:04 ,1,100,100,0,0,35.07,19.05,1.00,3.00
11/02/2022 ,16:13:05 ,1,100,100,0,0,19.17,17.58,2.00,2.00
11/02/2022 ,16:13:06 ,1,100,100,0,0,20.03,17.58,2.00,1.00
11/02/2022 ,16:13:07 ,1,100,100,0,0,33.72,18.07,2.00,2.00
11/02/2022 ,16:13:08 ,1,100,100,0,0,20.03,18.19,1.00,1.00
11/02/2022 ,16:13:09 ,1,100,100,0,0,28.59,18.07,2.00,2.00
11/02/2022 ,16:13:10 ,1,100,100,0,0,36.90,18.68,1.00,2.00
11/02/2022 ,16:13:11 ,1,100,100,0,0,27.85,18.68,1.00,1.00
11/02/2022 ,16:13:12 ,1,100,100,0,0,31.52,18.80,1.00,2.00
11/02/2022 ,16:13:13 ,1,100,100,0,0,29.81,19.05,0.00,1.00
11/02/2022 ,16:13:14 ,1,100,100,0,0,18.31,18.93,1.00,2.00
11/02/2022 ,16:13:15 ,1,100,100,0,0,33.97,19.17,2.00,1.00
11/02/2022 ,16:13:16 ,1,100,100,0,0,35.07,18.68,1.00,3.00
11/02/2022 ,16:13:17 ,1,100,100,0,0,20.64,18.31,1.00,2.00
11/02/2022 ,16:13:18 ,1,100,100,0,0,39.59,19.05,0.00,1.00
11/02/2022 ,16:13:19 ,1,100,100,0,0,35.68,18.68,2.00,2.00
11/02/2022 ,16:13:20 ,1,100,100,0,0,21.13,19.05,1.00,1.00
11/02/2022 ,16:13:21 ,1,100,100,0,0,31.89,18.93,1.00,1.00
11/02/2022 ,16:13:22 ,1,100,100,0,0,29.08,18.80,1.00,1.00
11/02/2022 ,16:13:23 ,1,100,100,0,0,21.01,18.93,1.00,1.00
11/02/2022 ,16:13:24 ,1,100,100,0,0,35.93,18.44,2.00,2.00
11/02/2022 ,16:13:25 ,1,100,100,0,0,30.79,18.56,1.00,1.00
11/02/2022 ,16:13:26 ,1,100,100,0,0,21.37,17.70,1.00,0.00
11/02/2022 ,16:13:27 ,1,100,100,0,0,38.98,17.70,2.00,1.00
11/02/2022 ,16:13:28 ,1,100,100,0,0,28.34,17.83,3.00,1.00
11/02/2022 ,16:13:29 ,1,100,100,0,0,20.03,17.83,1.00,1.00
11/02/2022 ,16:13:30 ,1,100,100,0,0,33.24,18.19,0.00,1.00
11/02/2022 ,16:13:31 ,1,100,100,0,0,28.95,18.19,1.00,1.00
11/02/2022 ,16:13:32 ,1,100,100,0,0,21.37,18.56,2.00,2.00
11/02/2022 ,16:13:33 ,1,100,100,0,0,35.31,18.19,2.00,2.00
11/02/2022 ,16:13:34 ,1,100,100,0,0,31.16,18.19,1.00,1.00
11/02/2022 ,16:13:35 ,1,100,100,0,0,31.89,17.83,1.00,1.00
11/02/2022 ,16:13:36 ,1,100,100,0,0,40.45,17.95,1.00,1.00
11/02/2022 ,16:13:37 ,1,100,100,0,0,25.29,18.07,1.00,2.00
11/02/2022 ,16:13:38 ,1,100,100,0,0,31.65,17.95,2.00,1.00
11/02/2022 ,16:13:39 ,1,100,100,0,0,32.01,18.56,1.00,1.00
11/02/2022 ,16:13:40 ,1,100,100,0,0,17.09,18.80,0.00,1.00
11/02/2022 ,16:13:41 ,1,100,100,0,0,22.47,18.80,1.00,1.00
11/02/2022 ,16:13:42 ,1,100,100,0,0,36.17,18.93,1.00,1.00
11/02/2022 ,16:13:43 ,1,100,100,0,0,22.11,18.80,1.00,0.00
11/02/2022 ,16:13:44 ,1,100,100,0,0,33.97,19.29,1.00,1.00
11/02/2022 ,16:13:45 ,1,100,100,0,0,34.21,18.56,1.00,0.00
11/02/2022 ,16:13:46 ,1,100,100,0,0,22.84,17.95,2.00,0.00
11/02/2022 ,16:13:47 ,1,100,100,0,0,32.13,19.05,1.00,1.00
11/02/2022 ,16:13:48 ,1,100,100,0,0,28.59,19.17,1.00,1.00
11/02/2022 ,16:13:49 ,1,100,100,0,0,17.46,18.80,1.00,2.00
11/02/2022 ,16:13:50 ,1,100,100,0,0,38.37,18.93,1.00,1.00
11/02/2022 ,16:13:51 ,1,100,100,0,0,35.56,18.80,0.00,0.00
11/02/2022 ,16:13:52 ,1,100,100,0,0,23.70,18.93,1.00,1.00
11/02/2022 ,16:13:53 ,1,100,100,0,0,38.25,18.56,2.00,1.00
11/02/2022 ,16:13:54 ,1,100,100,0,0,32.50,18.56,1.00,1.00
11/02/2022 ,16:13:55 ,1,100,100,0,0,19.42,17.95,1.00,1.00
11/02/2022 ,16:13:57 ,1,100,100,0,0,32.99,17.83,1.00,1.00
11/02/2022 ,16:13:58 ,1,100,100,0,0,29.08,17.70,1.00,1.00
11/02/2022 ,16:13:59 ,1,100,100,0,0,26.26,17.83,1.00,0.00
11/02/2022 ,16:14:00 ,1,100,100,0,0,40.21,19.05,2.00,1.00
11/02/2022 ,16:14:01 ,1,100,100,0,0,29.32,18.56,1.00,1.00
11/02/2022 ,16:14:02 ,1,100,100,0,0,23.33,18.93,1.00,0.00
11/02/2022 ,16:14:03 ,1,100,100,0,0,36.17,18.31,2.00,0.00
11/02/2022 ,16:14:04 ,1,100,100,0,0,20.52,17.83,1.00,2.00
11/02/2022 ,16:14:05 ,1,100,100,0,0,18.68,18.07,1.00,1.00
11/02/2022 ,16:14:06 ,1,100,100,0,0,33.11,18.19,0.00,1.00
11/02/2022 ,16:14:07 ,1,100,100,0,0,29.57,18.07,1.00,1.00
11/02/2022 ,16:14:08 ,1,100,100,0,0,27.85,18.07,1.00,1.00
11/02/2022 ,16:14:09 ,1,100,100,0,0,36.90,18.44,1.00,1.00
11/02/2022 ,16:14:10 ,1,100,100,0,0,29.08,19.17,1.00,0.00
11/02/2022 ,16:14:11 ,1,100,100,0,0,33.36,18.68,0.00,0.00
11/02/2022 ,16:14:12 ,1,100,100,0,0,36.29,18.93,1.00,2.00
11/02/2022 ,16:14:13 ,1,100,100,0,0,19.78,19.17,0.00,1.00
11/02/2022 ,16:14:14 ,1,100,100,0,0,34.34,18.31,1.00,1.00
11/02/2022 ,16:14:15 ,1,100,100,0,0,34.34,18.07,1.00,0.00
11/02/2022 ,16:14:16 ,1,100,100,0,0,19.78,18.31,1.00,0.00
11/02/2022 ,16:14:17 ,1,100,100,0,0,30.18,19.17,1.00,1.00
11/02/2022 ,16:14:18 ,1,100,100,0,0,37.03,19.05,0.00,1.00
11/02/2022 ,16:14:19 ,1,100,100,0,0,21.62,19.42,1.00,1.00
11/02/2022 ,16:14:20 ,1,100,100,0,0,31.40,19.17,0.00,1.00
11/02/2022 ,16:14:21 ,1,100,100,0,0,29.57,19.17,2.00,1.00
11/02/2022 ,16:14:22 ,1,100,100,0,0,18.80,19.17,1.00,1.00
11/02/2022 ,16:14:23 ,1,100,100,0,0,35.07,18.80,1.00,1.00
11/02/2022 ,16:14:24 ,1,100,100,0,0,30.42,18.68,34.00,30.00
11/02/2022 ,16:14:25 ,1,100,100,0,0,20.64,18.44,50.00,43.00
11/02/2022 ,16:14:26 ,1,100,100,0,0,40.70,18.44,50.00,44.00
11/02/2022 ,16:14:27 ,1,100,100,0,0,37.39,18.80,55.00,49.00
11/02/2022 ,16:14:28 ,1,100,100,0,0,20.88,19.05,60.00,53.00
11/02/2022 ,16:14:29 ,1,100,100,0,0,33.36,19.29,64.00,57.00
11/02/2022 ,16:14:30 ,1,100,100,0,0,28.59,19.17,47.00,43.00
11/02/2022 ,16:14:31 ,1,100,100,0,0,21.13,19.05,25.00,22.00
11/02/2022 ,16:14:32 ,1,100,100,0,0,35.80,18.80,22.00,19.00
11/02/2022 ,16:14:33 ,1,100,100,0,0,30.91,18.07,20.00,19.00
11/02/2022 ,16:14:34 ,1,100,100,0,0,32.26,18.56,19.00,18.00
11/02/2022 ,16:14:35 ,1,100,100,0,0,40.94,18.31,18.00,15.00
11/02/2022 ,16:14:36 ,1,100,100,0,0,28.83,18.31,17.00,15.00
11/02/2022 ,16:14:37 ,1,100,100,0,0,20.27,18.68,16.00,13.00
11/02/2022 ,16:14:38 ,1,100,100,0,0,32.62,19.05,15.00,14.00
11/02/2022 ,16:14:39 ,1,100,100,0,0,17.95,19.29,14.00,13.00
11/02/2022 ,16:14:40 ,1,100,100,0,0,21.74,19.05,13.00,12.00
11/02/2022 ,16:14:41 ,1,100,100,0,0,35.31,18.56,12.00,11.00
11/02/2022 ,16:14:42 ,1,100,100,0,0,30.67,18.07,11.00,10.00
11/02/2022 ,16:14:43 ,1,100,100,0,0,33.72,18.19,9.00,8.00
11/02/2022 ,16:14:44 ,1,100,100,0,0,35.44,17.95,11.00,9.00
11/02/2022 ,16:14:45 ,1,100,100,0,0,24.80,18.07,10.00,9.00
11/02/2022 ,16:14:46 ,1,100,100,0,0,31.89,18.68,9.00,8.00
11/02/2022 ,16:14:47 ,1,100,100,0,0,32.62,18.68,8.00,8.00
11/02/2022 ,16:14:48 ,1,100,100,0,0,17.83,19.05,9.00,7.00
11/02/2022 ,16:14:49 ,1,100,100,0,0,37.52,18.68,7.00,6.00
11/02/2022 ,16:14:50 ,1,100,100,0,0,36.41,18.93,7.00,6.00
11/02/2022 ,16:14:51 ,1,100,100,0,0,22.47,18.93,6.00,7.00
11/02/2022 ,16:14:52 ,1,100,100,0,0,33.85,18.19,7.00,6.00
11/02/2022 ,16:14:53 ,1,100,100,0,0,34.70,18.56,6.00,5.00
11/02/2022 ,16:14:54 ,1,100,100,0,0,18.80,18.19,6.00,6.00
11/02/2022 ,16:14:55 ,1,100,100,0,0,33.24,18.80,6.00,5.00
11/02/2022 ,16:14:56 ,1,100,100,0,0,29.08,18.93,43.00,55.00
11/02/2022 ,16:14:57 ,1,100,100,0,0,19.42,18.80,47.00,58.00
11/02/2022 ,16:14:58 ,1,100,100,0,0,38.62,19.05,48.00,61.00
11/02/2022 ,16:14:59 ,1,100,100,0,0,29.81,18.68,54.00,68.00
11/02/2022 ,16:15:00 ,1,100,100,0,0,22.72,18.80,50.00,61.00
11/02/2022 ,16:15:01 ,1,100,100,0,0,37.76,18.19,44.00,55.00
11/02/2022 ,16:15:02 ,1,100,100,0,0,32.26,17.58,42.00,53.00
11/02/2022 ,16:15:03 ,1,100,100,0,0,19.17,17.83,22.00,24.00
11/02/2022 ,16:15:04 ,1,100,100,0,0,32.75,17.70,20.00,22.00
11/02/2022 ,16:15:05 ,1,100,100,0,0,28.95,17.95,17.00,20.00
11/02/2022 ,16:15:06 ,1,100,100,0,0,26.02,17.70,17.00,19.00
11/02/2022 ,16:15:07 ,1,100,100,0,0,38.98,18.68,16.00,18.00
11/02/2022 ,16:15:08 ,1,100,100,0,0,29.20,18.44,13.00,17.00
11/02/2022 ,16:15:09 ,1,100,100,0,0,32.50,18.19,14.00,17.00
11/02/2022 ,16:15:10 ,1,100,100,0,0,35.68,17.70,13.00,14.00
11/02/2022 ,16:15:11 ,1,100,100,0,0,19.66,17.58,12.00,14.00
11/02/2022 ,16:15:12 ,1,100,100,0,0,18.56,17.70,11.00,13.00
11/02/2022 ,16:15:13 ,1,100,100,0,0,33.72,17.70,10.00,12.00
11/02/2022 ,16:15:14 ,1,100,100,0,0,19.78,17.83,10.00,10.00
11/02/2022 ,16:15:15 ,1,100,100,0,0,27.73,18.68,9.00,10.00
11/02/2022 ,16:15:16 ,1,100,100,0,0,36.29,18.68,8.00,10.00
11/02/2022 ,16:15:17 ,1,100,100,0,0,28.47,18.68,8.00,8.00
11/02/2022 ,16:15:18 ,1,100,100,0,0,32.26,18.80,8.00,8.00
11/02/2022 ,16:15:19 ,1,100,100,0,0,29.93,18.80,6.00,9.00
11/02/2022 ,16:15:20 ,1,100,100,0,0,20.64,19.05,6.00,7.00
11/02/2022 ,16:15:21 ,1,100,100,0,0,34.34,18.80,5.00,6.00
11/02/2022 ,16:15:22 ,1,100,100,0,0,34.83,18.44,6.00,5.00
11/02/2022 ,16:15:23 ,1,100,100,0,0,19.90,18.19,5.00,6.00
11/02/2022 ,16:15:24 ,1,100,100,0,0,39.23,18.80,5.00,5.00
11/02/2022 ,16:15:25 ,1,100,100,0,0,36.41,18.56,4.00,5.00
11/02/2022 ,16:15:26 ,1,100,100,0,0,21.86,18.68,4.00,5.00
11/02/2022 ,16:15:27 ,1,100,100,0,0,32.01,18.80,4.00,4.00
11/02/2022 ,16:15:28 ,1,100,100,0,0,28.71,18.56,4.00,4.00
11/02/2022 ,16:15:29 ,1,100,100,0,0,19.54,18.68,4.00,4.00
11/02/2022 ,16:15:30 ,1,100,100,0,0,35.44,18.19,4.00,3.00
11/02/2022 ,16:15:31 ,1,100,100,0,0,30.18,17.83,3.00,5.00
11/02/2022 ,16:15:32 ,1,100,100,0,0,21.86,17.70,2.00,4.00
11/02/2022 ,16:15:33 ,1,100,100,0,0,39.59,17.70,3.00,4.00
11/02/2022 ,16:15:34 ,1,100,100,0,0,28.34,17.46,2.00,3.00
11/02/2022 ,16:15:35 ,1,100,100,0,0,20.88,17.58,3.00,2.00
11/02/2022 ,16:15:36 ,1,100,100,0,0,32.50,18.80,3.00,3.00
11/02/2022 ,16:15:37 ,1,100,100,0,0,28.47,18.07,2.00,2.00
11/02/2022 ,16:15:38 ,1,100,100,0,0,20.27,18.07,2.00,2.00
11/02/2022 ,16:15:39 ,1,100,100,0,0,35.07,17.95,2.00,3.00
11/02/2022 ,16:15:40 ,1,100,100,0,0,30.18,17.58,2.00,2.00
11/02/2022 ,16:15:41 ,1,100,100,0,0,32.13,17.70,3.00,2.00
11/02/2022 ,16:15:42 ,1,100,100,0,0,40.57,17.70,2.00,4.00
11/02/2022 ,16:15:43 ,1,100,100,0,0,26.39,17.58,2.00,2.00
11/02/2022 ,16:15:44 ,1,100,100,0,0,31.89,18.19,2.00,2.00
11/02/2022 ,16:15:45 ,1,100,100,0,0,32.13,18.07,1.00,2.00
11/02/2022 ,16:15:46 ,1,100,100,0,0,17.21,18.68,1.00,2.00
11/02/2022 ,16:15:47 ,1,100,100,0,0,22.11,18.56,2.00,3.00
11/02/2022 ,16:15:48 ,1,100,100,0,0,36.54,19.05,2.00,1.00
11/02/2022 ,16:15:49 ,1,100,100,0,0,22.35,18.56,1.00,1.00
11/02/2022 ,16:15:50 ,1,100,100,0,0,33.60,17.46,0.00,2.00
11/02/2022 ,16:15:51 ,1,100,100,0,0,34.58,17.95,1.00,2.00
11/02/2022 ,16:15:52 ,1,100,100,0,0,23.21,17.95,3.00,1.00
11/02/2022 ,16:15:53 ,1,100,100,0,0,31.40,18.31,1.00,2.00
11/02/2022 ,16:15:54 ,1,100,100,0,0,28.47,18.68,2.00,2.00
11/02/2022 ,16:15:55 ,1,100,100,0,0,17.83,18.56,1.00,2.00
11/02/2022 ,16:15:56 ,1,100,100,0,0,37.88,18.68,1.00,2.00
11/02/2022 ,16:15:57 ,1,100,100,0,0,36.29,18.68,0.00,1.00
11/02/2022 ,16:15:58 ,1,100,100,0,0,23.45,18.31,1.00,0.00
11/02/2022 ,16:15:59 ,1,100,100,0,0,39.11,17.95,2.00,2.00
11/02/2022 ,16:16:00 ,1,100,100,0,0,32.75,17.83,1.00,1.00
11/02/2022 ,16:16:01 ,1,100,100,0,0,19.42,17.83,2.00,1.00
11/02/2022 ,16:16:02 ,1,100,100,0,0,31.40,17.34,2.00,1.00
11/02/2022 ,16:16:03 ,1,100,100,0,0,27.73,17.46,1.00,2.00
11/02/2022 ,16:16:04 ,1,100,100,0,0,24.67,18.80,1.00,1.00
11/02/2022 ,16:16:05 ,1,100,100,0,0,39.84,18.80,2.00,1.00
11/02/2022 ,16:16:06 ,1,100,100,0,0,29.20,18.07,2.00,2.00
11/02/2022 ,16:16:07 ,1,100,100,0,0,23.08,17.70,0.00,1.00
11/02/2022 ,16:16:08 ,1,100,100,0,0,36.78,18.07,0.00,1.00
11/02/2022 ,16:16:09 ,1,100,100,0,0,21.13,17.46,1.00,2.00
11/02/2022 ,16:16:10 ,1,100,100,0,0,18.56,17.83,1.00,2.00
11/02/2022 ,16:16:11 ,1,100,100,0,0,32.99,17.58,2.00,0.00
11/02/2022 ,16:16:12 ,1,100,100,0,0,28.34,17.58,1.00,0.00
11/02/2022 ,16:16:13 ,1,100,100,0,0,27.36,18.07,1.00,1.00
11/02/2022 ,16:16:14 ,1,100,100,0,0,37.64,18.19,1.00,0.00
11/02/2022 ,16:16:15 ,1,100,100,0,0,29.32,18.44,0.00,1.00
11/02/2022 ,16:16:16 ,1,100,100,0,0,32.75,18.56,1.00,0.00
11/02/2022 ,16:16:17 ,1,100,100,0,0,34.09,17.70,1.00,1.00
11/02/2022 ,16:16:18 ,1,100,100,0,0,20.03,17.70,0.00,1.00
11/02/2022 ,16:16:19 ,1,100,100,0,0,32.87,17.34,0.00,1.00
11/02/2022 ,16:16:20 ,1,100,100,0,0,33.11,17.83,1.00,2.00
11/02/2022 ,16:16:21 ,1,100,100,0,0,19.66,17.83,1.00,0.00
11/02/2022 ,16:16:22 ,1,100,100,0,0,29.57,18.44,0.00,1.00
11/02/2022 ,16:16:23 ,1,100,100,0,0,37.39,18.44,1.00,0.00
11/02/2022 ,16:16:24 ,1,100,100,0,0,21.62,18.56,1.00,1.00
11/02/2022 ,16:16:25 ,1,100,100,0,0,32.01,18.68,0.00,1.00
11/02/2022 ,16:16:26 ,1,100,100,0,0,30.30,18.44,1.00,1.00
11/02/2022 ,16:16:27 ,1,100,100,0,0,18.80,18.44,1.00,1.00
11/02/2022 ,16:16:28 ,1,100,100,0,0,35.07,17.95,1.00,1.00
11/02/2022 ,16:16:29 ,1,100,100,0,0,29.81,17.70,1.00,1.00
11/02/2022 ,16:16:30 ,1,100,100,0,0,20.27,17.70,2.00,1.00
11/02/2022 ,16:16:31 ,1,100,100,0,0,39.23,18.56,1.00,1.00
11/02/2022 ,16:16:32 ,1,100,100,0,0,36.90,18.44,0.00,1.00
11/02/2022 ,16:16:33 ,1,100,100,0,0,20.64,18.93,1.00,1.00
11/02/2022 ,16:16:34 ,1,100,100,0,0,32.26,18.56,1.00,2.00
11/02/2022 ,16:16:35 ,1,100,100,0,0,27.73,18.07,2.00,1.00
11/02/2022 ,16:16:36 ,1,100,100,0,0,19.90,18.19,1.00,3.00
11/02/2022 ,16:16:37 ,1,100,100,0,0,35.19,18.19,1.00,1.00
11/02/2022 ,16:16:38 ,1,100,100,0,0,29.93,17.58,0.00,0.00
11/02/2022 ,16:16:39 ,1,100,100,0,0,31.16,17.70,0.00,2.00
11/02/2022 ,16:16:40 ,1,100,100,0,0,40.08,17.58,1.00,1.00
11/02/2022 ,16:16:41 ,1,100,100,0,0,27.49,17.70,0.00,0.00
11/02/2022 ,16:16:42 ,1,100,100,0,0,19.05,18.07,1.00,1.00
11/02/2022 ,16:16:43 ,1,100,100,0,0,32.13,17.95,1.00,1.00
11/02/2022 ,16:16:44 ,1,100,100,0,0,18.31,18.31,1.00,1.00
11/02/2022 ,16:16:45 ,1,100,100,0,0,21.25,17.34,1.00,1.00
11/02/2022 ,16:16:46 ,1,100,100,0,0,35.44,17.58,1.00,1.00
11/02/2022 ,16:16:47 ,1,100,100,0,0,30.67,17.70,1.00,1.00
11/02/2022 ,16:16:48 ,1,100,100,0,0,32.38,17.34,0.00,2.00
11/02/2022 ,16:16:49 ,1,100,100,0,0,34.95,17.83,1.00,2.00
11/02/2022 ,16:16:50 ,1,100,100,0,0,25.16,17.95,1.00,1.00
11/02/2022 ,16:16:51 ,1,100,100,0,0,31.52,18.44,1.00,0.00
11/02/2022 ,16:16:52 ,1,100,100,0,0,32.62,18.44,1.00,0.00
11/02/2022 ,16:16:53 ,1,100,100,0,0,17.34,18.68,1.00,2.00
11/02/2022 ,16:16:54 ,1,100,100,0,0,37.27,18.68,0.00,1.00
11/02/2022 ,16:16:55 ,1,100,100,0,0,35.93,18.80,0.00,0.00
11/02/2022 ,16:16:56 ,1,100,100,0,0,21.86,18.44,2.00,1.00
11/02/2022 ,16:16:57 ,1,100,100,0,0,34.21,18.19,1.00,1.00
11/02/2022 ,16:16:58 ,1,100,100,0,0,34.95,18.07,1.00,1.00
11/02/2022 ,16:16:59 ,1,100,100,0,0,19.66,18.44,1.00,1.00
11/02/2022 ,16:17:00 ,1,100,100,0,0,31.89,18.68,1.00,1.00
11/02/2022 ,16:17:01 ,1,100,100,0,0,28.47,18.68,0.00,0.00
11/02/2022 ,16:17:02 ,1,100,100,0,0,17.95,18.56,1.00,2.00
11/02/2022 ,16:17:03 ,1,100,100,0,0,38.49,18.68,1.00,1.00
11/02/2022 ,16:17:04 ,1,100,100,0,0,29.69,18.44,1.00,1.00
11/02/2022 ,16:17:05 ,1,100,100,0,0,22.72,18.07,0.00,1.00
11/02/2022 ,16:17:06 ,1,100,100,0,0,38.98,18.56,0.00,0.00
11/02/2022 ,16:17:07 ,1,100,100,0,0,33.24,17.83,0.00,1.00
11/02/2022 ,16:17:08 ,1,100,100,0,0,19.54,17.83,1.00,1.00
11/02/2022 ,16:17:09 ,1,100,100,0,0,32.13,17.83,0.00,1.00
11/02/2022 ,16:17:10 ,1,100,100,0,0,28.59,17.70,1.00,1.00
11/02/2022 ,16:17:11 ,1,100,100,0,0,26.63,18.68,2.00,1.00
11/02/2022 ,16:17:12 ,1,100,100,0,0,38.98,18.31,1.00,1.00
11/02/2022 ,16:17:13 ,1,100,100,0,0,28.95,18.44,1.00,1.00
11/02/2022 ,16:17:14 ,1,100,100,0,0,33.48,17.83,1.00,1.00
11/02/2022 ,16:17:15 ,1,100,100,0,0,35.93,17.70,0.00,1.00
11/02/2022 ,16:17:16 ,1,100,100,0,0,20.88,17.58,2.00,1.00
11/02/2022 ,16:17:17 ,1,100,100,0,0,18.56,17.34,1.00,1.00
11/02/2022 ,16:17:18 ,1,100,100,0,0,33.72,17.95,1.00,2.00
11/02/2022 ,16:17:19 ,1,100,100,0,0,18.68,17.58,3.00,1.00
11/02/2022 ,16:17:20 ,1,100,100,0,0,27.36,18.68,1.00,1.00
11/02/2022 ,16:17:21 ,1,100,100,0,0,36.54,18.68,1.00,0.00
11/02/2022 ,16:17:22 ,1,100,100,0,0,28.95,18.80,0.00,1.00
11/02/2022 ,16:17:23 ,1,100,100,0,0,32.50,18.68,0.00,1.00
11/02/2022 ,16:17:24 ,1,100,100,0,0,30.67,18.80,0.00,1.00
11/02/2022 ,16:17:25 ,1,100,100,0,0,20.03,17.58,2.00,1.00
11/02/2022 ,16:17:26 ,1,100,100,0,0,33.36,17.83,37.00,33.00
11/02/2022 ,16:17:27 ,1,100,100,0,0,33.72,18.44,42.00,37.00
11/02/2022 ,16:17:28 ,1,100,100,0,0,19.42,18.07,44.00,38.00
11/02/2022 ,16:17:29 ,1,100,100,0,0,39.35,18.68,50.00,43.00
11/02/2022 ,16:17:30 ,1,100,100,0,0,36.29,18.93,53.00,45.00
11/02/2022 ,16:17:31 ,1,100,100,0,0,21.49,18.56,70.00,74.00
11/02/2022 ,16:17:32 ,1,100,100,0,0,31.03,19.17,64.00,72.00
11/02/2022 ,16:17:33 ,1,100,100,0,0,28.47,18.56,50.00,64.00
11/02/2022 ,16:17:34 ,1,100,100,0,0,19.05,18.31,51.00,68.00
11/02/2022 ,16:17:35 ,1,100,100,0,0,35.19,18.68,41.00,53.00
11/02/2022 ,16:17:36 ,1,100,100,0,0,30.42,17.70,37.00,48.00
11/02/2022 ,16:17:37 ,1,100,100,0,0,21.74,17.95,31.00,33.00
11/02/2022 ,16:17:38 ,1,100,100,0,0,40.08,17.70,19.00,25.00
11/02/2022 ,16:17:39 ,1,100,100,0,0,28.34,18.80,18.00,22.00
11/02/2022 ,16:17:40 ,1,100,100,0,0,20.03,18.80,16.00,20.00
11/02/2022 ,16:17:41 ,1,100,100,0,0,32.87,18.44,16.00,20.00
11/02/2022 ,16:17:42 ,1,100,100,0,0,28.83,18.44,13.00,19.00
11/02/2022 ,16:17:43 ,1,100,100,0,0,20.52,17.83,13.00,15.00
11/02/2022 ,16:17:44 ,1,100,100,0,0,34.83,17.83,13.00,16.00
11/02/2022 ,16:17:45 ,1,100,100,0,0,30.18,17.58,12.00,16.00
11/02/2022 ,16:17:46 ,1,100,100,0,0,31.52,17.46,11.00,16.00
11/02/2022 ,16:17:47 ,1,100,100,0,0,39.11,17.83,10.00,15.00
11/02/2022 ,16:17:48 ,1,100,100,0,0,26.51,17.46,9.00,14.00
11/02/2022 ,16:17:49 ,1,100,100,0,0,31.77,18.19,9.00,14.00
11/02/2022 ,16:17:50 ,1,100,100,0,0,32.13,18.56,8.00,12.00
11/02/2022 ,16:17:51 ,1,100,100,0,0,18.80,18.56,8.00,11.00
11/02/2022 ,16:17:52 ,1,100,100,0,0,22.96,18.80,8.00,11.00
11/02/2022 ,16:17:53 ,1,100,100,0,0,36.29,17.46,7.00,11.00
11/02/2022 ,16:17:54 ,1,100,100,0,0,21.62,17.70,8.00,11.00
11/02/2022 ,16:17:55 ,1,100,100,0,0,32.75,17.70,7.00,10.00
11/02/2022 ,16:17:56 ,1,100,100,0,0,34.46,18.31,6.00,10.00
11/02/2022 ,16:17:57 ,1,100,100,0,0,22.84,18.44,5.00,10.00
11/02/2022 ,16:17:58 ,1,100,100,0,0,31.16,18.44,6.00,8.00
11/02/2022 ,16:17:59 ,1,100,100,0,0,27.00,18.44,5.00,8.00
11/02/2022 ,16:18:00 ,1,100,100,0,0,18.19,18.93,4.00,7.00
11/02/2022 ,16:18:01 ,1,100,100,0,0,37.64,18.68,7.00,7.00
11/02/2022 ,16:18:02 ,1,100,100,0,0,34.83,18.56,4.00,7.00
11/02/2022 ,16:18:03 ,1,100,100,0,0,22.72,18.56,4.00,8.00
11/02/2022 ,16:18:04 ,1,100,100,0,0,39.47,18.44,3.00,6.00
11/02/2022 ,16:18:05 ,1,100,100,0,0,32.62,17.83,3.00,6.00
11/02/2022 ,16:18:06 ,1,100,100,0,0,18.31,17.70,3.00,5.00
11/02/2022 ,16:18:07 ,1,100,100,0,0,31.89,18.31,4.00,3.00
11/02/2022 ,16:18:08 ,1,100,100,0,0,27.85,18.68,3.00,3.00
11/02/2022 ,16:18:09 ,1,100,100,0,0,25.41,18.68,3.00,3.00
11/02/2022 ,16:18:10 ,1,100,100,0,0,39.23,18.56,3.00,3.00
11/02/2022 ,16:18:11 ,1,100,100,0,0,29.57,18.44,3.00,3.00
11/02/2022 ,16:18:12 ,1,100,100,0,0,23.33,18.07,2.00,4.00
11/02/2022 ,16:18:13 ,1,100,100,0,0,37.52,17.83,3.00,2.00
11/02/2022 ,16:18:14 ,1,100,100,0,0,21.74,17.58,3.00,3.00
11/02/2022 ,16:18:15 ,1,100,100,0,0,18.80,17.46,2.00,2.00
11/02/2022 ,16:18:16 ,1,100,100,0,0,34.09,17.58,2.00,2.00
11/02/2022 ,16:18:17 ,1,100,100,0,0,29.08,17.83,3.00,2.00
11/02/2022 ,16:18:18 ,1,100,100,0,0,27.36,18.19,2.00,2.00
11/02/2022 ,16:18:19 ,1,100,100,0,0,36.90,18.56,2.00,4.00
11/02/2022 ,16:18:20 ,1,100,100,0,0,28.59,17.83,2.00,2.00
11/02/2022 ,16:18:21 ,1,100,100,0,0,32.26,17.70,1.00,2.00
11/02/2022 ,16:18:22 ,1,100,100,0,0,35.31,17.46,2.00,1.00
11/02/2022 ,16:18:23 ,1,100,100,0,0,20.76,17.58,2.00,2.00
11/02/2022 ,16:18:24 ,1,100,100,0,0,33.11,17.46,2.00,1.00
11/02/2022 ,16:18:25 ,1,100,100,0,0,33.11,17.95,1.00,1.00
11/02/2022 ,16:18:26 ,1,100,100,0,0,18.56,18.44,2.00,0.00
11/02/2022 ,16:18:27 ,1,100,100,0,0,28.34,18.68,1.00,1.00
11/02/2022 ,16:18:28 ,1,100,100,0,0,36.05,18.68,2.00,2.00
11/02/2022 ,16:18:29 ,1,100,100,0,0,21.49,18.80,3.00,2.00
11/02/2022 ,16:18:30 ,1,100,100,0,0,32.13,18.80,1.00,2.00
11/02/2022 ,16:18:31 ,1,100,100,0,0,29.20,18.44,2.00,1.00
11/02/2022 ,16:18:32 ,1,100,100,0,0,19.42,18.31,1.00,1.00
11/02/2022 ,16:18:33 ,1,100,100,0,0,34.70,18.56,1.00,1.00
11/02/2022 ,16:18:34 ,1,100,100,0,0,29.57,18.07,1.00,2.00
11/02/2022 ,16:18:35 ,1,100,100,0,0,20.03,18.68,2.00,2.00
11/02/2022 ,16:18:36 ,1,100,100,0,0,38.86,18.68,2.00,1.00
11/02/2022 ,16:18:37 ,1,100,100,0,0,36.41,18.68,1.00,2.00
11/02/2022 ,16:18:38 ,1,100,100,0,0,20.39,18.56,0.00,0.00
11/02/2022 ,16:18:39 ,1,100,100,0,0,33.24,18.68,1.00,0.00
11/02/2022 ,16:18:40 ,1,100,100,0,0,27.61,18.31,1.00,1.00
11/02/2022 ,16:18:41 ,1,100,100,0,0,20.03,18.07,0.00,2.00
11/02/2022 ,16:18:42 ,1,100,100,0,0,36.05,17.95,1.00,1.00
11/02/2022 ,16:18:43 ,1,100,100,0,0,30.42,17.58,1.00,1.00
11/02/2022 ,16:18:44 ,1,100,100,0,0,31.03,17.70,1.00,2.00
11/02/2022 ,16:18:45 ,1,100,100,0,0,39.11,17.83,1.00,2.00
11/02/2022 ,16:18:46 ,1,100,100,0,0,27.85,17.70,2.00,2.00
11/02/2022 ,16:18:47 ,1,100,100,0,0,18.56,18.56,1.00,2.00
11/02/2022 ,16:18:48 ,1,100,100,0,0,31.89,18.07,1.00,1.00
11/02/2022 ,16:18:49 ,1,100,100,0,0,17.34,18.07,1.00,1.00
11/02/2022 ,16:18:50 ,1,100,100,0,0,21.98,17.70,1.00,1.00
11/02/2022 ,16:18:51 ,1,100,100,0,0,34.58,17.58,2.00,3.00
11/02/2022 ,16:18:52 ,1,100,100,0,0,30.54,17.46,1.00,2.00
11/02/2022 ,16:18:53 ,1,100,100,0,0,32.87,17.70,1.00,1.00
11/02/2022 ,16:18:54 ,1,100,100,0,0,35.44,17.58,0.00,0.00
11/02/2022 ,16:18:55 ,1,100,100,0,0,24.92,18.07,1.00,1.00
11/02/2022 ,16:18:56 ,1,100,100,0,0,31.28,18.31,3.00,0.00
11/02/2022 ,16:18:57 ,1,100,100,0,0,32.50,18.68,1.00,1.00
11/02/2022 ,16:18:58 ,1,100,100,0,0,18.31,18.19,1.00,1.00
11/02/2022 ,16:18:59 ,1,100,100,0,0,37.27,18.68,1.00,1.00
11/02/2022 ,16:19:00 ,1,100,100,0,0,36.90,18.44,1.00,0.00
11/02/2022 ,16:19:01 ,1,100,100,0,0,21.25,17.70,1.00,0.00
11/02/2022 ,16:19:02 ,1,100,100,0,0,33.24,17.83,1.00,1.00
11/02/2022 ,16:19:03 ,1,100,100,0,0,33.72,17.83,1.00,1.00
11/02/2022 ,16:19:04 ,1,100,100,0,0,19.42,18.44,1.00,2.00
11/02/2022 ,16:19:05 ,1,100,100,0,0,32.26,18.56,1.00,1.00
11/02/2022 ,16:19:06 ,1,100,100,0,0,28.10,18.68,1.00,1.00
11/02/2022 ,16:19:07 ,1,100,100,0,0,19.29,18.31,0.00,1.00
11/02/2022 ,16:19:08 ,1,100,100,0,0,38.98,18.56,1.00,0.00
11/02/2022 ,16:19:09 ,1,100,100,0,0,29.93,18.56,2.00,2.00
11/02/2022 ,16:19:10 ,1,100,100,0,0,22.72,18.07,1.00,1.00
11/02/2022 ,16:19:11 ,1,100,100,0,0,36.78,18.07,1.00,1.00
11/02/2022 ,16:19:12 ,1,100,100,0,0,32.13,17.58,1.00,1.00
11/02/2022 ,16:19:13 ,1,100,100,0,0,19.42,17.34,0.00,1.00
