XY
	CURVE1 (new-5mmolar-18btmapaq-CV-nitrogen-700mvps.DTA)[BKS]		CURVE2 (new-5mmolar-18btmapaq-CV-nitrogen-700mvps.DTA)[BKS]
4.988e-001	3.485e-005	4.987e-001	2.710e-005
4.947e-001	2.888e-005		
4.907e-001	2.767e-005		
4.867e-001	2.503e-005		
4.827e-001	2.039e-005		
4.788e-001	2.077e-005		
4.748e-001	1.925e-005		
4.708e-001	1.516e-005		
4.668e-001	1.617e-005		
4.628e-001	1.521e-005		
4.588e-001	1.184e-005		
4.548e-001	1.290e-005		
4.508e-001	1.220e-005		
4.468e-001	9.493e-006		
4.428e-001	1.046e-005		
4.388e-001	9.969e-006		
4.348e-001	7.856e-006		
4.307e-001	8.491e-006		
4.268e-001	8.186e-006		
4.228e-001	6.660e-006		
4.188e-001	6.889e-006		
4.148e-001	6.634e-006		
4.108e-001	5.685e-006		
4.068e-001	5.737e-006		
4.028e-001	5.357e-006		
3.988e-001	5.044e-006		
3.948e-001	4.803e-006		
3.908e-001	4.217e-006		
3.868e-001	4.455e-006		
3.828e-001	4.156e-006		
3.788e-001	3.119e-006		
3.748e-001	4.025e-006		
3.708e-001	3.726e-006		
3.668e-001	2.107e-006		
3.628e-001	3.664e-006		
3.588e-001	3.479e-006		
3.549e-001	1.152e-006		
3.509e-001	3.349e-006		
3.469e-001	3.195e-006		
3.429e-001	6.752e-007		
3.388e-001	2.871e-006		
3.348e-001	2.959e-006		
3.309e-001	3.314e-007		
3.269e-001	2.376e-006		
3.229e-001	2.516e-006		
3.189e-001	1.543e-007		
3.148e-001	1.963e-006		
3.108e-001	2.093e-006		
3.069e-001	1.888e-007		
3.028e-001	1.552e-006		
2.988e-001	1.699e-006		
2.949e-001	1.656e-007		
2.909e-001	1.106e-006		
2.868e-001	1.250e-006		
2.829e-001	1.797e-007		
2.789e-001	7.388e-007		
2.749e-001	7.585e-007		
2.709e-001	2.653e-007		
2.669e-001	4.592e-007		
2.629e-001	3.204e-007		
2.589e-001	3.476e-007		
2.549e-001	2.392e-007		
2.509e-001	-2.273e-007		
2.469e-001	3.428e-007		
2.429e-001	1.556e-007		
2.389e-001	-9.051e-007		
2.349e-001	3.390e-007		
2.309e-001	2.090e-007		
2.269e-001	-1.473e-006		
2.229e-001	3.770e-007		
2.189e-001	3.395e-007		
2.149e-001	-1.907e-006		
2.109e-001	2.934e-007		
2.069e-001	3.344e-007		
2.029e-001	-2.188e-006		
1.989e-001	1.071e-007		
1.949e-001	2.063e-007		
1.909e-001	-2.272e-006		
1.869e-001	-1.688e-007		
1.829e-001	2.360e-009		
1.789e-001	-2.138e-006		
1.749e-001	-3.491e-007		
1.709e-001	-1.844e-007		
1.669e-001	-1.914e-006		
1.629e-001	-5.889e-007		
1.589e-001	-3.920e-007		
1.549e-001	-1.659e-006		
1.509e-001	-9.157e-007		
1.469e-001	-7.250e-007		
1.429e-001	-1.565e-006		
1.389e-001	-1.085e-006		
1.350e-001	-1.031e-006		
1.309e-001	-1.275e-006		
1.269e-001	-1.135e-006		
1.229e-001	-1.398e-006		
1.189e-001	-1.187e-006		
1.150e-001	-1.224e-006		
1.110e-001	-1.819e-006		
1.069e-001	-9.865e-007		
1.030e-001	-1.097e-006		
9.897e-002	-2.436e-006		
9.495e-002	-8.879e-007		
9.093e-002	-9.646e-007		
8.699e-002	-2.827e-006		
8.298e-002	-6.942e-007		
7.893e-002	-7.983e-007		
7.496e-002	-3.104e-006		
7.095e-002	-7.466e-007		
6.695e-002	-6.357e-007		
6.295e-002	-3.238e-006		
5.895e-002	-9.696e-007		
5.497e-002	-7.142e-007		
5.098e-002	-3.124e-006		
4.696e-002	-1.112e-006		
4.295e-002	-9.036e-007		
3.897e-002	-2.965e-006		
3.497e-002	-1.231e-006		
3.098e-002	-1.097e-006		
2.697e-002	-2.648e-006		
2.300e-002	-1.483e-006		
1.899e-002	-1.310e-006		
1.496e-002	-2.419e-006		
1.098e-002	-1.708e-006		
6.984e-003	-1.576e-006		
2.965e-003	-2.131e-006		
-1.004e-003	-1.760e-006		
-5.023e-003	-1.850e-006		
-8.975e-003	-1.870e-006		
-1.300e-002	-1.897e-006		
-1.700e-002	-2.170e-006		
-2.098e-002	-1.713e-006		
-2.502e-002	-1.933e-006		
-2.901e-002	-2.597e-006		
-3.298e-002	-1.645e-006		
-3.703e-002	-1.743e-006		
-4.097e-002	-3.126e-006		
-4.504e-002	-1.506e-006		
-4.905e-002	-1.578e-006		
-5.302e-002	-3.636e-006		
-5.702e-002	-1.396e-006		
-6.101e-002	-1.413e-006		
-6.499e-002	-3.812e-006		
-6.897e-002	-1.522e-006		
-7.298e-002	-1.367e-006		
-7.697e-002	-3.959e-006		
-8.097e-002	-1.795e-006		
-8.502e-002	-1.551e-006		
-8.901e-002	-3.913e-006		
-9.296e-002	-1.924e-006		
-9.700e-002	-1.823e-006		
-1.010e-001	-3.626e-006		
-1.050e-001	-2.169e-006		
-1.090e-001	-2.030e-006		
-1.130e-001	-3.516e-006		
-1.169e-001	-2.494e-006		
-1.210e-001	-2.286e-006		
-1.250e-001	-3.350e-006		
-1.289e-001	-2.700e-006		
-1.329e-001	-2.672e-006		
-1.370e-001	-3.092e-006		
-1.409e-001	-2.846e-006		
-1.449e-001	-3.008e-006		
-1.490e-001	-2.929e-006		
-1.529e-001	-2.953e-006		
-1.569e-001	-3.445e-006		
-1.610e-001	-2.793e-006		
-1.650e-001	-2.974e-006		
-1.690e-001	-3.971e-006		
-1.730e-001	-2.707e-006		
-1.770e-001	-2.771e-006		
-1.809e-001	-4.357e-006		
-1.850e-001	-2.506e-006		
-1.890e-001	-2.521e-006		
-1.929e-001	-4.777e-006		
-1.969e-001	-2.516e-006		
-2.010e-001	-2.445e-006		
-2.049e-001	-4.935e-006		
-2.089e-001	-2.607e-006		
-2.129e-001	-2.364e-006		
-2.169e-001	-4.920e-006		
-2.209e-001	-2.704e-006		
-2.249e-001	-2.505e-006		
-2.289e-001	-4.648e-006		
-2.329e-001	-2.738e-006		
-2.369e-001	-2.534e-006		
-2.409e-001	-4.286e-006		
-2.449e-001	-2.843e-006		
-2.489e-001	-2.601e-006		
-2.529e-001	-3.869e-006		
-2.569e-001	-2.917e-006		
-2.609e-001	-2.764e-006		
-2.649e-001	-3.504e-006		
-2.688e-001	-2.946e-006		
-2.729e-001	-2.819e-006		
-2.769e-001	-3.045e-006		
-2.809e-001	-2.797e-006		
-2.849e-001	-2.959e-006		
-2.889e-001	-2.639e-006		
-2.929e-001	-2.658e-006		
-2.969e-001	-3.110e-006		
-3.009e-001	-2.283e-006		
-3.049e-001	-2.316e-006		
-3.089e-001	-3.421e-006		
-3.129e-001	-1.958e-006		
-3.169e-001	-2.034e-006		
-3.209e-001	-3.720e-006		
-3.249e-001	-1.687e-006		
-3.289e-001	-1.663e-006		
-3.329e-001	-3.958e-006		
-3.368e-001	-1.606e-006		
-3.408e-001	-1.490e-006		
-3.448e-001	-4.085e-006		
-3.488e-001	-1.855e-006		
-3.528e-001	-1.648e-006		
-3.569e-001	-4.086e-006		
-3.608e-001	-2.070e-006		
-3.649e-001	-1.939e-006		
-3.688e-001	-3.994e-006		
-3.728e-001	-2.351e-006		
-3.768e-001	-2.277e-006		
-3.808e-001	-3.958e-006		
-3.848e-001	-2.830e-006		
-3.888e-001	-2.724e-006		
-3.928e-001	-3.988e-006		
-3.968e-001	-3.244e-006		
-4.009e-001	-3.156e-006		
-4.049e-001	-3.913e-006		
-4.089e-001	-3.501e-006		
-4.129e-001	-3.639e-006		
-4.168e-001	-3.743e-006		
-4.209e-001	-3.680e-006		
-4.248e-001	-4.081e-006		
-4.289e-001	-3.728e-006		
-4.328e-001	-3.850e-006		
-4.368e-001	-4.567e-006		
-4.408e-001	-3.573e-006		
-4.449e-001	-3.642e-006		
-4.488e-001	-5.014e-006		
-4.528e-001	-3.438e-006		
-4.568e-001	-3.413e-006		
-4.608e-001	-5.411e-006		
-4.648e-001	-3.157e-006		
-4.688e-001	-3.123e-006		
-4.728e-001	-5.366e-006		
-4.768e-001	-3.029e-006		
-4.808e-001	-2.765e-006		
-4.848e-001	-5.287e-006		
-4.887e-001	-3.026e-006		
-4.928e-001	-2.713e-006		
-4.967e-001	-5.087e-006		
-5.008e-001	-3.060e-006		
-5.048e-001	-2.894e-006		
-5.088e-001	-4.760e-006		
-5.127e-001	-3.377e-006		
-5.168e-001	-3.358e-006		
-5.208e-001	-5.126e-006		
-5.248e-001	-4.449e-006		
-5.288e-001	-4.667e-006		
-5.328e-001	-6.279e-006		
-5.367e-001	-6.421e-006		
-5.408e-001	-7.429e-006		
-5.447e-001	-9.262e-006		
-5.489e-001	-1.068e-005		
-5.528e-001	-1.288e-005		
-5.568e-001	-1.550e-005		
-5.607e-001	-1.876e-005		
-5.648e-001	-2.324e-005		
-5.687e-001	-2.761e-005		
-5.728e-001	-3.359e-005		
-5.767e-001	-4.141e-005		
-5.807e-001	-4.862e-005		
-5.846e-001	-5.795e-005		
-5.887e-001	-7.017e-005		
-5.926e-001	-8.097e-005		
-5.967e-001	-9.478e-005		
-6.006e-001	-1.122e-004		
-6.046e-001	-1.269e-004		
-6.085e-001	-1.446e-004		
-6.126e-001	-1.665e-004		
-6.165e-001	-1.847e-004		
-6.205e-001	-2.057e-004		
-6.244e-001	-2.298e-004		
-6.284e-001	-2.501e-004		
-6.326e-001	-2.759e-004		
-6.367e-001	-2.994e-004		
-6.406e-001	-3.190e-004		
-6.447e-001	-3.383e-004		
-6.486e-001	-3.586e-004		
-6.526e-001	-3.738e-004		
-6.566e-001	-3.885e-004		
-6.607e-001	-4.023e-004		
-6.646e-001	-4.113e-004		
-6.687e-001	-4.184e-004		
-6.726e-001	-4.234e-004		
-6.767e-001	-4.241e-004		
-6.806e-001	-4.226e-004		
-6.847e-001	-4.188e-004		
-6.886e-001	-4.124e-004		
-6.927e-001	-4.048e-004		
-6.966e-001	-3.959e-004		
-7.007e-001	-3.865e-004		
-7.046e-001	-3.776e-004		
-7.086e-001	-3.678e-004		
-7.126e-001	-3.589e-004		
-7.167e-001	-3.514e-004		
-7.206e-001	-3.423e-004		
-7.246e-001	-3.348e-004		
-7.286e-001	-3.294e-004		
-7.326e-001	-3.210e-004		
-7.366e-001	-3.147e-004		
-7.407e-001	-3.110e-004		
-7.446e-001	-3.033e-004		
-7.487e-001	-2.979e-004		
-7.525e-001	-2.956e-004		
-7.566e-001	-2.885e-004		
-7.606e-001	-2.839e-004		
-7.647e-001	-2.821e-004		
-7.686e-001	-2.758e-004		
-7.727e-001	-2.716e-004		
-7.766e-001	-2.699e-004		
-7.806e-001	-2.646e-004		
-7.846e-001	-2.608e-004		
-7.887e-001	-2.591e-004		
-7.926e-001	-2.546e-004		
-7.967e-001	-2.512e-004		
-8.006e-001	-2.493e-004		
-8.047e-001	-2.455e-004		
-8.086e-001	-2.424e-004		
-8.126e-001	-2.403e-004		
-8.166e-001	-2.371e-004		
-8.206e-001	-2.344e-004		
-8.245e-001	-2.319e-004		
-8.286e-001	-2.292e-004		
-8.325e-001	-2.270e-004		
-8.365e-001	-2.243e-004		
-8.405e-001	-2.221e-004		
-8.446e-001	-2.204e-004		
-8.485e-001	-2.173e-004		
-8.525e-001	-2.152e-004		
-8.565e-001	-2.141e-004		
-8.605e-001	-2.106e-004		
-8.643e-001	-2.074e-004		
-8.683e-001	-2.073e-004		
-8.723e-001	-2.032e-004		
-8.763e-001	-2.014e-004		
-8.803e-001	-2.018e-004		
-8.844e-001	-1.977e-004		
-8.884e-001	-1.957e-004		
-8.924e-001	-1.964e-004		
-8.963e-001	-1.924e-004		
-9.003e-001	-1.904e-004		
-9.044e-001	-1.911e-004		
-9.084e-001	-1.874e-004		
-9.124e-001	-1.856e-004		
-9.164e-001	-1.858e-004		
-9.204e-001	-1.826e-004		
-9.243e-001	-1.809e-004		
-9.284e-001	-1.809e-004		
-9.324e-001	-1.783e-004		
-9.363e-001	-1.765e-004		
-9.403e-001	-1.763e-004		
-9.443e-001	-1.742e-004		
-9.483e-001	-1.727e-004		
-9.523e-001	-1.719e-004		
-9.563e-001	-1.702e-004		
-9.603e-001	-1.690e-004		
-9.643e-001	-1.678e-004		
-9.683e-001	-1.666e-004		
-9.724e-001	-1.657e-004		
-9.763e-001	-1.639e-004		
-9.803e-001	-1.630e-004		
-9.843e-001	-1.627e-004		
-9.883e-001	-1.605e-004		
-9.923e-001	-1.595e-004		
-9.963e-001	-1.599e-004		
-1.000e+000	-1.572e-004		
-9.963e-001	-1.509e-004		
-9.923e-001	-1.489e-004		
-9.883e-001	-1.435e-004		
-9.843e-001	-1.407e-004		
-9.804e-001	-1.408e-004		
-9.763e-001	-1.365e-004		
-9.724e-001	-1.343e-004		
-9.684e-001	-1.351e-004		
-9.644e-001	-1.315e-004		
-9.604e-001	-1.299e-004		
-9.564e-001	-1.306e-004		
-9.524e-001	-1.275e-004		
-9.484e-001	-1.261e-004		
-9.444e-001	-1.269e-004		
-9.404e-001	-1.243e-004		
-9.364e-001	-1.231e-004		
-9.325e-001	-1.235e-004		
-9.284e-001	-1.216e-004		
-9.244e-001	-1.205e-004		
-9.204e-001	-1.206e-004		
-9.164e-001	-1.190e-004		
-9.125e-001	-1.181e-004		
-9.085e-001	-1.176e-004		
-9.045e-001	-1.166e-004		
-9.005e-001	-1.159e-004		
-8.964e-001	-1.149e-004		
-8.925e-001	-1.143e-004		
-8.885e-001	-1.139e-004		
-8.845e-001	-1.126e-004		
-8.805e-001	-1.119e-004		
-8.764e-001	-1.121e-004		
-8.724e-001	-1.101e-004		
-8.685e-001	-1.095e-004		
-8.645e-001	-1.105e-004		
-8.604e-001	-1.079e-004		
-8.565e-001	-1.073e-004		
-8.525e-001	-1.089e-004		
-8.485e-001	-1.059e-004		
-8.445e-001	-1.053e-004		
-8.405e-001	-1.070e-004		
-8.365e-001	-1.041e-004		
-8.325e-001	-1.032e-004		
-8.285e-001	-1.049e-004		
-8.245e-001	-1.021e-004		
-8.205e-001	-1.010e-004		
-8.166e-001	-1.023e-004		
-8.126e-001	-9.950e-005		
-8.085e-001	-9.834e-005		
-8.047e-001	-9.907e-005		
-8.006e-001	-9.666e-005		
-7.966e-001	-9.534e-005		
-7.926e-001	-9.540e-005		
-7.886e-001	-9.338e-005		
-7.846e-001	-9.196e-005		
-7.806e-001	-9.134e-005		
-7.766e-001	-8.956e-005		
-7.726e-001	-8.805e-005		
-7.686e-001	-8.665e-005		
-7.647e-001	-8.500e-005		
-7.606e-001	-8.348e-005		
-7.566e-001	-8.134e-005		
-7.525e-001	-7.955e-005		
-7.486e-001	-7.819e-005		
-7.445e-001	-7.532e-005		
-7.406e-001	-7.329e-005		
-7.366e-001	-7.207e-005		
-7.326e-001	-6.827e-005		
-7.285e-001	-6.576e-005		
-7.246e-001	-6.479e-005		
-7.206e-001	-5.985e-005		
-7.167e-001	-5.677e-005		
-7.126e-001	-5.575e-005		
-7.087e-001	-4.991e-005		
-7.046e-001	-4.582e-005		
-7.007e-001	-4.422e-005		
-6.966e-001	-3.743e-005		
-6.927e-001	-3.226e-005		
-6.886e-001	-2.917e-005		
-6.847e-001	-2.112e-005		
-6.807e-001	-1.442e-005		
-6.768e-001	-9.005e-006		
-6.727e-001	7.442e-007		
-6.688e-001	9.996e-006		
-6.648e-001	1.863e-005		
-6.608e-001	3.107e-005		
-6.568e-001	4.390e-005		
-6.528e-001	5.687e-005		
-6.488e-001	7.307e-005		
-6.449e-001	9.043e-005		
-6.409e-001	1.086e-004		
-6.369e-001	1.301e-004		
-6.329e-001	1.517e-004		
-6.289e-001	1.745e-004		
-6.250e-001	1.984e-004		
-6.210e-001	2.224e-004		
-6.170e-001	2.464e-004		
-6.131e-001	2.692e-004		
-6.091e-001	2.894e-004		
-6.048e-001	3.110e-004		
-6.008e-001	3.259e-004		
-5.968e-001	3.358e-004		
-5.928e-001	3.447e-004		
-5.888e-001	3.485e-004		
-5.848e-001	3.469e-004		
-5.808e-001	3.460e-004		
-5.768e-001	3.410e-004		
-5.728e-001	3.313e-004		
-5.688e-001	3.247e-004		
-5.648e-001	3.154e-004		
-5.608e-001	3.027e-004		
-5.568e-001	2.944e-004		
-5.528e-001	2.842e-004		
-5.488e-001	2.717e-004		
-5.448e-001	2.638e-004		
-5.408e-001	2.544e-004		
-5.369e-001	2.435e-004		
-5.331e-001	2.369e-004		
-5.291e-001	2.292e-004		
-5.251e-001	2.200e-004		
-5.211e-001	2.139e-004		
-5.171e-001	2.073e-004		
-5.130e-001	1.999e-004		
-5.091e-001	1.944e-004		
-5.050e-001	1.888e-004		
-5.010e-001	1.829e-004		
-4.971e-001	1.782e-004		
-4.931e-001	1.732e-004		
-4.890e-001	1.687e-004		
-4.850e-001	1.643e-004		
-4.810e-001	1.597e-004		
-4.770e-001	1.565e-004		
-4.730e-001	1.526e-004		
-4.690e-001	1.481e-004		
-4.650e-001	1.460e-004		
-4.610e-001	1.426e-004		
-4.570e-001	1.380e-004		
-4.530e-001	1.369e-004		
-4.490e-001	1.340e-004		
-4.450e-001	1.291e-004		
-4.410e-001	1.289e-004		
-4.370e-001	1.264e-004		
-4.330e-001	1.215e-004		
-4.290e-001	1.216e-004		
-4.250e-001	1.197e-004		
-4.210e-001	1.152e-004		
-4.170e-001	1.152e-004		
-4.130e-001	1.135e-004		
-4.091e-001	1.096e-004		
-4.050e-001	1.096e-004		
-4.011e-001	1.080e-004		
-3.970e-001	1.047e-004		
-3.930e-001	1.044e-004		
-3.890e-001	1.031e-004		
-3.850e-001	1.003e-004		
-3.810e-001	9.981e-005		
-3.770e-001	9.851e-005		
-3.730e-001	9.631e-005		
-3.690e-001	9.558e-005		
-3.650e-001	9.441e-005		
-3.610e-001	9.289e-005		
-3.570e-001	9.188e-005		
-3.530e-001	9.052e-005		
-3.490e-001	8.964e-005		
-3.450e-001	8.847e-005		
-3.410e-001	8.689e-005		
-3.370e-001	8.658e-005		
-3.330e-001	8.548e-005		
-3.290e-001	8.329e-005		
-3.250e-001	8.377e-005		
-3.210e-001	8.268e-005		
-3.170e-001	8.006e-005		
-3.130e-001	8.118e-005		
-3.090e-001	8.022e-005		
-3.050e-001	7.714e-005		
-3.010e-001	7.856e-005		
-2.970e-001	7.782e-005		
-2.930e-001	7.448e-005		
-2.890e-001	7.595e-005		
-2.850e-001	7.543e-005		
-2.810e-001	7.225e-005		
-2.770e-001	7.363e-005		
-2.730e-001	7.308e-005		
-2.690e-001	7.034e-005		
-2.650e-001	7.137e-005		
-2.610e-001	7.077e-005		
-2.570e-001	6.859e-005		
-2.530e-001	6.908e-005		
-2.490e-001	6.863e-005		
-2.450e-001	6.689e-005		
-2.410e-001	6.708e-005		
-2.370e-001	6.654e-005		
-2.330e-001	6.533e-005		
-2.290e-001	6.515e-005		
-2.250e-001	6.466e-005		
-2.210e-001	6.398e-005		
-2.170e-001	6.348e-005		
-2.130e-001	6.272e-005		
-2.090e-001	6.257e-005		
-2.050e-001	6.197e-005		
-2.010e-001	6.080e-005		
-1.970e-001	6.128e-005		
-1.930e-001	6.075e-005		
-1.891e-001	5.890e-005		
-1.850e-001	6.003e-005		
-1.810e-001	5.957e-005		
-1.771e-001	5.719e-005		
-1.731e-001	5.882e-005		
-1.690e-001	5.845e-005		
-1.651e-001	5.570e-005		
-1.611e-001	5.753e-005		
-1.570e-001	5.736e-005		
-1.530e-001	5.434e-005		
-1.490e-001	5.617e-005		
-1.450e-001	5.598e-005		
-1.410e-001	5.338e-005		
-1.370e-001	5.494e-005		
-1.330e-001	5.472e-005		
-1.290e-001	5.247e-005		
-1.250e-001	5.368e-005		
-1.210e-001	5.341e-005		
-1.170e-001	5.165e-005		
-1.130e-001	5.231e-005		
-1.091e-001	5.218e-005		
-1.050e-001	5.082e-005		
-1.011e-001	5.112e-005		
-9.708e-002	5.088e-005		
-9.307e-002	4.999e-005		
-8.906e-002	4.999e-005		
-8.507e-002	4.952e-005		
-8.107e-002	4.928e-005		
-7.705e-002	4.883e-005		
-7.309e-002	4.813e-005		
-6.908e-002	4.836e-005		
-6.506e-002	4.795e-005		
-6.107e-002	4.667e-005		
-5.710e-002	4.758e-005		
-5.306e-002	4.712e-005		
-4.909e-002	4.528e-005		
-4.509e-002	4.679e-005		
-4.109e-002	4.645e-005		
-3.705e-002	4.401e-005		
-3.306e-002	4.598e-005		
-2.906e-002	4.569e-005		
-2.504e-002	4.295e-005		
-2.107e-002	4.494e-005		
-1.706e-002	4.488e-005		
-1.306e-002	4.210e-005		
-9.075e-003	4.395e-005		
-5.076e-003	4.390e-005		
-1.061e-003	4.141e-005		
2.936e-003	4.301e-005		
6.936e-003	4.286e-005		
1.095e-002	4.091e-005		
1.491e-002	4.203e-005		
1.891e-002	4.198e-005		
2.294e-002	4.035e-005		
2.692e-002	4.092e-005		
3.094e-002	4.088e-005		
3.492e-002	3.977e-005		
3.891e-002	4.005e-005		
4.290e-002	3.981e-005		
4.694e-002	3.932e-005		
5.093e-002	3.924e-005		
5.490e-002	3.883e-005		
5.892e-002	3.883e-005		
6.291e-002	3.848e-005		
6.692e-002	3.773e-005		
7.092e-002	3.820e-005		
7.489e-002	3.790e-005		
7.890e-002	3.654e-005		
8.291e-002	3.780e-005		
8.693e-002	3.739e-005		
9.090e-002	3.546e-005		
9.491e-002	3.727e-005		
9.893e-002	3.704e-005		
1.029e-001	3.454e-005		
1.069e-001	3.662e-005		
1.109e-001	3.650e-005		
1.149e-001	3.378e-005		
1.189e-001	3.592e-005		
1.229e-001	3.593e-005		
1.269e-001	3.330e-005		
1.309e-001	3.516e-005		
1.349e-001	3.515e-005		
1.389e-001	3.295e-005		
1.429e-001	3.449e-005		
1.469e-001	3.447e-005		
1.509e-001	3.273e-005		
1.549e-001	3.368e-005		
1.589e-001	3.372e-005		
1.629e-001	3.232e-005		
1.669e-001	3.293e-005		
1.709e-001	3.296e-005		
1.749e-001	3.209e-005		
1.789e-001	3.234e-005		
1.829e-001	3.216e-005		
1.869e-001	3.187e-005		
1.908e-001	3.181e-005		
1.948e-001	3.140e-005		
1.989e-001	3.166e-005		
2.029e-001	3.139e-005		
2.069e-001	3.057e-005		
2.108e-001	3.137e-005		
2.149e-001	3.111e-005		
2.189e-001	2.967e-005		
2.229e-001	3.116e-005		
2.269e-001	3.091e-005		
2.309e-001	2.888e-005		
2.348e-001	3.085e-005		
2.388e-001	3.064e-005		
2.428e-001	2.817e-005		
2.468e-001	3.031e-005		
2.508e-001	3.034e-005		
2.548e-001	2.762e-005		
2.588e-001	2.965e-005		
2.628e-001	2.972e-005		
2.668e-001	2.727e-005		
2.708e-001	2.912e-005		
2.749e-001	2.915e-005		
2.788e-001	2.714e-005		
2.828e-001	2.852e-005		
2.868e-001	2.864e-005		
2.908e-001	2.697e-005		
2.948e-001	2.794e-005		
2.988e-001	2.806e-005		
3.028e-001	2.684e-005		
3.068e-001	2.737e-005		
3.108e-001	2.743e-005		
3.148e-001	2.682e-005		
3.188e-001	2.706e-005		
3.228e-001	2.682e-005		
3.268e-001	2.673e-005		
3.308e-001	2.659e-005		
3.348e-001	2.618e-005		
3.388e-001	2.664e-005		
3.428e-001	2.647e-005		
3.468e-001	2.544e-005		
3.508e-001	2.650e-005		
3.548e-001	2.633e-005		
3.588e-001	2.482e-005		
3.628e-001	2.650e-005		
3.668e-001	2.631e-005		
3.708e-001	2.415e-005		
3.748e-001	2.636e-005		
3.788e-001	2.632e-005		
3.828e-001	2.384e-005		
3.867e-001	2.609e-005		
3.908e-001	2.620e-005		
3.948e-001	2.361e-005		
3.987e-001	2.569e-005		
4.028e-001	2.585e-005		
4.068e-001	2.357e-005		
4.108e-001	2.540e-005		
4.147e-001	2.546e-005		
4.188e-001	2.365e-005		
4.228e-001	2.508e-005		
4.268e-001	2.521e-005		
4.307e-001	2.381e-005		
4.348e-001	2.467e-005		
4.388e-001	2.484e-005		
4.428e-001	2.388e-005		
4.468e-001	2.437e-005		
4.508e-001	2.437e-005		
4.548e-001	2.400e-005		
4.588e-001	2.416e-005		
4.627e-001	2.397e-005		
4.668e-001	2.408e-005		
4.707e-001	2.391e-005		
4.748e-001	2.342e-005		
4.787e-001	2.404e-005		
4.828e-001	2.386e-005		
4.867e-001	2.271e-005		
4.907e-001	2.401e-005		
4.947e-001	2.385e-005		
4.988e-001	2.211e-005		
			
