0.058333333333333334	0.0001774958093758563
0.11666666666666667	0.0002467287597615737
0.175	5.955906098861085e-05
0.23333333333333334	8.439019644568937e-05
0.2916666666666667	3.691235216958668e-05
0.35	5.202501809408923e-05
0.4083333333333333	1.1189614003098633e-05
0.4666666666666667	0.0
0.525	5.949219078540159e-05
0.5833333333333334	0.0004446645612506701
0.6416666666666667	0.0006659380636585725
0.7	0.0008558940208984425
0.7583333333333333	0.0008392656303679479
0.8166666666666667	0.0009278240694801285
0.875	0.000922407583020462
0.9333333333333333	0.0010246521237220916
0.9916666666666667	0.000985198703830685
1.05	0.0010778362253384174
1.1083333333333334	0.0011751323710028152
1.1666666666666667	0.0011385543698492547
1.225	0.0011169330041460584
1.2833333333333334	0.0011986706825312487
1.3416666666666666	0.0011808386283430382
1.4	0.0012220529635855344
1.4583333333333333	0.0012894358383492234
1.5166666666666666	0.0013277524647861338
1.575	0.0012965240798890304
1.6333333333333333	0.0014258287628212726
1.6916666666666667	0.0013969408350363714
1.75	0.0013475237548673017
1.8083333333333333	0.0015358748272302405
1.8666666666666667	0.001442992114977421
1.925	0.0014356363926247772
1.9833333333333334	0.0015198705585963185
2.0416666666666665	0.0015491374175327147
2.1	0.0015348717741821523
2.158333333333333	0.0015151896443719132
2.216666666666667	0.0016321233397110807
2.275	0.001594252514628875
2.3333333333333335	0.0016211566263853395
2.3916666666666666	0.001581502595884315
2.45	0.0016807602675094197
2.5083333333333333	0.0016902112562291686
2.566666666666667	0.0015655651974536022
2.625	0.0016333270033687865
2.683333333333333	0.0016352439491940244
2.7416666666666667	0.0016634631749468528
2.8	0.0018148573150047356
2.8583333333333334	0.001751598102772068
2.9166666666666665	0.0018011712134152864
2.975	0.0018637840136836211
3.033333333333333	0.0018320652472963537
3.091666666666667	0.0019214261288470046
3.15	0.0019687925227844286
3.2083333333333335	0.0019219165103371788
3.2666666666666666	0.0020233363185325984
3.325	0.0019477284087746059
3.3833333333333333	0.0020953109472497534
3.441666666666667	0.0020554785962068407
3.5	0.0021460877215506674
3.558333333333333	0.002150813215910542
3.6166666666666667	0.002209302353647865
3.675	0.0021931420545398053
3.7333333333333334	0.0022732302679125847
3.7916666666666665	0.002251854092954476
3.85	0.0023405685625407942
3.908333333333333	0.0024128106720707762
3.966666666666667	0.002470274466692272
4.025	0.002493010335782235
4.083333333333333	0.0024358140219735563
4.141666666666667	0.002556960540114684
4.2	0.002543920850489557
4.258333333333334	0.00256924236743681
4.316666666666666	0.002609119298615192
4.375	0.0026935763652640907
4.433333333333334	0.0026606093550836374
4.491666666666666	0.0027963781576590937
4.55	0.0026897647636813554
4.608333333333333	0.0028640062231678697
4.666666666666667	0.0028851817875163712
4.725	0.0028080581531523766
4.783333333333333	0.0029352675697174933
4.841666666666667	0.0030005105979785977
4.9	0.0029893655641109683
4.958333333333333	0.002992263272916544
5.016666666666667	0.0030211957808369146
5.075	0.003053583249256244
5.133333333333334	0.003200541665834799
5.191666666666666	0.003106678190601631
5.25	0.003271669271978014
5.308333333333334	0.003279337055278944
5.366666666666666	0.0033360652776651682
5.425	0.003276483926608827
5.483333333333333	0.0034461559222096158
5.541666666666667	0.0034653030903942015
5.6	0.0034301739436434337
5.658333333333333	0.0034603769854247095
5.716666666666667	0.003595410215764904
5.775	0.003584488082574622
5.833333333333333	0.003660385763213181
5.891666666666667	0.0037684034314582433
5.95	0.003673804383989803
6.008333333333334	0.003785254722666095
6.066666666666666	0.003785789684291749
6.125	0.003856939580502694
6.183333333333334	0.0038419160748491203
6.241666666666666	0.003950178933839279
6.3	0.003933639703579714
6.358333333333333	0.004071860413606051
6.416666666666667	0.003996363954186727
6.475	0.004124175202580697
6.533333333333333	0.004122258256755469
6.591666666666667	0.004239615463381602
6.65	0.004190198383212532
6.708333333333333	0.004369633428481365
6.766666666666667	0.004335886265930182
6.825	0.004469314611393445
6.883333333333334	0.004380644721942586
6.941666666666666	0.004460287133960661
7.0	0.004590572579873242
7.058333333333334	0.004614422952349971
7.116666666666666	0.004547641909415136
7.175	0.00461379883045339
7.233333333333333	0.004765861672543313
7.291666666666667	0.0047576143474812715
7.35	0.004920599322761478
7.408333333333333	0.004862801177123956
7.466666666666667	0.0049947583781166875
7.525	0.005061383390577375
7.583333333333333	0.005201743947106298
7.641666666666667	0.005131485653604762
7.7	0.0051052056637448905
7.758333333333334	0.005369699607491466
7.816666666666666	0.005382717007048852
7.875	0.0054033576097717115
7.933333333333334	0.005369588157152787
7.991666666666666	0.005418826916779979
8.05	0.005569084263383355
8.108333333333333	0.005620306839038974
8.166666666666666	0.005619548976735974
8.225	0.005646854309711673
8.283333333333333	0.005804066157448447
8.341666666666667	0.005809326613433965
8.4	0.005974696625961844
8.458333333333334	0.005923786111254521
8.516666666666667	0.00595374396229071
8.575	0.00602192927949286
8.633333333333333	0.00616159884392199
8.691666666666666	0.006219597600169129
8.75	0.006265047048281325
8.808333333333334	0.006370479068669098
8.866666666666667	0.006295941082162392
8.925	0.006435476906185105
8.983333333333333	0.006414769433259058
9.041666666666666	0.006528069847557368
9.1	0.006691054822837584
9.158333333333333	0.006586826466107508
9.216666666666667	0.00679617478227706
9.275	0.006776827003482858
9.333333333333334	0.006800989436907874
9.391666666666667	0.0068658312439497425
9.45	0.007026163701169451
9.508333333333333	0.007008955768877832
9.566666666666666	0.007081799710236657
9.625	0.0071518128129931064
9.683333333333334	0.007307219165243331
9.741666666666667	0.00727068574422524
9.8	0.00739082920931828
9.858333333333333	0.007489730239859619
9.916666666666666	0.007490577262433558
9.975	0.007640188197072613
10.033333333333333	0.0076608733799309395
10.091666666666667	0.007850539566290254
10.15	0.007753912122657909
10.208333333333334	0.007955481205187841
10.266666666666667	0.007950555100218349
10.325	0.008030933084471696
10.383333333333333	0.008110976717709006
10.441666666666666	0.008285485658008348
10.5	0.008271911006757577
10.558333333333334	0.008198688134247246
10.616666666666667	0.008304766566599342
10.675	0.00855885104871355
10.733333333333333	0.008445350023805621
10.791666666666666	0.008572314249625651
10.85	0.008746310518367079
10.908333333333333	0.008691343211331934
10.966666666666667	0.008826799952959093
11.025	0.008770406081588895
11.083333333333334	0.009035345826690177
11.141666666666667	0.008986798059162776
11.2	0.00904932169916018
11.258333333333333	0.009215226673313705
11.316666666666666	0.009313771062771287
11.375	0.009243891700421248
11.433333333333334	0.00946518749289689
11.491666666666667	0.009405784462382426
11.55	0.009486452217516329
11.608333333333333	0.00964749795690357
11.666666666666666	0.009658709860974408
11.725	0.009805311636469197
11.783333333333333	0.009949171733632559
11.841666666666667	0.009980734469545687
11.9	0.010044439483133048
11.958333333333334	0.009999725607256125
12.016666666666667	0.010076113669384858
12.075	0.010191598510321222
12.133333333333333	0.010261968254161435
12.191666666666666	0.010474325729475245
12.25	0.010465744053397173
12.308333333333334	0.01061693758284543
12.366666666666667	0.010739644405728029
12.425	0.01080852071502997
12.483333333333333	0.010799470947529456
12.541666666666666	0.01099593560454802
12.6	0.010918054107881034
12.658333333333333	0.01100939880546012
12.716666666666667	0.011266447866583113
12.775	0.011201762090015405
12.833333333333334	0.01128383411941662
12.891666666666667	0.011449560773028266
12.95	0.01151221815343208
13.008333333333333	0.011532390664732484
13.066666666666666	0.011668694428933592
13.125	0.011769111184080935
13.183333333333334	0.011877017401987317
13.241666666666667	0.012008395061218926
13.3	0.012103685100787156
13.358333333333333	0.012239409323227143
13.416666666666666	0.012138145545505873
13.475	0.012255881683283499
13.533333333333333	0.012385364686757619
13.591666666666667	0.012527330128163471
13.65	0.012592818347169665
13.708333333333334	0.012676027170025389
13.766666666666667	0.012769065912752358
13.825	0.01288526403585625
13.883333333333333	0.012850825881205287
13.941666666666666	0.013131101192908418
14.0	0.013052038322651465
14.058333333333334	0.013202518569932186
14.116666666666667	0.013305052881514375
14.175	0.013439595730364394
14.233333333333333	0.01356107659952156
14.291666666666666	0.013508784100614643
14.35	0.01373627653192068
14.408333333333333	0.013703643872756265
14.466666666666667	0.01381915100376038
14.525	0.013862750376250536
14.583333333333334	0.014138032712780987
14.641666666666667	0.01413083302090249
14.7	0.014184908725228226
14.758333333333333	0.014449893050464983
14.816666666666666	0.014446705570778843
14.875	0.014414942224256096
14.933333333333334	0.014762466670316504
14.991666666666667	0.014727538134175357
15.05	0.014728139966004208
15.108333333333333	0.014852674574441097
15.166666666666666	0.015012160009086874
15.225	0.01497515849664634
15.283333333333333	0.015129405765374328
15.341666666666667	0.015336948586057322
15.4	0.015382286583830838
15.458333333333334	0.015527283474448686
15.516666666666667	0.01556029506476461
15.575	0.015827084885487917
15.633333333333333	0.01576139605587211
15.691666666666666	0.015939159346060792
15.75	0.01606139807752096
15.808333333333334	0.01608152600868589
15.866666666666667	0.016190346119369422
15.925	0.016277165933198254
15.983333333333333	0.016397131077749417
16.041666666666668	0.016505460806942766
16.1	0.016611962750581834
16.158333333333335	0.016797884205561622
16.216666666666665	0.016852383421174334
16.275	0.01684070342568106
16.333333333333332	0.01704349846193644
16.391666666666666	0.01716335215614892
16.45	0.017141062088413664
16.508333333333333	0.01737218780076055
16.566666666666666	0.017406090993785883
16.625	0.0174838610401142
16.683333333333334	0.017587420694812214
16.741666666666667	0.01774813208318342
16.8	0.01788517141961979
16.858333333333334	0.017912320722121327
16.916666666666668	0.018062711809131122
16.975	0.018235058612860143
17.033333333333335	0.01832809735558711
17.091666666666665	0.018472403254105173
17.15	0.01857005604085334
17.208333333333332	0.018765383904417406
17.266666666666666	0.01879148557373539
17.325	0.018834371664058033
17.383333333333333	0.01891651056366246
17.441666666666666	0.019112039037836148
17.5	0.019059323027642256
17.558333333333334	0.01924441975011584
17.616666666666667	0.019337681393520167
17.675	0.019572752447856195
17.733333333333334	0.019681639428742938
17.791666666666668	0.019780228398335983
17.85	0.019992162362362825
17.908333333333335	0.020033488147943992
17.966666666666665	0.020241766540862245
18.025	0.020228994332049943
18.083333333333332	0.020246826386238145
18.141666666666666	0.020552534665227218
18.2	0.020595955717175495
18.258333333333333	0.020683890034391094
18.316666666666666	0.020785488163128404
18.375	0.02082137517218216
18.433333333333334	0.020972813892375514
18.491666666666667	0.02109052774008541
18.55	0.021273217135243584
18.608333333333334	0.021404572504407467
18.666666666666668	0.02140582074820064
18.725	0.02174469664797977
18.783333333333335	0.021704998037343277
18.841666666666665	0.0217550838195444
18.9	0.021955649849026253
18.958333333333332	0.0221734683909352
19.016666666666666	0.02212302596765031
19.075	0.022223041501578417
19.133333333333333	0.022516111312161597
19.191666666666666	0.022512611771527156
19.25	0.022606564407031276
19.308333333333334	0.022797924638538466
19.366666666666667	0.022745119468073637
19.425	0.022788005558396274
19.483333333333334	0.023088275060857942
19.541666666666668	0.023155256714402394
19.6	0.0232734832336702
19.658333333333335	0.023402186084773586
19.716666666666665	0.02365896766508376
19.775	0.02365121072151189
19.833333333333332	0.023907435050128687
19.891666666666666	0.024042334540062472
19.95	0.023970070140464764
20.008333333333333	0.02411640443514673
20.066666666666666	0.024182383035643094
20.125	0.02440107089019371
20.183333333333334	0.02451769252458459
20.241666666666667	0.024593077533665228
20.3	0.024798569668116575
20.358333333333334	0.024696726348634176
20.416666666666668	0.02499813264455034
20.475	0.025228812555542532
20.533333333333335	0.025218224773368287
20.591666666666665	0.025410142256568857
20.65	0.025443933999255507
20.708333333333332	0.025802157677828855
20.766666666666666	0.02580046363268097
20.825	0.026003370119275022
20.883333333333333	0.026001609203923946
20.941666666666666	0.026227229269540218
21.0	0.02617576150313952
21.058333333333334	0.02644727681822269
21.116666666666667	0.026465554673765605
21.175	0.026609548511335374
21.233333333333334	0.026642649261922238
21.291666666666668	0.02679063302161662
21.35	0.026947243037524545
21.408333333333335	0.026962645474329597
21.466666666666665	0.02725375375895207
21.525	0.02723496323185125
21.583333333333332	0.02736645234142154
21.641666666666666	0.027706665645264784
21.7	0.02775679600760139
21.758333333333333	0.02787390802348243
21.816666666666666	0.027949493643172695
21.875	0.028237436738176764
21.933333333333334	0.02815500806769177
21.991666666666667	0.028238863302511817
22.05	0.028482939544212896
22.108333333333334	0.028629429869369012
22.166666666666668	0.028703544344588754
22.225	0.028766090274653888
22.283333333333335	0.029114417163152773
22.341666666666665	0.02909462358300385
22.4	0.02925651634496504
22.458333333333332	0.029395316596752492
22.516666666666666	0.029516106473809853
22.575	0.02965434947390393
22.633333333333333	0.029891738695284435
22.691666666666666	0.02994193592782424
22.75	0.029955176228058968
22.808333333333334	0.030068030841002586
22.866666666666667	0.030308340061256402
22.925	0.030411387044396505
22.983333333333334	0.03058986361675272
23.041666666666668	0.030625237954248572
23.1	0.030750374394514318
23.158333333333335	0.030946326379974978
23.216666666666665	0.030989769721990995
23.275	0.031148987675823938
23.333333333333332	0.03135285263533062
23.391666666666666	0.031395181473959866
23.45	0.03154682080476283
23.508333333333333	0.0317193905091692
23.566666666666666	0.0317583981277059
23.625	0.03207364655568566
23.683333333333334	0.032051356487950405
23.741666666666667	0.032315248599868125
23.8	0.03232434294750412
23.858333333333334	0.032582551092149345
23.916666666666668	0.032672424645257915
23.975	0.03263627015539132
24.033333333333335	0.03281982886319116
24.091666666666665	0.032974722543883485
24.15	0.03315431361962646
24.208333333333332	0.03337676849562434
24.266666666666666	0.033332611871440786
24.325	0.03353059225306536
24.383333333333333	0.033802642529774184
24.441666666666666	0.03387867395081915
24.5	0.03386298174313352
24.558333333333334	0.03401312763939824
24.616666666666667	0.0342409544217203
24.675	0.034291887226495364
24.733333333333334	0.03427354250074925
24.791666666666668	0.0345188001160403
24.85	0.034705345692916674
24.908333333333335	0.03482323786116846
24.966666666666665	0.0349656268138613
25.025	0.03525383738967817
25.083333333333332	0.035372844061316716
25.141666666666666	0.03529117325313474
25.2	0.035669992954295446
25.258333333333333	0.03571838469134869
25.316666666666666	0.035847399603400366
25.375	0.03596776596917076
25.433333333333334	0.036225461442258085
25.491666666666667	0.0362467038768098
25.55	0.03636519787689042
25.608333333333334	0.03669743133648445
25.666666666666668	0.036859257228242424
25.725	0.03670200080037017
25.783333333333335	0.037029887696755824
25.841666666666665	0.037066019896554676
25.9	0.03731352880868699
25.958333333333332	0.037476446913764
26.016666666666666	0.03756917359554267
26.075	0.03761384289128413
26.133333333333333	0.03780399945913362
26.191666666666666	0.03790401499306172
26.25	0.038079415536070464
26.308333333333334	0.03806791386111908
26.366666666666667	0.03840966517963604
26.425	0.0385124223918956
26.483333333333334	0.03877152213925024
26.541666666666668	0.038746802454131826
26.6	0.03906131530987634
26.658333333333335	0.03916077359211105
26.716666666666665	0.03913707925010846
26.775	0.03929210667120719
26.833333333333332	0.039501722468189567
26.891666666666666	0.039552031151068034
26.95	0.039827893029359594
27.008333333333333	0.04005895187150328
27.066666666666666	0.040070943927944865
27.125	0.040235400047695595
27.183333333333334	0.04034495573061438
27.241666666666667	0.040444748363865135
27.3	0.040476221939507326
27.358333333333334	0.040708818796324736
27.416666666666668	0.04092418543078281
27.475	0.04094473687323473
27.533333333333335	0.04114840122213177
27.591666666666665	0.041392588914171524
27.65	0.04139771562975065
27.708333333333332	0.041651688661526166
27.766666666666666	0.041784336854618694
27.825	0.04212615504333888
27.883333333333333	0.042256440489251465
27.941666666666666	0.0424374581293295
28.0	0.04231314642156996
28.058333333333334	0.042578286777280865
28.116666666666667	0.042910943748161866
28.175	0.04283230438919187
28.233333333333334	0.04309189451803668
28.291666666666668	0.04335228708931997
28.35	0.043236155836419266
28.408333333333335	0.04344104613904176
28.466666666666665	0.04372475412117613
28.525	0.043739577016220076
28.583333333333332	0.04370623107488815
28.641666666666666	0.04406911337761815
28.7	0.04431040336085232
28.758333333333333	0.04435184059677217
28.816666666666666	0.04432014412045262
28.875	0.04460273759920022
28.933333333333334	0.04485922940862985
28.991666666666667	0.04483856651583926
29.05	0.04509973923949329
29.108333333333334	0.045346624029729006
29.166666666666668	0.04533260357712353
29.225	0.045406651182140045
29.283333333333335	0.045686101761336986
29.341666666666665	0.04570141503787111
29.4	0.04600275446358407
29.458333333333332	0.04602406376833899
29.516666666666666	0.046068264972658
29.575	0.046276476495373045
29.633333333333333	0.04668396122364129
29.691666666666666	0.046452924671565345
29.75	0.046542463873657874
29.808333333333334	0.04695491928703109
29.866666666666667	0.04691880937729998
29.925	0.04718024958176683
29.983333333333334	0.047446682761406386
30.041666666666668	0.047473475422824145
30.1	0.04743393284266181
30.158333333333335	0.047795544611530905
30.216666666666665	0.04807902969298791
30.275	0.047964325004422284
30.333333333333332	0.04833146471008971
30.391666666666666	0.048257706875953744
30.45	0.048518478378388546
30.508333333333333	0.048767792786007395
30.566666666666666	0.04887922083461595
30.625	0.0488517594711661
30.683333333333334	0.049145007602291194
30.741666666666667	0.049345595921840776
30.8	0.04945570885645293
30.858333333333334	0.049646355805792595
30.916666666666668	0.0497265777595718
30.975	0.04982902291088305
31.033333333333335	0.050057206334288895
31.091666666666665	0.05021408383100963
31.15	0.05009271441219116
31.208333333333332	0.05047717350048888
31.266666666666666	0.05065910503334407
31.325	0.05087890739128145
31.383333333333333	0.050881292428529123
31.441666666666666	0.051107425165703324
31.5	0.05110417081581396
31.558333333333334	0.051395613451452465
31.616666666666667	0.05146482411177044
31.675	0.05162620420217372
31.733333333333334	0.05176551712551908
31.791666666666668	0.051923843476642625
31.85	0.05229376944077698
31.908333333333335	0.052443647856228834
31.966666666666665	0.0523566943019936
32.025	0.05272236286319053
32.083333333333336	0.052569653609136256
32.141666666666666	0.05267212105051524
32.2	0.052910089813656865
32.25833333333333	0.05308693921106842
32.31666666666667	0.053317262480976825
32.375	0.05335767437378085
32.43333333333333	0.053478219060093146
32.49166666666667	0.05362963549021874
32.55	0.05395116971729985
32.608333333333334	0.05402497213157128
32.666666666666664	0.05410017882011004
32.725	0.0541780380267093
32.78333333333333	0.05432961048730907
32.84166666666667	0.054563455587919654
32.9	0.05492540170780477
32.958333333333336	0.05485360539962952
33.016666666666666	0.054986119852315614
33.075	0.055183944203466034
33.13333333333333	0.055271633329936544
33.19166666666667	0.05523748494616612
33.25	0.055543616736442175
33.30833333333333	0.055747459405881106
33.36666666666667	0.05588095462154757
33.425	0.05609694537790221
33.483333333333334	0.0561677386330294
33.541666666666664	0.05652453574726767
33.6	0.056417966933425406
33.65833333333333	0.05668798881397034
33.71666666666667	0.05678528495963473
33.775	0.05708272362349402
33.833333333333336	0.056989350529751015
33.891666666666666	0.05731777238776232
33.95	0.057344052377622204
34.00833333333333	0.05749221445785846
34.06666666666667	0.057656938058422
34.125	0.05794153764326578
34.18333333333333	0.05802267348982213
34.24166666666667	0.05809607468287433
34.3	0.058330855966329816
34.358333333333334	0.05849682781068654
34.416666666666664	0.05845186874406453
34.475	0.05870838284356188
34.53333333333333	0.058981948844876717
34.59166666666667	0.05924728981119722
34.65	0.059067988506334795
34.708333333333336	0.05952317397955652
34.766666666666666	0.05951390131137864
34.825	0.05975733114111541
34.88333333333333	0.05994374297758538
34.94166666666667	0.05987303888272912
35.0	0.06016829311995036
35.05833333333333	0.06010144520681232
35.11666666666667	0.06041667134472435
35.175	0.06069946543408156
35.233333333333334	0.060619421800844245
35.291666666666664	0.06074128160115292
35.35	0.060960459837193705
35.40833333333333	0.061144642666890146
35.46666666666667	0.061436575684018835
35.525	0.061298889935618134
35.583333333333336	0.06160172279586936
35.641666666666666	0.061875377957455124
35.7	0.06190970466176742
35.75833333333333	0.06221269355249278
35.81666666666667	0.06223848316086248
35.875	0.0624220864487978
35.93333333333333	0.062406305080841246
35.99166666666667	0.0625841129511654
36.05	0.0627512661691121
36.108333333333334	0.06284274460709761
36.166666666666664	0.06312518205537104
36.225	0.06343773338515485
36.28333333333333	0.06342788117521586
36.34166666666667	0.06362621819792419
36.4	0.06381439094974524
36.458333333333336	0.06404108093861283
36.516666666666666	0.06423640880217689
36.575	0.06426768176720946
36.63333333333333	0.06429360511598556
36.69166666666667	0.06467258084762043
36.75	0.06451235984073939
36.80833333333333	0.0648887053443815
36.86666666666667	0.06533914303317558
36.925	0.06517428569220562
36.983333333333334	0.06532541235145066
37.041666666666664	0.06559166721054834
37.1	0.06559251423312228
37.15833333333333	0.06585939321411652
37.21666666666667	0.06579818468811549
37.275	0.06613911127412628
37.333333333333336	0.0663823850733889
37.391666666666666	0.06622838299540598
37.45	0.06663022833653723
37.50833333333333	0.06661921704307602
37.56666666666667	0.06682408505563078
37.625	0.06703060253319792
37.68333333333333	0.06731141280652674
37.74166666666667	0.06729797189568237
37.8	0.06753602981909491
37.858333333333334	0.0674753339646518
37.916666666666664	0.067784653234614
37.975	0.06776755675266105
38.03333333333333	0.06808086594474784
38.09166666666667	0.06825116206224521
38.15	0.06822773520105545
38.208333333333336	0.06837616476210454
38.266666666666666	0.06875083851066649
38.325	0.0687711893425088
38.38333333333333	0.06879561925674663
38.44166666666667	0.06897371689795133
38.5	0.0693289091273127
38.55833333333333	0.0693650190370438
38.61666666666667	0.06965363083407994
38.675	0.06966945678217197
38.733333333333334	0.06984516938612902
38.791666666666664	0.07006015708943558
38.85	0.07033305438871834
38.90833333333333	0.07022704282656944
38.96666666666667	0.07065356327268361
39.025	0.07046380792605336
39.083333333333336	0.07062344939117329
39.141666666666666	0.07086942028863187
39.2	0.07112221194681743
39.25833333333333	0.0710665536476825
39.31666666666667	0.07130218195371191
39.375	0.07159549695504015
39.43333333333333	0.07159230947535401
39.49166666666667	0.07173224652059597
39.55	0.0718751927249822
39.608333333333334	0.07189217775659645
39.666666666666664	0.07221678801302502
39.725	0.07227902188214186
39.78333333333333	0.07253531308096187
39.84166666666667	0.0724447485357535
39.9	0.07266637867924519
39.958333333333336	0.07284195754279581
40.016666666666666	0.0731068972878971
40.075	0.0730641003578454
40.13333333333333	0.07323916654983813
40.19166666666667	0.07363893891466998
40.25	0.0733429491052135
40.30833333333333	0.07385818402091397
40.36666666666667	0.07383823441029091
40.425	0.07403142242735242
40.483333333333334	0.07396441848374022
40.541666666666664	0.07437228214315998
40.6	0.07436552825263619
40.65833333333333	0.07469640201809837
40.71666666666667	0.07470313361855441
40.775	0.07491894605436719
40.833333333333336	0.0751611499303785
40.891666666666666	0.07500732617293748
40.95	0.07520635418774563
41.00833333333333	0.07550214338659249
41.06666666666667	0.07542965608631744
41.125	0.07567569385397921
41.18333333333333	0.07585379149518391
41.24166666666667	0.075891840640808
41.3	0.076137945278673
41.358333333333334	0.07611828543893048
41.416666666666664	0.07611846375947239
41.475	0.07638964472353953
41.53333333333333	0.07648248285565688
41.59166666666667	0.0767898628897261
41.65	0.0767113572711625
41.708333333333336	0.07700429334133929
41.766666666666666	0.07734372649281179
41.825	0.07711895344976943
41.88333333333333	0.07724244042502276
41.94166666666667	0.07745464186986244
42.0	0.07766419079664161
42.05833333333333	0.07780711471096008
42.11666666666667	0.07775007442762556
42.175	0.07798487800114876
42.233333333333334	0.07808854910618546
42.291666666666664	0.07827794781173193
42.35	0.07818825257916527
42.40833333333333	0.07840246013010109
42.46666666666667	0.07846580850260469
42.525	0.07875045266758395
42.583333333333336	0.0790063426451847
42.641666666666666	0.0789861701338843
42.7	0.0790203630977902
42.75833333333333	0.07914906594889358
42.81666666666667	0.07949759344800209
42.875	0.07955902487468043
42.93333333333333	0.07966817933638
42.99166666666667	0.07951823405072492
43.05	0.07975141044930345
43.108333333333334	0.080084357191065
43.166666666666664	0.0798468342292781
43.225	0.08018557638865081
43.28333333333333	0.0801741192938349
43.34166666666667	0.08025347193497243
43.4	0.08038607554792947
43.458333333333336	0.0804334419418669
43.516666666666666	0.08071886625921688
43.575	0.08063053072078204
43.63333333333333	0.08095025945237659
43.69166666666667	0.08097667318264287
43.75	0.0809994536318683
43.80833333333333	0.08100692080455961
43.86666666666667	0.08128282726298663
43.925	0.08144478689515104
43.983333333333334	0.08156559906227615
44.041666666666664	0.08168023688063858
44.1	0.08182752964823314
44.15833333333333	0.08180026889539292
44.21666666666667	0.08209108740913486
44.275	0.0821669182195702
44.333333333333336	0.08223363239230182
44.391666666666666	0.08240009461814875
44.45	0.08242202804480023
44.50833333333333	0.08268444901224743
44.56666666666667	0.08252583289024333
44.625	0.08286054054735596
44.68333333333333	0.08297303851921584
44.74166666666667	0.08323808971465578
44.8	0.08305107604635696
44.858333333333334	0.08339547988293444
44.916666666666664	0.08321617857807201
44.975	0.08337000233551303
45.03333333333333	0.08351092014373533
45.09166666666667	0.08373484616420372
45.15	0.08359874301061225
45.208333333333336	0.08400845674565405
45.266666666666666	0.08397716149055373
45.325	0.08399820331449583
45.38333333333333	0.08431438792532045
45.44166666666667	0.08422253055618345
45.5	0.0844677881714745
45.55833333333333	0.08460892888037415
45.61666666666667	0.08471955448654427
45.675	0.08478042866152924
45.733333333333334	0.08477585919764352
45.791666666666664	0.08505707069219154
45.85	0.08509899830960155
45.90833333333333	0.08505305847999918
45.96666666666667	0.08518613018437868
46.025	0.08549538258413766
46.083333333333336	0.08522832528260152
46.141666666666666	0.08538930415178554
46.2	0.08573397546917585
46.25833333333333	0.08573569180439147
46.31666666666667	0.08571210891272757
46.375	0.08582910947826992
46.43333333333333	0.08609647884075436
46.49166666666667	0.08614208431934069
46.55	0.08605544282605376
46.608333333333334	0.08595188317135573
46.666666666666664	0.08619205865120314
46.725	0.08612320463196894
46.78333333333333	0.0862516400022595
46.84166666666667	0.08650168998211362
46.9	0.08641908299108675
46.958333333333336	0.08672271829377645
47.016666666666666	0.08683494878482348
47.075	0.08672381050709548
47.13333333333333	0.08685480923517559
47.19166666666667	0.08672499188068544
47.25	0.08685095305345737
47.30833333333333	0.08721998741488232
47.36666666666667	0.08751961050537968
47.425	0.08735163255492677
47.483333333333334	0.08753724194895827
47.541666666666664	0.08756563949525296
47.6	0.08755482881240138
47.65833333333333	0.08759706849075968
47.71666666666667	0.08779480368163917
47.775	0.0881607397236489
47.833333333333336	0.08794813705759
47.891666666666666	0.08804699350799589
47.95	0.08825718884673936
48.00833333333333	0.08807494525293588
48.06666666666667	0.08818403284443226
48.125	0.08813107164349328
48.18333333333333	0.08850048493606971
48.24166666666667	0.08853171332096682
48.3	0.08836585292694876
48.358333333333334	0.08870666806262086
48.416666666666664	0.08852669805572637
48.475	0.08870408241476356
48.53333333333333	0.08871975233238144
48.59166666666667	0.08876551384144193
48.65	0.08914431125253491
48.708333333333336	0.08900682611474384
48.766666666666666	0.08940762382269152
48.825	0.08926628250318225
48.88333333333333	0.08951963141306118
48.94166666666667	0.08936449254162379
49.0	0.08969191134658701
49.05833333333333	0.08935807300211604
49.11666666666667	0.08947661158233214
49.175	0.08964503533413976
49.233333333333334	0.08974721300463818
49.291666666666664	0.0894593367798373
49.35	0.08968787684432691
49.40833333333333	0.08972327347189052
49.46666666666667	0.08996492009620845
49.525	0.08990879370565107
49.583333333333336	0.09007581318319137
49.641666666666666	0.09031005950502119
49.7	0.090219985341303
49.75833333333333	0.0903038182860553
49.81666666666667	0.09032474865965873
49.875	0.09063417937995959
49.93333333333333	0.09048586126924918
49.99166666666667	0.09068154577389702
50.05	0.09045153456493686
