0.058333333333333334	0.000973607868608351
0.11666666666666667	0.0008846927884124047
0.175	0.0009273113979222144
0.23333333333333334	0.0009770182489718408
0.2916666666666667	0.0008868995051181887
0.35	0.0009583614622774299
0.4083333333333333	0.000856295242117678
0.4666666666666667	0.0008889056112143652
0.525	0.0009264197952128048
0.5833333333333334	0.0004595097463623458
0.6416666666666667	0.0006634415760722219
0.7	0.0006144702972578669
0.7583333333333333	0.0006953386630013774
0.8166666666666667	0.0005883240478044037
0.875	0.0007466726889956849
0.9333333333333333	0.0006521405117304546
0.9916666666666667	0.0007312925422583553
1.05	0.0006100345737785488
1.1083333333333334	0.0006749655410913568
1.1666666666666667	0.0006769716471875332
1.225	0.0005672822238623206
1.2833333333333334	0.0006080953378855816
1.3416666666666666	0.0005221002565629511
1.4	0.00048505416398695597
1.4583333333333333	0.0005108214822889135
1.5166666666666666	0.0004899133987532389
1.575	0.00042402395852781234
1.6333333333333333	0.0005418492565763892
1.6916666666666667	0.0005014373637723737
1.75	0.00038256443254023915
1.8083333333333333	0.00045928684568499853
1.8666666666666667	0.0003518710092687895
1.925	0.0004377323501850015
1.9833333333333334	0.0002756389776142043
2.0416666666666665	0.0003773039765547108
2.1	0.0002824151582057248
2.158333333333333	0.00034645452280911295
2.216666666666667	0.0002600359301995174
2.275	0.00033528719887375414
2.3333333333333335	0.0003145128557444879
2.3916666666666666	0.0002390163963251742
2.45	0.000195417023835006
2.5083333333333333	0.00027664203066229254
2.566666666666667	0.00019907259494359312
2.625	0.0003004032428680736
2.683333333333333	0.00020624999675433877
2.7416666666666667	0.00028237057807024515
2.8	0.000212023124297771
2.8583333333333334	0.00018291229583552272
2.9166666666666665	0.00020257213557802194
2.975	0.0001671977980821672
3.033333333333333	0.00023239624620780195
3.091666666666667	0.00020769885115713178
3.15	0.0001405165870030705
3.2083333333333335	0.00023625242792599659
3.2666666666666666	9.508942895861377e-05
3.325	0.0002042438906581724
3.3833333333333333	9.680576417422358e-05
3.441666666666667	7.90628702569619e-05
3.5	0.00018993366717213033
3.558333333333333	8.102439621765878e-05
3.6166666666666667	0.00015685520665300863
3.675	5.748608468922509e-05
3.7333333333333334	0.000171053979800372
3.7916666666666665	9.049767500514765e-05
3.85	1.7898924391409854e-05
3.908333333333333	0.0001347434594596383
3.966666666666667	6.125310613649099e-05
4.025	0.00011401369646584154
4.083333333333333	7.302226190070275e-05
4.141666666666667	3.3301361196468987e-05
4.2	8.218347973989523e-05
4.258333333333334	3.468334539606287e-05
4.316666666666666	6.513157792242543e-05
4.375	0.00013300483417628872
4.433333333333334	3.376945261891355e-05
4.491666666666666	0.0001508368883644893
4.55	0.00014229979242188955
4.608333333333333	2.9935560968448543e-05
4.666666666666667	0.00015163933080295988
4.725	0.00015649856556924278
4.783333333333333	6.178806776213466e-05
4.841666666666667	0.00014744879806872905
4.9	7.82381377507515e-05
4.958333333333333	0.00010166499894050648
5.016666666666667	8.630714227091681e-05
5.075	4.259631944207999e-05
5.133333333333334	0.00014007078564835562
5.191666666666666	5.481127656099653e-05
5.25	0.00011619812310389588
5.308333333333334	4.959540071094778e-05
5.366666666666666	5.490043683193546e-05
5.425	7.424821562613832e-05
5.483333333333333	4.676456210857103e-05
5.541666666666667	0.0001617813116225008
5.6	3.314533072233094e-05
5.658333333333333	3.878471785934465e-05
5.716666666666667	7.549645941931366e-05
5.775	8.907111067009443e-05
5.833333333333333	0.0001460445238014055
5.891666666666667	0.00011610896283295697
5.95	0.00013093185787690294
6.008333333333334	6.958959146947305e-05
6.066666666666666	8.62179819999779e-05
6.125	0.00012032178563491748
6.183333333333334	5.2203338635977225e-05
6.241666666666666	0.00013799780934898
6.3	0.0
6.358333333333333	0.0001216146095635623
6.416666666666667	5.525707791570129e-05
6.475	2.204487699017123e-05
6.533333333333333	0.0001233532348469119
6.591666666666667	8.247325062043152e-06
6.65	7.308913210391202e-05
6.708333333333333	9.339538381073365e-05
6.766666666666667	9.751904634175522e-05
6.825	9.629309261630954e-05
6.883333333333334	0.00016672970665973277
6.941666666666666	8.120271675954679e-05
7.0	0.0001648573409699647
7.058333333333334	0.00021837579360232652
7.116666666666666	0.0001383098702972764
7.175	0.00023993028910231342
7.233333333333333	0.00030610950020829654
7.291666666666667	0.00019269763557130793
7.35	0.00024396479136239605
7.408333333333333	0.0002907739336064467
7.466666666666667	0.0002959675193887556
7.525	0.0002533489098789459
7.583333333333333	0.0002909522541483245
7.641666666666667	0.00030555224851492316
7.7	0.0002723623376571228
7.758333333333334	0.000358045358031457
7.816666666666666	0.0002457702868489549
7.875	0.00035559345058057575
7.933333333333334	0.0003662703930257603
7.991666666666666	0.00040443098898852237
8.05	0.000367585507022145
8.108333333333333	0.00032073178464262484
8.166666666666666	0.00034536230949008573
8.225	0.0004334972373153011
8.283333333333333	0.0003016960667967184
8.341666666666667	0.0004441295996250164
8.4	0.00044252471474808534
8.458333333333334	0.00032659407245700614
8.516666666666667	0.0003707284065728181
8.575	0.0003932636650531635
8.633333333333333	0.0005046248434585061
8.691666666666666	0.00039072259733134333
8.75	0.00047045416962035734
8.808333333333334	0.0004862801177123915
8.866666666666667	0.0004870825601508622
8.925	0.00045861814365293627
8.983333333333333	0.0005092388874797122
9.041666666666666	0.0005459060489042116
9.1	0.0004892446967211869
9.158333333333333	0.000472616306190682
9.216666666666667	0.0005234376606270654
9.275	0.0005786947385427768
9.333333333333334	0.0004899579788887083
9.391666666666667	0.00052475277462345
9.45	0.0006626391336337614
9.508333333333333	0.0005417378062377206
9.566666666666666	0.0005525707791570534
9.625	0.0006378302882444125
9.683333333333334	0.000541358875086215
9.741666666666667	0.000613779305158075
9.8	0.0006520513514595056
9.858333333333333	0.0006083182385629289
9.916666666666666	0.0006697942453767774
9.975	0.0006506247871244524
10.033333333333333	0.0007060378955143019
10.091666666666667	0.0007393392567107809
10.15	0.0006388556313602406
10.208333333333334	0.0006835249271016961
10.266666666666667	0.0006882950015970401
10.325	0.0006973447690975539
10.383333333333333	0.0007907624429760173
10.441666666666666	0.0007501276494946443
10.5	0.0007035414079279613
10.558333333333334	0.0007849670253648553
10.616666666666667	0.0007242265907862784
10.675	0.000784654964416559
10.733333333333333	0.0008109349542764305
10.791666666666666	0.0007291526957557707
10.85	0.0008365462421042397
10.908333333333333	0.0007816903854077739
10.966666666666667	0.000787040001664231
11.025	0.0007607600118043594
11.083333333333334	0.0008716308087195379
11.141666666666667	0.000882619812113019
11.2	0.0007797065693793371
11.258333333333333	0.0009012097286042309
11.316666666666666	0.0008883929396564513
11.375	0.0008626924915577029
11.433333333333334	0.0009702420683803204
11.491666666666667	0.0008631605829801373
11.55	0.000990637480358081
11.608333333333333	0.0009707547399382345
11.666666666666666	0.0009829028268539518
11.725	0.0010179428133337703
11.783333333333333	0.0010260341079216756
11.841666666666667	0.0010859275199263123
11.9	0.0010958243100007662
11.958333333333334	0.0010066194589242634
12.016666666666667	0.0010332115097324312
12.075	0.0010599373009469973
12.133333333333333	0.001056995012005952
12.191666666666666	0.0011514157389325038
12.25	0.0010845455357267287
12.308333333333334	0.001070703403663131
12.366666666666667	0.0010809345447536111
12.425	0.0012086789229443814
12.483333333333333	0.0011336505549475022
12.541666666666666	0.0011062114815653943
12.6	0.001159484743452669
12.658333333333333	0.0011612233687360186
12.716666666666667	0.0012665216487173724
12.775	0.0012358505155136625
12.833333333333334	0.0012004538879500678
12.891666666666667	0.0012380349421517167
12.95	0.0012738996611377459
13.008333333333333	0.0012762624083176883
13.066666666666666	0.0012739442412732153
13.125	0.0012919546160033038
13.183333333333334	0.0013799780934898405
13.241666666666667	0.0013044370539350475
13.3	0.0013738706149303823
13.358333333333333	0.001420835787648571
13.416666666666666	0.0014630531759391452
13.475	0.0014166006747788709
13.533333333333333	0.0014833148475104972
13.591666666666667	0.0015437432211407882
13.65	0.001455586003247833
13.708333333333334	0.0014451542515477353
13.766666666666667	0.0015362760484494758
13.825	0.001617813116225049
13.883333333333333	0.0015034873588109109
13.941666666666666	0.0016030348013165723
14.0	0.0016531428735854343
14.058333333333334	0.0015364543689913538
14.116666666666667	0.0017374216196924448
14.175	0.001643424404052858
14.233333333333333	0.0016260827313548316
14.291666666666666	0.0016548146286655744
14.35	0.001679289123038887
14.408333333333333	0.001723423457154699
14.466666666666667	0.0017401410079561426
14.525	0.001790048469615387
14.583333333333334	0.0018742603455191983
14.641666666666667	0.0018840679753227133
14.7	0.0017991205271836407
14.758333333333333	0.001795487246142793
14.816666666666666	0.0018735693534194062
14.875	0.0018465760813920033
14.933333333333334	0.0018743272157223977
14.991666666666667	0.001914003536291162
15.05	0.0019007632360564172
15.108333333333333	0.0019515177202896015
15.166666666666666	0.002000778769984523
15.225	0.002027281660521742
15.283333333333333	0.0019187513207187658
15.341666666666667	0.0019894331255072765
15.4	0.0020895378197063213
15.458333333333334	0.002010898460736324
15.516666666666667	0.002044601043152039
15.575	0.002093126520611699
15.633333333333333	0.0021179576560687776
15.691666666666666	0.002204376248678373
15.75	0.0021068794924043476
15.808333333333334	0.0022354263130335886
15.866666666666667	0.0021347420770734204
15.925	0.0021683777892859252
15.983333333333333	0.0022472846290687394
16.041666666666668	0.0023309615433469073
16.1	0.0023806461043287936
16.158333333333335	0.002374494045633866
16.216666666666665	0.0023415493255211526
16.275	0.0023535190918949826
16.333333333333332	0.0024141480761348906
16.391666666666666	0.002337715433870688
16.45	0.002435167610009234
16.508333333333333	0.002378439387623
16.566666666666666	0.0023812925162931165
16.625	0.0023946219767988
16.683333333333334	0.0025338234498054855
16.741666666666667	0.0025635806902320566
16.8	0.0025496939780329897
16.858333333333334	0.0025172619294781904
16.916666666666668	0.002491383160837554
16.975	0.0026012286146369144
17.033333333333335	0.002551120542368053
17.091666666666665	0.0026412838663571747
17.15	0.0025881889250117876
17.208333333333332	0.002640659744460582
17.266666666666666	0.002586004498373733
17.325	0.002685864001827691
17.383333333333333	0.002718674981533986
17.441666666666666	0.0026606093550836374
17.5	0.0027468050470158857
17.558333333333334	0.0027215726903395718
17.616666666666667	0.0027452670323421537
17.675	0.002809618457893838
17.733333333333334	0.0029126208608984687
17.791666666666668	0.0027713018314569284
17.85	0.002872186678026714
17.908333333333335	0.0029600987051745715
17.966666666666665	0.0028341821125380997
18.025	0.0029779084692950425
18.083333333333332	0.0028875222446285635
18.141666666666666	0.0029259726114718924
18.2	0.0030029847954972087
18.258333333333333	0.0030274147097350515
18.316666666666666	0.0030401869185473517
18.375	0.003077299881326556
18.433333333333334	0.003120029941175044
18.491666666666667	0.0031638967944780396
18.55	0.0030338565393105365
18.608333333333334	0.0032164567741977726
18.666666666666668	0.003186253732416497
18.725	0.003054876073184889
18.783333333333335	0.003158212827205546
18.841666666666665	0.0032516082110162796
18.9	0.0032400396658616754
18.958333333333332	0.003212310821599021
19.016666666666666	0.003279559955956292
19.075	0.003285221633161046
19.133333333333333	0.003308715364554009
19.191666666666666	0.003315803606093826
19.25	0.0033041013205328137
19.308333333333334	0.0033859727393244126
19.366666666666667	0.0034405388251403323
19.425	0.00349178369086369
19.483333333333334	0.003419920512485214
19.541666666666668	0.00350460047981146
19.6	0.0035870291502964422
19.658333333333335	0.003522165053186844
19.716666666666665	0.003504065518185816
19.775	0.00359233418641744
19.833333333333332	0.003554441071267495
19.891666666666666	0.0036654010284536123
19.95	0.0036401463817095693
20.008333333333333	0.00375930908382226
20.066666666666666	0.0037044086469903144
20.125	0.0037943267802343487
20.183333333333334	0.0038207850906360986
20.241666666666667	0.00389643758052957
20.3	0.003814142650450996
20.358333333333334	0.003996341664118997
20.416666666666668	0.003968077858230689
20.475	0.004006862576090034
20.533333333333335	0.003962973432719309
20.591666666666665	0.003983881516254984
20.65	0.0040133935659364675
20.708333333333332	0.0040339450083883765
20.766666666666666	0.004211351657493294
20.825	0.004211552268102911
20.883333333333333	0.004154422824497442
20.941666666666666	0.0042261968426049795
21.0	0.0043068868878066114
21.058333333333334	0.004265449651886768
21.116666666666667	0.004375584876566675
21.175	0.004309606276070321
21.233333333333334	0.0042544606484932876
21.291666666666668	0.004392302427368119
21.35	0.004356660609059447
21.408333333333335	0.0044762691125268435
21.466666666666665	0.004525998253644199
21.525	0.004487079795378447
21.583333333333332	0.004502214751370679
21.641666666666666	0.004556981447796216
21.7	0.0045878309015418145
21.758333333333333	0.0047231984828980346
21.816666666666666	0.004605328604713989
21.875	0.0047852986116084665
21.933333333333334	0.004809906846388188
21.991666666666667	0.004769071442297196
22.05	0.004815947454744446
22.108333333333334	0.004794058608228424
22.166666666666668	0.004869844838528294
22.225	0.004943268321648242
22.283333333333335	0.0049230735202800986
22.341666666666665	0.0049655806794512295
22.4	0.004928333976265617
22.458333333333332	0.005039427673858143
22.516666666666666	0.00496807716703758
22.575	0.005060246597122879
22.633333333333333	0.00498602067156447
22.691666666666666	0.00500140081830179
22.75	0.005094818492180263
22.808333333333334	0.005171251134444466
22.866666666666667	0.0051578325136678324
22.925	0.005299352153718992
22.983333333333334	0.005210659974200404
23.041666666666668	0.005335306032975959
23.1	0.0053555008343441025
23.158333333333335	0.00537529441449302
23.216666666666665	0.005334637330943907
23.275	0.005384834563483707
23.333333333333332	0.005435031796023509
23.391666666666666	0.00545023362221895
23.45	0.005428144165093309
23.508333333333333	0.005435054086091249
23.566666666666666	0.005471386896499712
23.625	0.005563355715975393
23.683333333333334	0.005516613443934551
23.741666666666667	0.005619593556871452
23.8	0.005600424098619127
23.858333333333334	0.0056838558221521986
23.916666666666668	0.0055517425906853185
23.975	0.005696962381980534
24.033333333333335	0.0056291782859976104
24.091666666666665	0.005850340338066843
24.15	0.005790224025384849
24.208333333333332	0.00576204937976748
24.266666666666666	0.005772057620180612
24.325	0.005866277736497556
24.383333333333333	0.005928868246698162
24.441666666666666	0.00589237940581554
24.5	0.006063121324667616
24.558333333333334	0.005971977237698145
24.616666666666667	0.005978129296393073
24.675	0.006014283786259669
24.733333333333334	0.006146820529013513
24.791666666666668	0.006039248662123156
24.85	0.006082535973665029
24.908333333333335	0.006109618405963371
24.966666666666665	0.00623731820401866
25.025	0.006187388452291687
25.083333333333332	0.006278510249193417
25.141666666666666	0.006175062044834081
25.2	0.00633113709911636
25.258333333333333	0.0063599135765625816
25.316666666666666	0.006320326416264767
25.375	0.006517883286602358
25.433333333333334	0.006535425569910012
25.491666666666667	0.006411626533708385
25.55	0.0064653233068826255
25.608333333333334	0.0065226087809622324
25.666666666666668	0.006620640498861901
25.725	0.006529451831756962
25.783333333333335	0.006684234062110594
25.841666666666665	0.006692771158053194
25.9	0.006600579437900166
25.958333333333332	0.006763965634399609
26.016666666666666	0.006716755270936334
26.075	0.006709065197567673
26.133333333333333	0.006807921647973543
26.191666666666666	0.006906666648040734
26.25	0.0067608896050521455
26.308333333333334	0.006881612611906308
26.366666666666667	0.006972021126640516
26.425	0.006888834593852534
26.483333333333334	0.006969725249663784
26.541666666666668	0.006950332890734111
26.6	0.007087327647035003
26.658333333333335	0.006996807681962115
26.716666666666665	0.0071930717283710715
26.775	0.007128720302819377
26.833333333333332	0.007088330700083091
26.891666666666666	0.007197173100834353
26.95	0.007179073565833326
27.008333333333333	0.00731506526908614
27.066666666666666	0.007340676556913949
27.125	0.007288718409023059
27.183333333333334	0.007346070753305885
27.241666666666667	0.007315912291660081
27.3	0.0074554481156827905
27.358333333333334	0.007410533629196249
27.416666666666668	0.007511061834682269
27.475	0.007460396510720024
27.533333333333335	0.007405741264633166
27.591666666666665	0.007453575749993033
27.65	0.007520111602182782
27.708333333333332	0.007633099955532806
27.766666666666666	0.007630380567269097
27.825	0.007630714918285134
27.883333333333333	0.007662389104536932
27.941666666666666	0.007698922525555023
28.0	0.007711494123757706
28.058333333333334	0.007816903854077748
28.116666666666667	0.0077810391350917095
28.175	0.007828717589977429
28.233333333333334	0.0077841820346423824
28.291666666666668	0.00795895845575455
28.35	0.00799812210476539
28.408333333333335	0.007893893748035324
28.466666666666665	0.007889703215301094
28.525	0.007965177384652687
28.583333333333332	0.008026207590111821
28.641666666666666	0.008011406985135605
28.7	0.008004898285356912
28.758333333333333	0.008106853055177984
28.816666666666666	0.008054203915187304
28.875	0.008194921112799992
28.933333333333334	0.008245764757304114
28.991666666666667	0.00814652937574675
29.05	0.008251560174915285
29.108333333333334	0.008329976633207926
29.166666666666668	0.008341255407481964
29.225	0.008389780884941625
29.283333333333335	0.008399699965083806
29.341666666666665	0.008446107886108611
29.4	0.00848883794595711
29.458333333333332	0.008539926781206322
29.516666666666666	0.008642661703398124
29.575	0.008602784772219743
29.633333333333333	0.008621396978778683
29.691666666666666	0.008801768206892397
29.75	0.008834044224973048
29.808333333333334	0.008819577971012868
29.866666666666667	0.00877680333102891
29.925	0.008843695824302415
29.983333333333334	0.008898952902218127
30.041666666666668	0.008880140085049568
30.1	0.008908314730666937
30.158333333333335	0.009020634381984896
30.216666666666665	0.00896675928826878
30.275	0.009132352201474016
30.333333333333332	0.009176887756809063
30.391666666666666	0.009110597095364402
30.45	0.009212395834711328
30.508333333333333	0.009269770469061883
30.566666666666666	0.00938418538674696
30.625	0.009436054374366912
30.683333333333334	0.009368782949941902
30.741666666666667	0.009353893184694746
30.8	0.009488837254764002
30.858333333333334	0.009443610707329162
30.916666666666668	0.009523141669008568
30.975	0.009558114785285189
31.033333333333335	0.009496460457929462
31.091666666666665	0.00955020181123917
31.15	0.009654920549459413
31.208333333333332	0.009707123888095389
31.266666666666666	0.009753754709797552
31.325	0.009670033215383914
31.383333333333333	0.009774105541639844
31.441666666666666	0.009871758328388007
31.5	0.00982704445251108
31.558333333333334	0.009902206560914369
31.616666666666667	0.009917608997719428
31.675	0.009906151902903513
31.733333333333334	0.009946987306994504
31.791666666666668	0.009996270646757156
31.85	0.01004283459825611
31.908333333333335	0.010081396415438105
31.966666666666665	0.010114452585889498
32.025	0.010106584191978948
32.083333333333336	0.010223985978740562
32.141666666666666	0.01015508737937087
32.2	0.010222938345557004
32.25833333333333	0.010213554227040454
32.31666666666667	0.01029999510971779
32.375	0.010404602397599353
32.43333333333333	0.010278908705640237
32.49166666666667	0.01047372389764639
32.55	0.010490084807364068
32.608333333333334	0.010350727303883235
32.666666666666664	0.010563642030890425
32.725	0.010593176370639638
32.78333333333333	0.010718691742056884
32.84166666666667	0.010677655727356267
32.9	0.010615243537697548
32.958333333333336	0.01065607894178854
33.016666666666666	0.010758613253370727
33.075	0.01080080835159357
33.13333333333333	0.010785940876414156
33.19166666666667	0.010805734456563064
33.25	0.010773101797398646
33.30833333333333	0.010931606469064065
33.36666666666667	0.010870643133808141
33.425	0.011007838500718651
33.483333333333334	0.010954877299779682
33.541666666666664	0.0110844940436602
33.6	0.010999323694843782
33.65833333333333	0.011114830825847894
33.71666666666667	0.011213620406050555
33.775	0.011148199057247572
33.833333333333336	0.011240970319161724
33.891666666666666	0.011181322097902164
33.95	0.011222112921857695
34.00833333333333	0.011294889993013311
34.06666666666667	0.011294555641997285
34.125	0.011364457294415055
34.18333333333333	0.011362785539334903
34.24166666666667	0.011389689651091358
34.3	0.011436677113877287
34.358333333333334	0.011450407795602207
34.416666666666664	0.011579935379211795
34.475	0.011580604081243846
34.53333333333333	0.011568478284395868
34.59166666666667	0.011585418735874669
34.65	0.011668694428933592
34.708333333333336	0.011810214068984753
34.766666666666666	0.011722190591498214
34.825	0.01173115119872779
34.88333333333333	0.0118274442913441
34.94166666666667	0.011762936835318268
35.0	0.01189386869319517
35.05833333333333	0.011842757567878217
35.11666666666667	0.012038063141374558
35.175	0.01196024851491077
35.233333333333334	0.01200560880275202
35.291666666666664	0.011985146520571055
35.35	0.01205914954545211
35.40833333333333	0.012130678372814558
35.46666666666667	0.012032067113153777
35.525	0.012138858827673394
35.583333333333336	0.01222949024308496
35.641666666666666	0.012130878983424177
35.7	0.012310224868422062
35.75833333333333	0.012226079862721461
35.81666666666667	0.012281515261179047
35.875	0.012259136033172852
35.93333333333333	0.012310470059167149
35.99166666666667	0.012465898701485106
36.05	0.012338466384242632
36.108333333333334	0.01248763151752698
36.166666666666664	0.012449203440751401
36.225	0.01241088681431449
36.28333333333333	0.01251304219474518
36.34166666666667	0.012518570131543526
36.4	0.012573069347156227
36.458333333333336	0.012687640295315453
36.516666666666666	0.012648432066169132
36.575	0.012761331259248216
36.63333333333333	0.012769244233294234
36.69166666666667	0.012722301350643781
36.75	0.012839725427473128
36.80833333333333	0.01286159198392141
36.86666666666667	0.0128522301554726
36.925	0.013029191003222824
36.983333333333334	0.012958464618298842
37.041666666666664	0.013093720749316393
37.1	0.013022771463715069
37.15833333333333	0.013207422384833951
37.21666666666667	0.013216115511250699
37.275	0.01311019310937275
37.333333333333336	0.013166586980742948
37.391666666666666	0.013254610458229486
37.45	0.013279575334092974
37.50833333333333	0.013343347217883555
37.56666666666667	0.013458475417736164
37.625	0.013342611645648282
37.68333333333333	0.01346812701706553
37.74166666666667	0.0134508522145707
37.8	0.013493203343267698
37.858333333333334	0.013608844214678206
37.916666666666664	0.013622619476538604
37.975	0.013581449721431578
38.03333333333333	0.013566426215778013
38.09166666666667	0.013568343161603255
38.15	0.01374829087842999
38.208333333333336	0.013730748595122338
38.266666666666666	0.01371610402062028
38.325	0.013799669484559756
38.38333333333333	0.013802522613229874
38.44166666666667	0.013972707280388566
38.5	0.013886467008320857
38.55833333333333	0.013868478923658497
38.61666666666667	0.013881028231793453
38.675	0.013966889572709664
38.733333333333334	0.014054667859451113
38.791666666666664	0.01400043612465123
38.85	0.01410190051298213
38.90833333333333	0.014078451361724635
38.96666666666667	0.01417777590355295
39.025	0.01415399240127943
39.083333333333336	0.014036791225127434
39.141666666666666	0.014318381650826956
39.2	0.01432165829078404
39.25833333333333	0.014399740398060653
39.31666666666667	0.014306634785130475
39.375	0.01441971229875144
39.43333333333333	0.014351638431887958
39.49166666666667	0.01449723715433467
39.55	0.014489703111440147
39.608333333333334	0.014571819720976846
39.666666666666664	0.01452871072997685
39.725	0.014709171118361501
39.78333333333333	0.014651640453536806
39.84166666666667	0.014558668581013037
39.9	0.014602312533638674
39.958333333333336	0.014837472748245656
40.016666666666666	0.014702929899395634
40.075	0.014881829983038816
40.13333333333333	0.014935058664790607
40.19166666666667	0.014928527674944184
40.25	0.014826350004445757
40.30833333333333	0.015108141040754898
40.36666666666667	0.014974601244952965
40.425	0.015110682108476716
40.483333333333334	0.015108720582516012
40.541666666666664	0.015147661330849502
40.6	0.01521716176204805
40.65833333333333	0.01519901764691154
40.71666666666667	0.015375867044323085
40.775	0.015266824032962195
40.833333333333336	0.015387279559003531
40.891666666666666	0.015449936939407346
40.95	0.01545557632654437
41.00833333333333	0.01552706057377134
41.06666666666667	0.015580422995929544
41.125	0.015579598263423342
41.18333333333333	0.015588804061398006
41.24166666666667	0.015618962523043812
41.3	0.015550375984622417
41.358333333333334	0.015736631790618242
41.416666666666664	0.01573665408068597
41.475	0.015802142299692158
41.53333333333333	0.01581317588322111
41.59166666666667	0.015899237834746952
41.65	0.015806734053645626
41.708333333333336	0.015886487916002383
41.766666666666666	0.01594118774222471
41.825	0.015810345044618732
41.88333333333333	0.01590955813610837
41.94166666666667	0.01607889578069313
42.0	0.016055669530112997
42.05833333333333	0.016053864034626435
42.11666666666667	0.0161584044523048
42.175	0.016074616087687964
42.233333333333334	0.01597263902779915
42.291666666666664	0.016225921067474898
42.35	0.016207821532473868
42.40833333333333	0.016306945463692556
42.46666666666667	0.016217718322548324
42.525	0.016417637940065854
42.583333333333336	0.016309553401617584
42.641666666666666	0.016369781164638247
42.7	0.01636012956530888
42.75833333333333	0.016516583550742665
42.81666666666667	0.016581492227987733
42.875	0.01663155572012112
42.93333333333333	0.016551311476274196
42.99166666666667	0.01669405707005079
43.05	0.016615172520335706
43.108333333333334	0.016776262839858426
43.166666666666664	0.01677082406333102
43.225	0.016742025295817066
43.28333333333333	0.016822537020476824
43.34166666666667	0.01673859262538584
43.4	0.01681596145049492
43.458333333333336	0.017033445641387836
43.516666666666666	0.01700689817071514
43.575	0.016883723256410105
43.63333333333333	0.017098153708023287
43.69166666666667	0.01712354209517375
43.75	0.01705533448790386
43.80833333333333	0.017281935316500487
43.86666666666667	0.017248455634762135
43.925	0.017118081028578615
43.983333333333334	0.017384335887676267
44.041666666666664	0.017280887683316933
44.1	0.017396528554727456
44.15833333333333	0.01737134077818661
44.21666666666667	0.017429517854975634
44.275	0.01742994136626261
44.333333333333336	0.017647737618103815
44.391666666666666	0.017580287873136927
44.45	0.017657255477026772
44.50833333333333	0.017704220649744962
44.56666666666667	0.017747173610270808
44.625	0.01776571894662654
44.68333333333333	0.01772836079310225
44.74166666666667	0.01802299090842689
44.8	0.0179401833067904
44.858333333333334	0.01790643614423923
44.916666666666664	0.017932849874505507
44.975	0.018009706028056675
45.03333333333333	0.018064205243669387
45.09166666666667	0.018099423550691093
45.15	0.018285835387161054
45.208333333333336	0.018132189950261918
45.266666666666666	0.01824950257675259
45.325	0.018279906229143484
45.38333333333333	0.018422206021565368
45.44166666666667	0.018353151391721535
45.5	0.018428402660395773
45.55833333333333	0.018448240820680147
45.61666666666667	0.018564171462971228
45.675	0.018582449318514143
45.733333333333334	0.01861167159731506
45.791666666666664	0.018699605914530657
45.85	0.018709190643656816
45.90833333333333	0.018783416569215235
45.96666666666667	0.01885601531982897
46.025	0.01889442110653682
46.083333333333336	0.019134329105571404
46.141666666666666	0.018922506591883242
46.2	0.019110501023162415
46.25833333333333	0.01907338806038321
46.31666666666667	0.01910550804798971
46.375	0.01924742890926011
46.43333333333333	0.019311668884473113
46.49166666666667	0.019260802949901262
46.55	0.019342696658760598
46.608333333333334	0.019531493532478232
46.666666666666664	0.019540253529098193
46.725	0.01948388194779572
46.78333333333333	0.019716211323800324
46.84166666666667	0.0196228828101928
46.9	0.0196801014140692
46.958333333333336	0.019817185330641036
47.016666666666666	0.0197233441454756
47.075	0.01983887356654744
47.13333333333333	0.01986379386227547
47.19166666666667	0.019981017328495186
47.25	0.02017476259725005
47.30833333333333	0.020039551046367978
47.36666666666667	0.02027950362553803
47.425	0.020301905143611968
47.483333333333334	0.020180468854590284
47.541666666666664	0.020299497816296558
47.6	0.020395857779116087
47.65833333333333	0.02051299208506487
47.71666666666667	0.02052422627920344
47.775	0.02052402566859382
47.833333333333336	0.020605228385353367
47.891666666666666	0.020643522721722537
47.95	0.020743493675515177
48.00833333333333	0.020810898840346592
48.06666666666667	0.02084355378957875
48.125	0.020939512531179035
48.18333333333333	0.020883698201569947
48.24166666666667	0.020983847475904465
48.3	0.021157509393629866
48.358333333333334	0.021133034899256557
48.416666666666664	0.021270475456912147
48.475	0.021428846388171156
48.53333333333333	0.021422293108256996
48.59166666666667	0.021474496446892973
48.65	0.021633446919913098
48.708333333333336	0.021495582850970526
48.766666666666666	0.021616350437960157
48.825	0.02155893122347413
48.88333333333333	0.02178816228006352
48.94166666666667	0.021731679248422387
49.0	0.021790614187514403
49.05833333333333	0.02184968286701284
49.11666666666667	0.02180855769204128
49.175	0.022144134661795604
49.233333333333334	0.022064737440522612
49.291666666666664	0.0222324479101627
49.35	0.022261737059166824
49.40833333333333	0.022341691532133195
49.46666666666667	0.022430940963345164
49.525	0.023425523785692404
49.583333333333336	0.023476813231551225
49.641666666666666	0.02340610913669499
49.7	0.023586391204537753
