-5.646988348333333	5.048
-5.63058905	5.043
-5.614250021666667	5.036
-5.59792444	5.03
-5.581328408333333	5.027
-5.565062978333334	5.026
-5.5485064783333335	5.025
-5.532310048333334	5.023
-5.515846915	5.02
-5.499224028333334	5.016
-5.482890908333333	5.013
-5.466581791666667	5.012
-5.450061516666667	5.011
-5.433835973333333	5.009
-5.417317098333333	5.008
-5.40107561	5.005
-5.384467423333334	5.003
-5.368074316666667	5.001
-5.351613773333334	5.001
-5.335326006666667	5.001
-5.318894836666667	5.001
-5.3026073616666665	5.0
-5.286168408333333	5.0
-5.269715978333333	5.002
-5.253257813333334	5.005
-5.236826523333334	5.005
-5.220384953333333	5.002
-5.204128383333334	4.999
-5.1876240183333335	4.997
-5.171118261666667	4.995
-5.154695875	4.993
-5.138468478333333	4.99
-5.122034135	4.987
-5.105472291666667	4.982
-5.08925948	4.979
-5.072758716666667	4.976
-5.05626968	4.974
-5.039861996666667	4.971
-5.023544483333334	4.968
-5.007052088333333	4.967
-4.990867903333333	4.968
-4.974418116666667	4.966
-4.958055503333333	4.964
-4.941494981666667	4.962
-4.925216136666667	4.962
-4.908740426666667	4.96
-4.8923523216666664	4.957
-4.875880993333333	4.954
-4.859407831666667	4.952
-4.84292965	4.951
-4.826764731666667	4.949
-4.81031618	4.946
-4.7938385766666665	4.943
-4.777344913333334	4.94
-4.760915046666667	4.938
-4.744726718333333	4.936
-4.728266065000001	4.934
-4.711786125	4.933
-4.695331443333334	4.931
-4.679121723333333	4.928
-4.66267221	4.927
-4.6462071400000005	4.925
-4.629682863333334	4.925
-4.613467713333334	4.924
-4.596961485	4.921
-4.580498338333333	4.919
-4.564016681666667	4.918
-4.547811225	4.916
-4.531320803333333	4.916
-4.514865961666667	4.916
-4.498406918333334	4.916
-4.482130938333333	4.912
-4.46573794	4.909
-4.4491837400000005	4.908
-4.432736015	4.91
-4.416508178333333	4.912
-4.4000301083333335	4.913
-4.383560601666667	4.914
-4.367324093333334	4.913
-4.350808903333334	4.913
-4.334344833333334	4.915
-4.3181411233333336	4.917
-4.301698371666667	4.919
-4.285202633333333	4.92
-4.268738318333334	4.92
-4.252290515	4.921
-4.236086296666667	4.921
-4.219625875	4.922
-4.2031447150000005	4.922
-4.186714713333334	4.925
-4.170197955	4.927
-4.1540000416666665	4.931
-4.137523598333333	4.934
-4.121107111666667	4.934
-4.104606431666667	4.934
-4.088375088333334	4.933
-4.07191523	4.934
-4.055445933333333	4.932
-4.038960323333333	4.932
-4.022728956666667	4.93
-4.006266306666667	4.93
-3.9897620650000003	4.928
-3.973518056666667	4.931
-3.9570857200000003	4.93
-3.9406878333333335	4.926
-3.9241163200000004	4.922
-3.9078584633333335	4.926
-3.8913220766666665	4.932
-3.8750375066666667	4.933
-3.858557036666667	4.923
-3.842263251666667	4.917
-3.8257260933333335	4.921
-3.809452581666667	4.927
-3.792909973333334	4.931
-3.776396891666667	4.927
-3.760160051666667	4.925
-3.7436341200000003	4.922
-3.72735881	4.922
-3.7108384250000004	4.922
-3.6945267483333337	4.922
-3.678132076666667	4.92
-3.661734411666667	4.92
-3.6451913966666667	4.92
-3.6289442233333333	4.92
-3.6124113583333335	4.919
-3.596145451666667	4.92
-3.57962492	4.919
-3.563087331666667	4.918
-3.5468276700000003	4.918
-3.530539436666667	4.918
-3.51401703	4.912
-3.4974944933333334	4.908
-3.481246341666667	4.913
-3.4647099850000003	4.918
-3.4483980916666668	4.921
-3.431876351666667	4.916
-3.4156020716666666	4.915
-3.39906895	4.913
-3.38276433	4.91
-3.3662206616666666	4.908
-3.3499489133333333	4.905
-3.3334085983333335	4.906
-3.3171398700000005	4.907
-3.3005953266666666	4.91
-3.28435134	4.911
-3.267799826666667	4.913
-3.2515343383333337	4.913
-3.235018418333334	4.915
-3.2187171266666668	4.917
-3.202326558333333	4.919
-3.185912888333333	4.919
-3.1693761433333334	4.919
-3.1530301033333337	4.918
-3.1366881583333335	4.918
-3.1200575150000005	4.919
-3.103803065	4.919
-3.0873721833333336	4.919
-3.07100498	4.917
-3.0546652283333335	4.916
-3.03811511	4.916
-3.021839866666667	4.916
-3.0052992	4.917
-2.988782001666667	4.916
-2.9725147916666668	4.915
-2.956239335	4.914
-2.939694455	4.915
-2.923406136666667	4.915
-2.9068437283333335	4.915
-2.8905711583333336	4.914
-2.874016746666667	4.914
-2.857510136666667	4.914
-2.8412436966666665	4.914
-2.824741651666667	4.914
-2.80850933	4.913
-2.7919320216666668	4.913
-2.7755424583333332	4.913
-2.759119205	4.912
-2.742840545	4.913
-2.7264331766666667	4.913
-2.709872531666667	4.913
-2.693676525	4.911
-2.6770973250000005	4.911
-2.6608684800000004	4.911
-2.644223491666667	4.912
-2.6278374633333335	4.911
-2.6115208850000005	4.91
-2.5949789233333336	4.909
-2.578685725	4.911
-2.5624336983333333	4.91
-2.545763538333334	4.91
-2.5295146283333336	4.909
-2.513050095	4.909
-2.496707521666667	4.908
-2.4801959250000003	4.907
-2.463911598333334	4.907
-2.4473869383333335	4.907
-2.431136688333334	4.907
-2.414595521666667	4.907
-2.3983204000000002	4.908
-2.3818133183333337	4.909
-2.3653331300000002	4.909
-2.3490407633333334	4.908
-2.332514971666667	4.908
-2.3162469283333333	4.908
-2.2997217783333337	4.908
-2.28345427	4.909
-2.2669461616666666	4.908
-2.250379506666667	4.907
-2.2340917966666667	4.907
-2.217589195	4.907
-2.2013080933333335	4.907
-2.1847751833333335	4.908
-2.168502498333334	4.908
-2.1519955083333335	4.908
-2.135479	4.907
-2.1192240216666667	4.907
-2.1029672316666668	4.908
-2.086445531666667	4.908
-2.0699454500000005	4.907
-2.0537223633333332	4.906
-2.0371873333333337	4.905
-2.0208274433333338	4.906
-2.0042620233333337	4.907
-1.9880724116666668	4.907
-1.9714391116666667	4.906
-1.9551753550000002	4.905
-1.9386217333333335	4.905
-1.9223022450000005	4.905
-1.9060041733333337	4.904
-1.8894265250000002	4.904
-1.873142993333334	4.903
-1.8565868083333332	4.904
-1.8403188383333338	4.901
-1.8239122316666667	4.902
-1.8073588133333334	4.903
-1.790957711666667	4.907
-1.7746474116666668	4.907
-1.7581336033333335	4.907
-1.7418591033333333	4.906
-1.7252914283333336	4.907
-1.7090011750000005	4.906
-1.6927014400000004	4.905
-1.6761416049999998	4.904
-1.6598435916666672	4.904
-1.643305848333334	4.904
-1.627046665	4.903
-1.6104898233333333	4.903
-1.5942076500000004	4.904
-1.5776724683333336	4.905
-1.5611395933333334	4.905
-1.54488499	4.908
-1.5285801083333332	4.909
-1.5120672966666664	4.91
-1.4955298050000003	4.908
-1.4792774433333333	4.908
-1.462776081666667	4.906
-1.4465148816666664	4.905
-1.4299877066666662	4.905
-1.4137094050000005	4.906
-1.3971718516666671	4.905
-1.3808706600000002	4.905
-1.3643062700000002	4.904
-1.348011191666667	4.904
-1.331467026666667	4.903
-1.3151860683333334	4.904
-1.298633408333333	4.903
-1.2824092833333331	4.903
-1.2658969266666666	4.902
-1.2495928416666668	4.902
-1.2330591216666669	4.901
-1.2167572616666673	4.901
-1.2002251316666666	4.903
-1.1839381016666666	4.903
-1.1674336016666667	4.903
-1.1511729400000004	4.902
-1.1346393433333333	4.902
-1.1181023066666667	4.903
-1.1018071266666674	4.903
-1.0854016733333332	4.903
-1.069020758333334	4.902
-1.05272728	4.903
-1.0361962166666663	4.903
-1.0196886666666671	4.902
-1.0034120600000005	4.901
-0.9871351583333334	4.902
-0.970603193333333	4.902
-0.954309265	4.902
-0.9377504166666668	4.902
-0.9214784583333335	4.902
-0.9049755283333338	4.902
-0.8884567849999998	4.902
-0.8721924449999996	4.902
-0.8558762766666668	4.902
-0.8393616833333333	4.901
-0.8227982716666666	4.901
-0.8065241849999998	4.901
-0.7900253899999994	4.902
-0.7737483550000004	4.902
-0.7571818966666664	4.901
-0.74092804	4.9
-0.7243753900000005	4.9
-0.7080916616666668	4.9
-0.6917778600000002	4.899
-0.6752503583333329	4.899
-0.6587316616666667	4.9
-0.6424647550000007	4.901
-0.6259393683333334	4.901
-0.6096507349999998	4.901
-0.5931077816666672	4.901
-0.5768204133333334	4.9
-0.56051349	4.899
-0.5439946750000004	4.899
-0.5274817700000005	4.899
-0.5112196633333337	4.899
-0.49464740500000026	4.901
-0.47840886333333366	4.902
-0.4618212850000001	4.902
-0.44551924499999984	4.902
-0.4289679866666667	4.902
-0.4126916333333339	4.902
-0.3964046233333338	4.902
-0.3798504016666673	4.902
-0.36344065000000025	4.903
-0.3469202366666675	4.904
-0.3306450200000004	4.904
-0.31435396333333365	4.903
-0.297800221666666	4.902
-0.2815118449999998	4.903
-0.2649561183333331	4.904
-0.2486756166666675	4.905
-0.23211371000000014	4.904
-0.21580227000000018	4.903
-0.19925093000000071	4.902
-0.1828757966666661	4.9
-0.16660871166666702	4.899
-0.1501568983333339	4.898
-0.13357119666666684	4.898
-0.11727266833333427	4.899
-0.10078990166666735	4.9
-0.08445908000000024	4.901
-0.06813064166666649	4.901
-0.051514124999999744	4.9
-0.0351388100000003	4.899
-0.018801945000000764	4.9
-0.0023693083333338194	4.901
0.014121078333332981	4.9
0.030513075	4.901
0.04683599166666674	4.901
0.0632184933333324	4.9
0.07958399999999966	4.9
0.09620961499999936	4.901
0.11240882833333288	4.904
0.12892823333333325	4.907
0.14525430833333353	4.911
0.16170276333333256	4.918
0.17802126166666632	4.928
0.19463145499999968	4.943
0.2109850816666663	4.959
0.22729762666666709	4.975
0.2436363366666665	4.989
0.2602570499999999	5.006
0.27666416333333377	5.022
0.2930314066666657	5.038
0.30942026499999997	5.049
0.3258593583333331	5.062
0.34219614166666634	5.074
0.35858276833333314	5.088
0.3749293083333338	5.101
0.3915795449999999	5.113
0.4077314016666662	5.126
0.4241158166666672	5.136
0.44069450333333293	5.15
0.4571138366666663	5.163
0.47352516499999986	5.179
0.489882025	5.191
0.506290766666667	5.199
0.5226249899999997	5.205
0.539234585	5.208
0.5555806616666663	5.213
0.5719876883333335	5.221
0.5883832883333335	5.229
0.6046808266666668	5.236
0.6210601316666668	5.242
0.6376880666666667	5.246
0.6541072349999997	5.252
0.6704183499999994	5.263
0.6868400183333332	5.275
0.7031579866666666	5.287
0.7197442083333332	5.294
0.7361131166666661	5.302
0.7524936200000001	5.312
0.7687982416666665	5.322
0.7853664400000007	5.33
0.8017568500000003	5.338
0.8181645699999995	5.349
0.8343669799999995	5.357
0.8509675983333329	5.362
0.8673364616666666	5.362
0.8837541033333336	5.362
0.9001025633333333	5.363
0.9164463566666665	5.37
0.9330939583333331	5.378
0.9494606066666664	5.389
0.9657819199999995	5.396
0.9821322166666668	5.403
0.9985147233333329	5.409
1.0150908849999993	5.412
1.0314730966666659	5.415
1.0478805383333336	5.416
1.0643282899999997	5.422
1.0806478650000004	5.428
1.0970074149999993	5.435
1.1134040233333335	5.441
1.1297408283333326	5.448
1.146352498333333	5.454
1.1627630299999998	5.457
1.1792105516666673	5.458
1.195545498333333	5.459
1.21191592	5.459
1.22835099	5.462
1.2447309583333332	5.466
1.2610733199999995	5.47
1.277711993333333	5.475
1.2940597883333327	5.479
1.3104783466666667	5.492
1.3268862649999997	5.503
1.3432787	5.513
1.3595939750000001	5.518
1.3759882450000003	5.521
1.392588738333333	5.522
1.4089556866666664	5.523
1.4253769599999995	5.527
1.441766274999999	5.534
1.458114591666666	5.543
1.4746180949999994	5.549
1.4909309866666671	5.553
1.5073183383333335	5.556
1.5236988016666668	5.56
1.5401010616666664	5.565
1.5565236916666665	5.568
1.5728741016666667	5.567
1.5895225133333337	5.568
1.605813875	5.569
1.6223056483333327	5.573
1.6387350299999994	5.579
1.6550543783333334	5.586
1.6713323649999996	5.592
1.6877815799999993	5.595
1.7041126283333332	5.597
1.7205497850000002	5.599
1.7369800350000002	5.606
1.753391183333333	5.616
1.769795311666667	5.625
1.7861770049999999	5.629
1.8026703	5.628
1.8192062450000002	5.627
1.8356089283333334	5.625
1.8519830983333332	5.624
1.8682989133333336	5.625
1.884642585	5.629
1.901243766666667	5.633
1.9176083666666672	5.636
1.9339400749999998	5.64
1.9503882250000002	5.643
1.966962025	5.647
1.9833145216666672	5.65
1.9997061149999995	5.655
2.0160287966666663	5.658
2.0324315849999994	5.659
2.0487782816666673	5.659
2.0653418400000003	5.661
2.0816619266666665	5.663
2.0980296083333334	5.666
2.114428021666667	5.669
2.1308964916666664	5.674
2.1473095083333336	5.678
2.163660534999999	5.683
2.1802630800000005	5.685
2.196675206666667	5.689
2.213053809999999	5.693
2.229393419999999	5.7
2.245794376666667	5.707
2.2622188816666666	5.712
2.2785371166666666	5.714
2.2948750366666664	5.714
2.311524116666667	5.715
2.3278721116666654	5.716
2.3442518266666665	5.715
2.360676904999999	5.714
2.377053563333333	5.712
2.3933587100000002	5.714
2.4097821516666675	5.716
2.4263928333333338	5.719
2.4425759200000003	5.721
2.45918147	5.723
2.475509168333333	5.726
2.491888566666666	5.729
2.5082539450000008	5.736
2.5248094100000005	5.743
2.541218148333333	5.748
2.5575479949999993	5.75
2.5739204666666664	5.752
2.5902906533333327	5.753
2.6066987050000003	5.755
2.6232980049999997	5.756
2.639537663333333	5.756
2.656027206666667	5.756
2.6723385449999997	5.757
2.688813295	5.759
2.7051879249999997	5.761
2.7216267433333323	5.763
2.738221239999999	5.766
2.754573531666666	5.768
2.770949511666667	5.771
2.7873144299999995	5.774
2.803852085	5.777
2.8200211783333335	5.78
2.8366172083333323	5.784
2.8529659716666673	5.787
2.8693466449999994	5.791
2.8857230599999992	5.795
2.9022716950000005	5.799
2.9186639933333334	5.801
2.935006428333332	5.802
2.9513740816666667	5.802
2.967946303333334	5.803
2.9841173533333327	5.805
3.0007654649999997	5.809
3.0170748416666653	5.813
3.0334918933333332	5.814
3.049853081666666	5.814
3.066167741666667	5.814
3.0827187999999994	5.814
3.0990792716666666	5.815
3.115458285	5.816
3.131832583333332	5.817
3.1481977866666666	5.819
3.1648191149999993	5.822
3.1811837249999995	5.825
3.1975884399999996	5.829
3.21388884	5.832
3.2304711333333325	5.838
3.2468870250000004	5.843
3.263256620000001	5.846
3.2796051549999996	5.848
3.295942891666665	5.847
3.312308336666667	5.848
3.3289238833333323	5.85
3.345285308333332	5.855
3.3616614616666665	5.859
3.3780962116666666	5.864
3.3944954416666677	5.868
3.4108672133333338	5.869
3.4272486366666675	5.868
3.443587954999999	5.867
3.460213143333333	5.865
3.4765735016666666	5.866
3.49299142	5.866
3.509279245000001	5.87
3.5256642399999985	5.872
3.5421990449999994	5.873
3.5585162316666663	5.874
3.5750994066666673	5.876
3.591481746666667	5.878
3.6079224883333323	5.88
3.624195601666666	5.881
3.640612418333334	5.881
3.6570264166666666	5.882
3.673422003333333	5.883
3.6898700150000012	5.884
3.706273666666667	5.885
3.722688953333333	5.887
3.739110355	5.893
3.7555415383333335	5.9
3.7719097649999993	5.904
3.7883789233333323	5.905
3.804855579999999	5.904
3.8210066649999996	5.907
3.8376329133333345	5.91
3.854007938333333	5.913
3.870358171666667	5.913
3.8867858383333322	5.915
3.9032120216666675	5.918
3.919648175	5.921
3.9360961649999995	5.925
3.952464400000001	5.927
3.968745141666667	5.926
3.985124776666667	5.924
4.001759161666667	5.924
4.018126718333334	5.923
4.034353843333334	5.924
4.0510246233333325	5.923
4.067162211666665	5.924
4.0837832783333345	5.926
4.10013126	5.927
4.116562790000001	5.928
4.133084238333333	5.929
4.1492335649999985	5.931
4.165862341666666	5.934
4.182291414999999	5.937
4.198660726666666	5.937
4.214979445	5.938
4.23135307	5.938
4.2479484916666665	5.939
4.264293818333335	5.939
4.280655803333333	5.938
4.297004688333334	5.942
4.313409613333332	5.947
4.329841221666666	5.951
4.346232378333334	5.952
4.362591300000001	5.952
4.379213658333334	5.953
4.395552846666667	5.956
4.411946509999999	5.957
4.42830477	5.958
4.444641231666666	5.96
4.461242896666666	5.962
4.477570898333332	5.964
4.494016968333333	5.963
4.510259008333333	5.963
4.5267673	5.963
4.543180616666667	5.964
4.559765713333333	5.965
4.575934718333333	5.967
4.592426493333332	5.969
4.608881423333334	5.97
4.625258485000001	5.971
4.641591245	5.973
4.658026618333333	5.974
4.674442486666668	5.975
4.690882635	5.976
4.707278870000001	5.978
4.723677744999999	5.981
4.740142836666666	5.982
4.75656967	5.986
4.772937153333333	5.988
4.789296721666667	5.99
4.805698114999999	5.99
4.8221754966666674	5.991
4.838561965000001	5.992
4.854966373333334	5.994
4.871459745	5.994
4.887862058333334	5.997
4.904236593333333	5.999
4.920684378333333	6.002
4.93704628	6.003
4.9534107616666665	6.004
4.969821858333334	6.006
4.986394531666668	6.008
5.0026042566666655	6.01
5.019050065000001	6.009
5.035434739999999	6.007
5.051909993333333	6.005
5.068402718333334	6.006
5.0847869050000005	6.006
5.101219266666667	6.007
5.117680821666666	6.008
5.133931251666666	6.009
5.150401683333333	6.009
5.166757626666667	6.012
5.183234034999999	6.016
5.199662871666667	6.021
5.215919498333332	6.024
5.232327301666667	6.026
5.248809355	6.029
5.265130153333332	6.028
5.281653238333333	6.029
5.298039796666665	6.028
5.314391821666667	6.028
5.330771545	6.031
5.347356916666667	6.034
5.363776126666665	6.037
5.380194281666667	6.038
5.396550871666666	6.039
5.412977483333333	6.04
5.429381413333334	6.04
5.445713566666666	6.04
5.462129866666667	6.041
5.478510951666668	6.042
5.495103868333332	6.042
5.511498491666667	6.042
5.527842926666666	6.042
5.5442530366666665	6.043
5.560599638333334	6.043
5.577002874999999	6.044
5.5936095	6.045
5.610007783333333	6.047
5.626367776666666	6.05
5.642737115	6.053
5.659094201666666	6.054
5.675416699999999	6.056
5.692030734999999	6.055
5.708421608333333	6.056
5.724781846666667	6.056
5.74125633	6.059
5.757612253333334	6.059
5.773977551666667	6.06
5.790544271666666	6.059
5.806928548333333	6.06
5.823325678333332	6.062
5.839832083333332	6.065
5.855967895	6.067
5.872547833333335	6.068
5.888752568333332	6.07
5.905656988333333	6.071
5.921638864999999	6.072
5.938010696666667	6.072
5.95460809	6.075
5.970960568333333	6.078
5.987358874999999	6.08
6.003753723333333	6.081
6.020077538333333	6.083
6.03669587	6.083
6.0528486	6.083
6.069261821666667	6.083
6.085859578333333	6.084
6.1022322666666655	6.085
6.118659383333333	6.087
6.135017981666665	6.087
6.15138639	6.087
6.167743928333334	6.086
6.184340323333333	6.085
6.2005538483333345	6.085
6.2171106016666675	6.086
6.2335271966666665	6.088
6.249866324999998	6.089
6.26626447	6.091
6.282625858333334	6.094
6.29924019	6.097
6.315611885	6.099
6.3320145000000005	6.1
6.348460863333334	6.102
6.3647717183333326	6.104
6.38122805	6.106
6.397606841666668	6.109
6.414049258333333	6.11
6.430398886666667	6.11
6.446822420000001	6.11
6.463168981666667	6.111
6.479617345	6.112
6.496044073333333	6.113
6.512432623333333	6.113
6.5288109799999985	6.112
6.545173508333332	6.111
6.561537989999999	6.112
6.578184896666666	6.112
6.594413279999999	6.112
6.610892398333333	6.112
6.627271113333333	6.112
6.643799396666666	6.114
6.660272798333334	6.117
6.676480240000001	6.119
6.6928806283333335	6.121
6.709312271666666	6.123
6.725828468333332	6.125
6.742196415000001	6.126
6.758623458333333	6.129
6.774901981666667	6.132
6.791332290000001	6.134
6.8077760750000005	6.135
6.82421309	6.135
6.840670595	6.135
6.857072231666666	6.134
6.873546791666667	6.134
6.8899681883333335	6.133
6.906345874999999	6.132
6.9225886983333345	6.134
6.939043926666666	6.135
6.955448768333334	6.138
6.971815796666667	6.141
6.9883465299999985	6.143
7.00481852	6.144
7.021243433333333	6.144
7.0375813166666665	6.145
7.054056238333334	6.146
7.070423233333334	6.146
7.086841884999999	6.146
7.103165238333333	6.146
7.119691538333332	6.147
7.135983950000001	6.146
7.152436578333334	6.145
7.168885213333334	6.145
7.185246695000001	6.146
7.201746905000001	6.148
7.218151955000001	6.149
7.234405476666665	6.151
7.250790276666668	6.153
7.267251559999999	6.154
7.283692508333332	6.155
7.300118276666665	6.157
7.316529801666667	6.158
7.332917846666667	6.16
7.3492648283333315	6.162
7.365686096666667	6.166
7.382207601666665	6.169
7.398451003333334	6.169
7.4148973033333325	6.17
7.431363628333334	6.17
7.447834715	6.171
7.464215813333333	6.17
7.4806114333333324	6.172
7.496937656666668	6.174
7.513377005	6.175
7.529845565	6.175
7.546160818333333	6.174
7.562571911666667	6.175
7.57892596	6.175
7.595321190000001	6.175
7.6119227233333335	6.176
7.628247299999999	6.177
7.64465834	6.178
7.661034248333334	6.18
7.677464523333334	6.181
7.69383988	6.182
7.71020086	6.182
7.726658501666667	6.181
7.743053901666667	6.182
7.759441216666667	6.183
7.775819881666666	6.184
7.792380846666666	6.184
7.808764161666667	6.186
7.8251216999999995	6.186
7.841477311666666	6.187
7.858026294999999	6.187
7.874394226666667	6.188
7.89077903	6.19
7.907348963333333	6.193
7.923716951666667	6.194
7.940062483333333	6.194
7.956465008333333	6.194
7.972819010000001	6.194
7.9893254833333325	6.196
8.00566233	6.197
8.022105961666668	6.198
8.038487748333335	6.199
8.054843493333333	6.2
8.071400933333333	6.2
8.087771605	6.2
8.104128206666665	6.199
8.120448664999998	6.2
8.137068423333332	6.202
8.15344043	6.206
8.169794231666668	6.208
8.186149983333333	6.21
8.202501811666668	6.21
8.218928941666668	6.21
8.235518808333335	6.209
8.251833508333334	6.209
8.268236781666666	6.21
8.284557516666666	6.209
8.301051966666666	6.209
8.317392441666666	6.21
8.333850563333336	6.21
8.350229976666665	6.211
8.366680044999999	6.213
8.383027176666666	6.213
8.399509455	6.212
8.415815416666668	6.212
8.432291566666667	6.214
8.448558243333334	6.216
8.465000190000001	6.218
8.481456738333332	6.219
8.497799033333333	6.221
8.514250125	6.223
8.530764943333331	6.226
8.54704417	6.227
8.563512208333332	6.228
8.579945093333333	6.227
8.596259008333334	6.227
8.612705433333332	6.23
8.629100845	6.232
8.645557441666668	6.234
8.661903986666665	6.234
8.678259834999999	6.233
8.694845263333335	6.232
8.71120016	6.231
8.727617448333334	6.231
8.744041879999997	6.233
8.760449656666665	6.235
8.776790656666666	6.237
8.793161679999997	6.237
8.809513006666666	6.237
8.825949681666668	6.237
8.842317373333334	6.239
8.859013766666667	6.242
8.875198003333331	6.245
8.891603076666666	6.245
8.908062179999998	6.245
8.924489846666667	6.244
8.940832043333334	6.245
8.957221525000001	6.248
8.973592435	6.25
8.990195551666666	6.251
9.006553539999999	6.25
9.022917494999998	6.252
9.039292963333331	6.251
9.055685863333334	6.25
9.07225318	6.248
9.088590996666667	6.248
9.1050277	6.247
9.121400226666665	6.248
9.137841563333335	6.249
9.154202003333335	6.25
9.170555615000001	6.252
9.187168453333335	6.252
9.20353737	6.252
9.219933321666666	6.254
9.236326001666665	6.255
9.252646141666666	6.256
9.268998258333333	6.258
9.285461091666669	6.257
9.302036613333332	6.259
9.318210649999997	6.258
9.334786253333334	6.259
9.351182855000001	6.258
9.367557535	6.259
9.383923783333334	6.26
9.400305118333332	6.262
9.416894851666665	6.264
9.433275143333333	6.267
9.44946045	6.268
9.466037273333335	6.269
9.482386286666667	6.268
9.498952841666664	6.268
9.515350821666669	6.268
9.531692955	6.269
9.548063441666667	6.269
9.564586486666666	6.268
9.580990976666666	6.269
9.597190826666669	6.269
9.613813821666668	6.269
9.630109666666666	6.269
9.64653229	6.27
9.662968669999998	6.271
9.679315946666666	6.272
9.695712921666665	6.275
9.712246263333334	6.277
9.728542601666668	6.279
9.744929816666666	6.279
9.761273821666666	6.28
9.777862361666667	6.281
9.794241575000001	6.283
9.810687135000002	6.283
9.827072683333334	6.284
9.843451716666667	6.286
9.859822675	6.287
9.876134713333332	6.286
9.892529459999999	6.286
9.909113978333334	6.287
9.925502753333333	6.289
9.941843669999997	6.289
9.958233541666669	6.288
9.974597589999998	6.29
9.990907589999999	6.29
10.007517496666665	6.292
10.023859443333333	6.291
10.040321656666666	6.291
10.056765443333333	6.291
10.073089488333334	6.291
10.089435295000001	6.29
10.105827153333333	6.289
10.122373983333333	6.289
10.138739963333332	6.291
10.15516495	6.292
10.171595431666667	6.293
10.187981731666667	6.293
10.204397776666667	6.294
10.220778336666665	6.294
10.237165205	6.295
10.253481261666668	6.295
10.269900998333334	6.295
10.286293053333331	6.294
10.30271059	6.295
10.319323076666667	6.296
10.335740300000001	6.299
10.352122815000001	6.302
10.368570524999999	6.304
10.384864845000003	6.305
10.401241915	6.306
10.417650153333334	6.308
10.434052295	6.309
10.450542428333335	6.31
10.467019468333334	6.311
10.483269275000001	6.311
10.499636118333335	6.311
10.516057911666667	6.311
10.532560536666669	6.311
10.54897618	6.311
10.565349698333335	6.311
10.581803305000001	6.311
10.598283760000001	6.311
10.614550623333336	6.314
10.630800731666668	6.317
10.647411018333337	6.321
10.66376673166667	6.323
10.680183173333333	6.324
10.696696411666668	6.324
10.712901335000002	6.323
10.729503206666667	6.323
10.745871763333334	6.324
10.762303500000002	6.325
10.778623838333335	6.326
10.79502362666667	6.327
10.811459373333335	6.327
10.827820948333336	6.327
10.84413276	6.327
10.860754778333334	6.327
10.877122420000003	6.328
10.89346414666667	6.328
10.910005623333333	6.33
10.926407853333334	6.331
10.942560235000002	6.334
10.95921301	6.334
10.975564233333333	6.333
10.991950850000002	6.333
11.008326716666666	6.333
11.024705866666668	6.334
11.041114016666668	6.333
11.057441650000001	6.331
11.074033283333335	6.331
11.090359733333337	6.333
11.106816083333335	6.336
11.123168249999999	6.339
11.13962736666667	6.342
11.155962816666666	6.344
11.17239635	6.344
11.188720750000002	6.343
11.205169366666667	6.342
11.221498800000003	6.341
11.237871283333334	6.342
11.254467916666666	6.342
11.270821600000001	6.342
11.287242916666667	6.342
11.303639750000002	6.342
11.319970900000001	6.342
11.336381333333332	6.342
11.352803266666665	6.343
11.369189800000001	6.345
11.385598683333335	6.348
11.402200083333334	6.35
11.41836256666667	6.35
11.434985466666667	6.349
11.451345566666667	6.348
11.467700233333336	6.348
11.484253683333336	6.348
11.500519533333332	6.349
11.516818816666667	6.351
11.533370300000001	6.351
11.54961611666667	6.352
11.566064749999999	6.351
11.582590916666668	6.351
11.599017316666668	6.352
11.615222249999999	6.354
11.631795033333333	6.356
11.648213416666668	6.358
11.664691583333337	6.356
11.681137316666664	6.355
11.697296116666667	6.353
11.713716133333332	6.353
11.730171883333334	6.353
11.746576333333334	6.353
11.762940616666668	6.354
11.7793481	6.355
11.79573075	6.358
11.812113700000001	6.359
11.828571483333334	6.361
11.8449599	6.362
11.861311233333335	6.363
11.877892249999999	6.363
11.894316150000002	6.363
11.9107004	6.364
11.927098683333334	6.363
11.943484883333333	6.365
11.959838383333334	6.367
11.976240099999998	6.368
11.992603850000002	6.368
12.0092796	6.368
12.02545155	6.369
12.041826499999999	6.37
12.058247316666666	6.37
12.0748669	6.37
12.091209916666667	6.37
12.1076789	6.37
12.12389615	6.372
12.140500033333335	6.373
12.156828	6.373
12.173272183333331	6.372
12.189641116666667	6.373
12.206002383333335	6.373
12.222392066666664	6.372
12.2388348	6.372
12.255324050000002	6.374
12.271520133333336	6.375
12.288038533333335	6.375
12.304454683333333	6.375
12.320896100000002	6.376
12.337326599999997	6.378
12.35360861666667	6.38
12.370189500000002	6.382
12.386554750000002	6.383
12.402887400000001	6.385
12.419222766666667	6.386
12.435665383333333	6.388
12.452104866666666	6.388
12.468593483333333	6.388
12.485014883333335	6.388
12.501431183333334	6.387
12.5177397	6.387
12.5340828	6.387
12.55057466666667	6.386
12.56695535	6.386
12.583395916666667	6.385
12.599877800000002	6.387
12.616021033333336	6.387
12.632713300000002	6.39
12.648858233333332	6.392
12.665326433333334	6.394
12.681911966666668	6.394
12.698189183333334	6.393
12.714604666666666	6.392
12.730990049999999	6.393
12.747378800000003	6.394
12.763851700000004	6.394
12.780249166666668	6.395
12.796611733333336	6.396
12.813019650000001	6.398
12.829420083333332	6.398
12.845816466666669	6.397
12.862429650000003	6.397
12.878629633333333	6.4
12.89513241666667	6.402
12.911429933333334	6.403
12.927845533333336	6.402
12.944350083333333	6.402
12.9607384	6.401
12.977126833333333	6.401
12.99346941666667	6.4
13.009851533333332	6.401
13.02640835	6.4
13.042595500000001	6.4
13.059183816666668	6.4
13.07557791666667	6.4
13.091967433333334	6.4
13.108298816666668	6.399
13.124688616666667	6.4
13.141304250000001	6.401
13.157645116666668	6.402
13.174013166666668	6.404
13.190356166666668	6.405
13.206722950000003	6.407
13.223133633333337	6.408
13.239568366666667	6.409
13.255913366666668	6.408
13.272548333333337	6.409
13.288979099999999	6.411
13.305156600000004	6.413
13.321740616666666	6.414
13.338096100000001	6.414
13.354384850000002	6.414
13.3709807	6.414
13.38719378333333	6.414
13.4036152	6.413
13.42025215	6.413
13.436603683333331	6.412
13.452985866666666	6.412
13.469303666666669	6.413
13.485826466666666	6.413
13.502161183333332	6.413
13.518542066666665	6.414
13.534971900000002	6.416
13.551335883333337	6.418
13.567706133333335	6.418
13.584085183333332	6.418
13.600740050000002	6.418
13.61714056666667	6.419
13.633487616666667	6.419
13.6497983	6.421
13.666209516666669	6.423
13.68251831666667	6.424
13.699167533333334	6.425
13.715544566666665	6.424
13.731899366666667	6.424
13.74809145	6.424
13.7647467	6.424
13.780927183333333	6.424
13.797307716666669	6.424
13.813892233333334	6.424
13.830366866666669	6.424
13.846744983333334	6.424
13.863115533333335	6.426
13.879460466666668	6.427
13.895805233333334	6.428
13.91218478333333	6.429
13.928604816666667	6.429
13.945250933333334	6.429
13.961552866666668	6.429
13.97794175	6.429
13.994264333333334	6.429
14.010838000000003	6.428
14.027237633333336	6.428
14.043635883333334	6.426
14.059907633333335	6.428
14.076282083333336	6.429
14.092898583333334	6.429
14.109093050000002	6.428
14.125439216666667	6.428
14.142087	6.428
14.158430549999999	6.429
14.174834749999999	6.431
14.191279650000002	6.433
14.207670233333332	6.434
14.224091983333334	6.435
14.240455083333334	6.437
14.256856766666665	6.438
14.273258483333333	6.438
14.2896207	6.437
14.306068316666664	6.437
14.322497649999999	6.438
14.338950399999998	6.44
14.355317316666667	6.44
14.371694083333335	6.439
14.388130433333334	6.437
14.404490966666668	6.438
14.420854466666668	6.437
14.437211816666668	6.438
14.453814683333334	6.439
14.470068616666666	6.44
14.486518200000003	6.44
14.502842333333334	6.44
14.51944351666667	6.441
14.535796650000002	6.442
14.552159150000001	6.442
14.56853075	6.444
14.58492951666667	6.445
14.601310249999997	6.447
14.617683199999998	6.448
14.634239083333334	6.449
14.650664716666665	6.448
14.667079400000002	6.448
14.683493833333333	6.447
14.699884633333333	6.447
14.716313966666668	6.447
14.732681749999998	6.448
14.749032450000001	6.448
14.765467316666665	6.447
14.781811316666666	6.448
14.798236916666667	6.448
14.814552900000002	6.449
14.831224316666667	6.451
14.847623633333335	6.454
14.863981883333334	6.456
14.880340783333335	6.457
14.896811283333335	6.457
14.913185866666666	6.455
14.92963095	6.454
14.94598585	6.454
14.962303483333336	6.454
14.978649683333334	6.454
14.995242599999997	6.455
15.011628866666669	6.456
15.027976133333336	6.456
15.044488883333337	6.457
15.060910083333333	6.457
15.077295366666668	6.458
15.093678333333333	6.46
15.110032400000001	6.462
15.126400633333333	6.463
15.14283335	6.464
15.15918	6.464
15.175650099999999	6.464
15.192074616666666	6.466
15.208468083333333	6.466
15.225017066666666	6.466
15.241356716666669	6.465
15.257856566666668	6.464
15.274254050000003	6.464
15.2906136	6.464
15.307010700000003	6.466
15.323413100000003	6.467
15.339721433333334	6.468
15.35626105	6.469
15.372655000000002	6.47
15.389092483333332	6.472
15.405509900000002	6.475
15.421917466666667	6.477
15.438337516666664	6.479
15.454673616666668	6.478
15.471020083333336	6.478
15.487383466666667	6.477
15.50377328333333	6.476
15.520427900000001	6.476
15.536776366666668	6.477
15.553115083333335	6.476
15.569569133333335	6.476
15.585939849999999	6.476
15.602294266666668	6.477
15.618692583333335	6.479
15.63506786666667	6.479
15.651695800000002	6.477
15.668078516666668	6.476
15.684446700000002	6.476
15.700843233333334	6.477
15.71705145	6.479
15.733439150000002	6.48
15.750143000000001	6.482
15.76647285	6.483
15.782835200000001	6.484
15.799207950000003	6.486
15.815577983333334	6.486
15.832189883333335	6.484
15.848559266666665	6.483
15.86470576666667	6.482
15.88132671666667	6.482
15.897713733333333	6.481
15.914083233333336	6.48
15.930421583333334	6.481
15.946808866666668	6.482
15.96333105	6.483
15.979681866666667	6.483
15.99608005	6.483
16.0124836	6.485
16.028833533333334	6.488
16.045450483333333	6.49
16.06182456666667	6.49
16.078268166666668	6.49
16.094535250000003	6.49
16.1108781	6.49
16.127567883333334	6.49
16.14394366666667	6.491
16.160328583333335	6.492
16.176686033333333	6.493
16.193054416666666	6.494
16.20936275	6.493
16.225741433333333	6.492
16.24236416666667	6.491
16.2587279	6.491
16.2751574	6.491
16.2915017	6.491
16.307856766666667	6.489
16.32425695	6.489
16.340624816666665	6.49
16.357031600000003	6.492
16.373582900000002	6.495
16.390009950000003	6.496
16.4064024	6.498
16.42286915	6.498
16.439241083333332	6.498
16.455649816666668	6.499
16.472017016666666	6.5
16.48841151666667	6.501
16.50477915	6.501
16.521145999999998	6.501
16.537701366666667	6.502
16.553881933333333	6.503
16.570366500000002	6.504
16.586793550000003	6.504
16.60320886666667	6.504
16.619550583333336	6.505
16.6361841	6.505
16.652339166666664	6.507
16.668823533333335	6.507
16.685292233333335	6.508
16.70174096666667	6.507
16.71820165	6.505
16.734367533333334	6.505
16.75083836666667	6.505
16.767269166666665	6.505
16.783679283333335	6.504
16.800039083333335	6.505
16.81644235	6.505
16.832887850000002	6.504
16.84950051666667	6.505
16.8658098	6.505
16.88225085	6.506
16.89866405	6.507
16.914875016666667	6.509
16.931513966666667	6.51
16.947862733333334	6.511
16.96409315	6.512
16.98053965	6.514
16.99693895	6.517
17.01358121666667	6.52
17.029930616666665	6.521
17.046176199999998	6.52
17.062761599999998	6.519
17.079059816666668	6.518
17.09549871666667	6.519
17.11194485	6.519
17.12828796666667	6.519
17.144713650000003	6.516
17.161094600000002	6.516
17.1774464	6.516
17.194061916666666	6.517
17.2102267	6.517
17.22664436666667	6.517
17.243136466666666	6.516
17.25968436666667	6.513
17.276134716666665	6.514
17.292346433333336	6.514
17.308804416666668	6.515
17.325300366666667	6.516
17.341686550000002	6.519
17.358036416666668	6.52
17.374429033333335	6.523
17.390821600000002	6.524
17.4074164	6.525
17.42378491666667	6.524
17.439962216666668	6.525
17.456503100000003	6.526
17.47289406666667	6.527
17.489286283333335	6.526
17.505844983333336	6.526
17.522005850000003	6.526
17.538479516666666	6.525
17.554928866666668	6.525
17.57131935	6.526
17.587781783333334	6.526
17.604213350000002	6.526
17.620652933333336	6.525
17.637058933333332	6.526
17.653399383333333	6.525
17.669780366666664	6.526
17.686169783333334	6.527
17.702550783333333	6.529
17.71891485	6.531
17.735319	6.532
17.751949083333333	6.533
17.7683347	6.533
17.7847191	6.533
17.80104598333333	6.533
17.817464833333336	6.533
17.833844050000003	6.533
17.8502984	6.534
17.866659016666667	6.535
17.8830457	6.535
17.899421166666666	6.535
17.916042716666666	6.534
17.93237248333333	6.534
17.948734400000003	6.534
17.965105383333334	6.535
17.981672733333337	6.535
17.99802415	6.535
18.014414966666667	6.535
18.030740283333333	6.534
18.047322133333335	6.534
18.063656	6.534
18.08004168333333	6.535
18.096457966666666	6.537
18.1128119	6.538
18.129399266666667	6.538
18.145590833333333	6.538
18.162132233333335	6.538
18.178518750000002	6.537
18.194931550000003	6.537
18.21128345	6.536
18.227733566666668	6.536
18.24413643333333	6.536
18.260532383333334	6.537
18.276869483333336	6.538
18.293214966666667	6.538
18.309823233333336	6.538
18.3261854	6.539
18.34264466666667	6.54
18.359063600000002	6.54
18.375406433333335	6.541
18.391851216666666	6.541
18.408228716666667	6.541
18.424638916666666	6.54
18.441012933333333	6.541
18.457405766666668	6.542
18.474015633333334	6.543
18.490349383333335	6.544
18.506702166666667	6.546
18.52306185	6.547
18.539483516666667	6.547
18.556038083333334	6.548
18.572445216666665	6.548
18.58881553333333	6.547
18.605226450000004	6.547
18.621447466666666	6.548
18.637907133333332	6.548
18.654289016666667	6.548
18.670712766666668	6.549
18.68733361666667	6.549
18.70348385	6.55
18.7198616	6.551
18.736484416666666	6.552
18.75283615	6.552
18.769229183333334	6.551
18.7855813	6.551
18.801947266666666	6.551
18.81851161666667	6.55
18.834910933333333	6.55
18.85133161666667	6.55
18.867743683333334	6.551
18.884160450000003	6.552
18.900376400000003	6.553
18.91678756666667	6.554
18.93329651666667	6.555
18.949738216666667	6.555
18.966078883333335	6.555
18.98248225	6.554
18.998901933333332	6.554
19.015292266666666	6.557
19.031738733333334	6.559
19.048100966666667	6.562
19.06448056666667	6.563
19.080928150000002	6.566
19.097357133333333	6.567
19.11377975	6.568
19.130219399999998	6.566
19.146666633333332	6.564
19.1631107	6.562
19.179358200000003	6.561
19.195837616666665	6.563
19.21229076666667	6.564
19.228616616666667	6.565
19.245089216666667	6.566
19.261332766666666	6.565
19.27801295	6.565
19.294384	6.565
19.3108075	6.566
19.327004083333335	6.566
19.343425616666664	6.565
19.359859983333337	6.565
19.376259283333333	6.567
19.392675816666667	6.568
19.40906441666667	6.569
19.425540650000002	6.568
19.4420046	6.568
19.45844021666667	6.567
19.474766433333333	6.569
19.49121005	6.569
19.507531133333337	6.57
19.523938383333334	6.571
19.540351066666666	6.571
19.556947400000002	6.57
19.57334095	6.57
19.589692666666668	6.573
19.606119583333335	6.575
19.622483316666667	6.575
19.63888701666667	6.575
19.65521706666667	6.575
19.671648683333334	6.576
19.688015316666668	6.578
19.704523733333335	6.578
19.72086426666667	6.578
19.737222733333333	6.579
19.753825083333336	6.579
19.770182283333334	6.58
19.786566883333336	6.579
19.802951266666668	6.579
19.819290533333334	6.578
19.83591618333333	6.578
19.8522762	6.579
19.86866726666667	6.58
19.885087849999998	6.581
19.901298766666667	6.581
19.917677683333334	6.58
19.934303900000003	6.58
19.950662633333334	6.579
19.96703236666667	6.579
19.983401100000002	6.58
20.000030233333334	6.581
20.016158083333334	6.582
20.032577833333335	6.58
20.049214283333335	6.579
20.065603199999998	6.58
20.081958416666666	6.581
20.098348033333334	6.581
20.114736733333334	6.58
20.131283266666667	6.58
20.147642283333337	6.582
20.163997516666665	6.582
20.1803842	6.582
20.196795333333334	6.583
20.213174483333333	6.583
20.2295392	6.583
20.24588483333333	6.584
20.2625122	6.585
20.278935116666666	6.586
20.295294433333336	6.587
20.311659783333337	6.588
20.32797375	6.588
20.344332816666668	6.588
20.360917216666667	6.588
20.37727921666667	6.589
20.393715183333335	6.591
20.410001683333334	6.592
20.426373833333333	6.591
20.44300515	6.591
20.459351466666668	6.592
20.475660983333334	6.593
20.492020116666666	6.593
20.50844191666667	6.593
20.5248741	6.592
20.541238833333335	6.592
20.557820366666668	6.592
20.57428086666667	6.593
20.590654216666668	6.594
20.607005483333335	6.596
20.623415666666666	6.597
20.639852716666667	6.597
20.656190933333335	6.596
20.672542566666667	6.596
20.68913266666667	6.596
20.705547333333335	6.596
20.7218619	6.597
20.73821836666667	6.598
20.754803383333336	6.6
20.771090433333335	6.6
20.787508366666668	6.599
20.803866983333336	6.598
20.8203233	6.598
20.83663065	6.597
20.8531882	6.598
20.869498916666664	6.597
20.886052283333335	6.597
20.90225655	6.597
20.9187896	6.597
20.935456700000003	6.599
20.951737400000003	6.6
20.96788575	6.602
20.984364983333336	6.603
21.000878483333334	6.604
21.0171196	6.606
21.033613116666668	6.606
21.049904066666667	6.607
21.066326433333334	6.606
21.082825733333333	6.606
21.09913875	6.605
21.115593533333335	6.605
21.131916133333334	6.605
21.148333400000002	6.605
21.164830050000003	6.605
21.181269633333333	6.604
21.19755165	6.604
21.2140235	6.604
21.23056111666667	6.604
21.246805333333334	6.606
21.26329036666667	6.607
21.279757266666664	6.608
21.295963866666668	6.608
21.31245385	6.609
21.32892201666667	6.609
21.345184433333337	6.608
21.361690616666667	6.608
21.378014566666664	6.608
21.394488650000003	6.608
21.410946916666667	6.608
21.427251750000003	6.609
21.443799633333334	6.61
21.460062733333334	6.613
21.476586633333334	6.615
21.493081150000002	6.617
21.50939215	6.618
21.52588711666667	6.618
21.542283933333334	6.618
21.558540400000002	6.617
21.575038183333334	6.616
21.591575066666667	6.615
21.607842966666666	6.615
21.62440675	6.616
21.640591616666665	6.616
21.657099300000002	6.616
21.673454616666668	6.615
21.68982605	6.615
21.706361466666667	6.615
21.72262015	6.615
21.739014416666667	6.616
21.75552475	6.616
21.77186203333333	6.617
21.78824051666667	6.619
21.804604500000003	6.62
21.821260383333335	6.621
21.837635533333334	6.62
21.85402021666667	6.619
21.8703934	6.62
21.886725583333337	6.619
21.903070833333334	6.619
21.919479066666668	6.618
21.936085066666667	6.618
21.952271483333334	6.618
21.96887446666667	6.619
21.98525096666667	6.619
22.001664466666668	6.619
22.01804148333333	6.619
22.03448895	6.619
22.05083115	6.622
22.067211733333334	6.623
22.083583716666666	6.624
22.09995835	6.624
22.116330116666667	6.624
22.132715666666666	6.624
22.149329533333333	6.623
22.165697916666666	6.624
22.182047750000002	6.625
22.198421666666665	6.628
22.215013133333333	6.629
22.231181466666666	6.629
22.247609383333334	6.628
22.263976566666667	6.628
22.280618716666666	6.629
22.296988833333334	6.629
22.313338583333334	6.628
22.32970055	6.628
22.346036	6.63
22.362470333333334	6.631
22.3788637	6.632
22.39527825	6.633
22.411635783333335	6.632
22.428181666666667	6.631
22.44447435	6.63
22.460849133333333	6.631
22.4772684	6.629
22.493862833333335	6.629
22.510209916666668	6.628
22.526570233333334	6.628
22.542967333333337	6.627
22.559289616666668	6.628
22.575721966666666	6.63
22.592346783333337	6.632
22.608579083333332	6.634
22.625124300000003	6.634
22.641571183333333	6.634
22.65796848333333	6.634
22.67423296666667	6.632
22.69062938333333	6.631
22.706994933333334	6.63
22.7233884	6.63
22.739983400000003	6.63
22.756367216666668	6.629
22.772771650000003	6.63
22.789168749999998	6.631
22.805552883333334	6.633
22.8219234	6.635
22.838309433333333	6.636
22.854706083333333	6.637
22.871289383333334	6.639
22.887672566666666	6.639
22.904101633333337	6.639
22.920319983333332	6.639
22.93663785	6.639
22.9532223	6.639
22.969656416666666	6.639
22.986070500000004	6.638
23.002430216666667	6.637
23.018793633333335	6.636
23.03517126666667	6.638
23.051528933333337	6.639
23.068141616666665	6.641
23.084286866666666	6.642
23.10089075	6.644
23.11730311666667	6.644
23.13368386666667	6.645
23.1500671	6.645
23.166390383333333	6.646
23.18304335	6.646
23.199189550000003	6.646
23.215765833333336	6.645
23.232065483333336	6.645
23.248460350000002	6.644
23.264795016666667	6.645
23.28127445	6.644
23.297861150000003	6.644
23.314039966666666	6.643
23.330589449999998	6.644
23.34700505	6.644
23.36338625	6.644
23.379794266666668	6.646
23.396124166666667	6.647
23.412666733333335	6.647
23.4289983	6.647
23.445383883333335	6.647
23.461765983333333	6.647
23.478170350000003	6.646
23.494532233333334	6.646
23.511130416666667	6.646
23.527564299999998	6.646
23.543870783333332	6.645
23.560245950000002	6.644
23.5765971	6.645
23.593012583333334	6.646
23.6093869	6.648
23.625793633333334	6.65
23.642177883333332	6.653
23.65882625	6.654
23.675145733333334	6.653
23.691594716666668	6.653
23.707937983333334	6.652
23.724273500000002	6.651
23.740637683333333	6.651
23.757083883333333	6.652
23.773433716666666	6.654
23.78982553333333	6.656
23.806475466666665	6.655
23.822844416666666	6.655
23.8391944	6.654
23.85550835	6.656
23.87186236666667	6.656
23.888408416666667	6.656
23.904826333333332	6.656
23.921187016666668	6.656
23.937629666666666	6.656
23.953948949999997	6.657
23.970418900000002	6.658
23.986798383333333	6.659
24.003130883333334	6.658
24.0194907	6.66
24.0361367	6.66
24.052348333333335	6.661
24.06874235	6.661
24.0853623	6.661
24.10178416666667	6.661
24.11812258333333	6.66
24.134574933333333	6.659
24.15097066666667	6.659
24.167383283333333	6.66
24.183840566666667	6.661
24.200012833333336	6.663
24.2164826	6.664
24.232843416666668	6.666
24.24944036666667	6.667
24.265880816666666	6.667
24.282074683333335	6.668
24.29848455	6.668
24.31496621666667	6.669
24.331342616666667	6.67
24.347857116666667	6.671
24.3642077	6.671
24.380495699999997	6.67
24.396904583333335	6.669
24.413338666666668	6.67
24.42968845	6.67
24.44612215	6.671
24.462588133333334	6.67
24.479066633333332	6.669
24.495413466666665	6.668
24.5119385	6.667
24.528156733333333	6.667
24.544780833333334	6.666
24.561181716666667	6.666
24.577504933333334	6.667
24.593948683333334	6.667
24.610360333333333	6.667
24.626752683333333	6.666
24.6429857	6.666
24.65942406666667	6.665
24.675893533333333	6.665
24.692373650000004	6.665
24.708653800000004	6.665
24.7251309	6.663
24.741364816666668	6.66
24.758014533333334	6.661
24.77445495	6.668
24.790642166666665	6.675
24.807077133333333	6.678
24.823483	6.676
24.839831566666668	6.675
24.856388016666667	6.672
24.872739366666668	6.673
24.8891777	6.673
24.905640933333334	6.674
24.922074416666668	6.673
24.938478316666668	6.673
24.954716683333334	6.674
24.971201816666667	6.675
24.987618316666666	6.675
25.003976599999998	6.674
25.020341650000002	6.675
25.03674636666667	6.675
25.053364683333335	6.674
25.06951086666667	6.673
25.086177316666667	6.673
25.10249825	6.675
25.118805100000003	6.676
25.135208150000004	6.678
25.151582050000002	6.678
25.168001833333335	6.679
25.1846219	6.68
25.200951316666668	6.681
25.21730781666667	6.682
25.233645183333334	6.682
25.250019333333334	6.681
25.266577883333333	6.68
25.282838416666667	6.681
25.299363933333332	6.68
25.3156968	6.679
25.332101333333334	6.678
25.348509916666668	6.679
25.36488361666667	6.681
25.381258933333335	6.682
25.397647783333333	6.683
25.414268333333332	6.683
25.430611616666667	6.682
25.44701213333333	6.681
25.4634496	6.681
25.479792216666667	6.681
25.496204116666668	6.681
25.512565266666666	6.681
25.5289892	6.682
25.545342466666668	6.682
25.561743783333334	6.682
25.578245383333336	6.682
25.594646049999998	6.682
25.611034183333334	6.682
25.62737363333333	6.684
25.64394946666667	6.685
25.660303433333336	6.687
25.67665465	6.688
25.693038533333333	6.688
25.709408766666666	6.688
25.725986733333333	6.687
25.742350283333334	6.687
25.758665250000004	6.687
25.77507765	6.686
25.791453016666665	6.687
25.8080311	6.687
25.824436283333334	6.689
25.840768333333333	6.69
25.857147433333335	6.69
25.873517	6.689
25.890104049999998	6.688
25.9064743	6.689
25.922853866666667	6.689
25.93928383333333	6.691
25.955707416666666	6.691
25.972051500000003	6.692
25.988432883333335	6.691
26.0048084	6.691
26.021157650000003	6.69
26.037749033333334	6.689
26.054093783333336	6.689
26.070473133333333	6.688
26.086863433333335	6.689
26.103249583333337	6.689
26.11966805	6.69
26.135999616666666	6.69
26.152558066666668	6.69
26.168911316666666	6.69
26.18529026666667	6.691
26.2016842	6.692
26.21806055	6.692
26.2346854	6.694
26.251029950000003	6.696
26.267440283333336	6.696
26.283848116666665	6.695
26.300190383333334	6.695
26.316557083333333	6.695
26.33298243333333	6.695
26.349366300000003	6.694
26.365983600000003	6.694
26.382165833333335	6.694
26.39874156666667	6.694
26.415179383333335	6.694
26.431530633333335	6.695
26.447888583333334	6.696
26.464247883333332	6.698
26.4805588	6.698
26.497185500000004	6.699
26.513501933333334	6.699
26.529903983333337	6.699
26.54627208333333	6.699
26.562649583333336	6.701
26.579277	6.703
26.59566895	6.706
26.612060933333336	6.708
26.628393649999996	6.709
26.6447592	6.708
26.66115806666667	6.706
26.677554416666663	6.704
26.69394311666667	6.704
26.7105019	6.704
26.726719783333333	6.706
26.743129916666664	6.706
26.759576166666665	6.706
26.776160783333335	6.705
26.792508033333338	6.704
26.808842416666668	6.705
26.825276966666667	6.704
26.841651200000005	6.704
26.858216550000005	6.703
26.874412366666665	6.701
26.891030150000002	6.701
26.90720656666667	6.701
26.923649883333336	6.704
26.940051399999998	6.707
26.956673183333333	6.709
26.972826100000002	6.709
26.989415633333333	6.708
27.005787483333332	6.709
27.02207425	6.709
27.038699249999997	6.709
27.05502243333333	6.707
27.071412649999996	6.708
27.087806266666664	6.709
27.104066200000002	6.709
27.1205776	6.708
27.13697025	6.707
27.153367633333335	6.708
27.169849266666663	6.709
27.186176399999997	6.709
27.202650566666666	6.708
27.219004283333337	6.708
27.23541081666667	6.709
27.25178931666667	6.709
27.268249199999996	6.71
27.28462398333333	6.709
27.3009862	6.71
27.317626866666668	6.711
27.333967233333336	6.711
27.350368016666668	6.711
27.366727166666667	6.711
27.38310293333333	6.711
27.39947271666667	6.711
27.415850983333332	6.711
27.432462133333335	6.71
27.448833616666665	6.71
27.465202900000005	6.71
27.481639183333332	6.711
27.49802801666667	6.712
27.514411483333337	6.714
27.530799333333338	6.716
27.547359816666667	6.719
27.563706200000002	6.72
27.580106133333334	6.719
27.59648886666667	6.718
27.612858366666668	6.717
27.62930295	6.717
27.645658316666665	6.717
27.662070816666667	6.716
27.678363049999998	6.716
27.694734283333336	6.715
27.711316266666667	6.715
27.72770805	6.714
27.74409475	6.714
27.760421716666666	6.715
27.776794766666665	6.716
27.793127699999996	6.715
27.80976406666667	6.716
27.826199983333336	6.717
27.842328000000006	6.717
27.85897615	6.717
27.87516185	6.717
27.891549833333332	6.718
27.90815651666667	6.718
27.924465666666666	6.718
27.9408237	6.718
27.9571717	6.718
27.97372448333334	6.719
27.99012395	6.72
28.0064746	6.72
28.02282145	6.72
28.03942676666667	6.721
28.055685066666666	6.722
28.07205135	6.723
28.0886545	6.725
28.10480275	6.727
28.12146431666667	6.728
28.137838600000006	6.729
28.15411451666667	6.73
28.170487383333334	6.73
28.187106850000003	6.729
28.20354166666667	6.728
28.21987641666667	6.727
28.23615858333333	6.725
28.252523783333334	6.723
28.269158583333333	6.723
28.285284416666666	6.723
28.301958833333334	6.725
28.31831158333333	6.726
28.33471678333333	6.728
28.3510611	6.729
28.367371216666665	6.731
28.383814616666665	6.731
28.400409133333337	6.73
28.41660525	6.729
28.432994966666666	6.728
28.449647383333332	6.728
28.465993299999997	6.728
28.482160266666664	6.728
28.498808200000003	6.728
28.515114933333333	6.729
28.531556466666668	6.729
28.547938266666666	6.729
28.564288966666663	6.729
28.58067911666667	6.73
28.597251500000002	6.73
28.61362635	6.73
28.629826249999997	6.73
28.646505650000005	6.729
28.66264286666667	6.729
28.679204550000005	6.73
28.695567399999998	6.731
28.711977333333333	6.733
28.728386266666664	6.734
28.744736883333335	6.736
28.7611643	6.737
28.77753886666667	6.737
28.793924866666668	6.738
28.810353499999994	6.737
28.826909949999997	6.736
28.843285616666673	6.735
28.859569633333333	6.734
28.876015966666667	6.735
28.892460083333336	6.735
28.908866966666668	6.736
28.925198050000002	6.736
28.941707500000003	6.738
28.958075749999995	6.739
28.97445805	6.739
28.990855266666667	6.737
29.007246116666668	6.735
29.023644	6.735
29.040045216666666	6.735
29.056602933333334	6.736
29.07296281666667	6.737
29.089335599999995	6.736
29.10571416666667	6.735
29.122188500000004	6.735
29.13854445	6.736
29.15495278333334	6.737
29.17129615	6.74
29.187724049999996	6.742
29.204081300000002	6.745
29.22070773333333	6.747
29.237123316666665	6.747
29.25330743333333	6.747
29.26972863333334	6.747
29.286134099999995	6.748
29.302471300000004	6.747
29.31909405	6.746
29.335437316666667	6.745
29.351808233333333	6.744
29.36818343333334	6.744
29.384534716666668	6.744
29.40121673333333	6.744
29.4175625	6.743
29.433917683333338	6.744
29.450289700000003	6.744
29.466714283333335	6.744
29.483125083333338	6.744
29.49946125	6.744
29.515815483333338	6.744
29.53221685	6.744
29.5487955	6.744
29.56515533333334	6.744
29.58147451666667	6.744
29.597886566666663	6.743
29.614463033333333	6.743
29.630842950000005	6.743
29.647186650000005	6.744
29.66354375	6.744
29.679912383333335	6.745
29.696300083333337	6.745
29.712676000000005	6.745
29.72906625	6.744
29.745722349999998	6.745
29.7620665	6.745
29.778478000000003	6.747
29.79484736666667	6.748
29.811208366666666	6.748
29.827478033333332	6.747
29.844057433333337	6.747
29.860480266666666	6.749
29.876896316666663	6.751
29.893248783333338	6.751
29.909616966666665	6.751
29.926019266666668	6.751
29.942432016666668	6.752
29.958773750000002	6.752
29.975374499999997	6.751
29.99172668333333	6.75
30.008122083333337	6.749
30.02449723333333	6.749
30.040914233333336	6.749
30.057190666666667	6.75
30.073623883333337	6.751
30.090088050000002	6.752
30.106511616666662	6.753
30.122882716666663	6.754
30.139276766666665	6.756
30.155645083333336	6.756
30.172038833333335	6.755
30.188650066666664	6.754
30.20500755	6.753
30.22145075	6.754
30.237861766666665	6.754
30.25430268333334	6.753
30.270440216666668	6.753
30.287005266666664	6.753
30.30342298333333	6.754
30.319831233333336	6.754
30.336333766666666	6.754
30.352503700000003	6.755
30.368972733333333	6.757
30.38534378333333	6.759
30.401912183333334	6.759
30.418304383333332	6.758
30.434703716666665	6.758
30.451081750000004	6.759
30.46739425	6.759
30.48382451666666	6.758
30.500182166666665	6.756
30.51652388333334	6.756
30.533165583333332	6.755
30.54950998333334	6.757
30.5659108	6.757
30.58229568333334	6.758
30.598681800000005	6.758
30.6150256	6.76
30.63140196666667	6.761
30.647963683333334	6.762
30.66432345	6.761
30.68070066666667	6.762
30.697170100000005	6.763
30.71339131666667	6.766
30.729948100000005	6.768
30.746296999999995	6.769
30.762757883333332	6.77
30.779021366666665	6.768
30.7955353	6.766
30.811980666666667	6.764
30.828435116666665	6.763
30.844679583333328	6.763
30.861254650000003	6.764
30.87748746666667	6.766
30.893942050000003	6.769
30.910486833333334	6.77
30.926741733333333	6.772
30.94319833333333	6.773
30.959706283333336	6.774
30.97602716666667	6.776
30.99246245	6.776
31.008697183333336	6.774
31.025183783333336	6.771
31.04168026666667	6.769
31.057979149999998	6.768
31.07450055	6.768
31.090744000000004	6.767
31.10722983333333	6.766
31.123721916666664	6.766
31.139967483333333	6.767
31.15644275	6.768
31.172896116666667	6.77
31.189381800000003	6.772
31.205649000000005	6.774
31.222146766666665	6.775
31.238647966666665	6.775
31.25491025	6.776
31.2713068	6.776
31.28782633333334	6.775
31.304079250000004	6.773
31.320395666666666	6.772
31.336940699999996	6.773
31.35323213333334	6.774
31.36975528333333	6.773
31.386174433333334	6.772
31.40263316666667	6.771
31.418884683333335	6.772
31.435405383333336	6.775
31.45165171666667	6.778
31.468147	6.779
31.48466816666667	6.779
31.50095338333333	6.779
31.517452416666668	6.78
31.53370846666667	6.78
31.55023103333333	6.779
31.566622833333337	6.777
31.583036216666667	6.777
31.59940673333333	6.776
31.615759400000005	6.776
31.63236565	6.775
31.64870875	6.774
31.665091999999998	6.774
31.681414283333336	6.773
31.697926983333335	6.773
31.714267099999997	6.773
31.730638933333328	6.774
31.747005933333337	6.774
31.763502900000002	6.776
31.779899749999995	6.776
31.796221	6.777
31.812866783333337	6.776
31.8292211	6.776
31.845623266666667	6.777
31.861984816666673	6.777
31.878374850000004	6.777
31.894703483333334	6.777
31.911100450000003	6.777
31.927497583333338	6.778
31.943994033333336	6.778
31.960419050000002	6.779
31.97684668333333	6.779
31.993178283333332	6.78
32.00963713333333	6.779
32.026009816666665	6.779
32.04234386666667	6.78
32.05892878333333	6.782
32.07523778333333	6.782
32.09166335	6.783
32.10805216666667	6.782
32.12447125	6.782
32.140785683333334	6.781
32.157213399999996	6.781
32.173763466666664	6.779
32.18995718333333	6.78
32.206593749999996	6.78
32.222976716666665	6.781
32.23931511666666	6.78
32.255692866666664	6.779
32.27210926666666	6.779
32.28848633333333	6.78
32.304872950000004	6.78
32.32123066666666	6.779
32.33758968333333	6.779
32.354218116666665	6.779
32.37058956666666	6.78
32.38692956666666	6.781
32.40332	6.782
32.41964371666666	6.782
32.436208216666664	6.783
32.45257251666666	6.783
32.46897058333333	6.784
32.485358049999995	6.784
32.5016971	6.785
32.5180449	6.787
32.534679049999994	6.788
32.55103853333333	6.79
32.567435749999994	6.791
32.583882716666665	6.791
32.600306883333324	6.791
32.61666986666666	6.79
32.633068816666665	6.791
32.64946319999999	6.792
32.665768566666664	6.793
32.682149249999995	6.794
32.6985926	6.796
32.71501063333333	6.798
32.73159363333333	6.797
32.747792749999995	6.797
32.76418031666666	6.797
32.78083471666666	6.796
32.79717663333333	6.795
32.813525866666666	6.794
32.82988736666667	6.795
32.84627793333333	6.795
32.86266183333333	6.794
32.87911008333333	6.793
32.89540753333333	6.794
32.911848799999994	6.794
32.92848886666666	6.794
32.94468656666666	6.794
32.96110876666666	6.794
32.97747831666666	6.795
32.99384551666667	6.796
33.01046376666666	6.798
33.02680921666666	6.8
33.04314815	6.802
33.05950991666666	6.804
33.075946249999994	6.804
33.09231928333333	6.803
33.1086806	6.803
33.1253215	6.803
33.1416475	6.801
33.158122299999995	6.799
33.17451413333333	6.797
33.1909227	6.797
33.207375799999994	6.798
33.223579799999996	6.8
33.24016148333333	6.801
33.25654216666666	6.801
33.2729297	6.803
33.28930863333333	6.805
33.30559635	6.807
33.321977399999994	6.807
33.338502749999996	6.805
33.35492971666667	6.803
33.37128936666666	6.802
33.38760573333333	6.802
33.40426838333333	6.801
33.420459216666664	6.801
33.43686438333333	6.801
33.45343581666666	6.802
33.469665316666664	6.803
33.48630444999999	6.802
33.50268761666667	6.8
33.51895373333333	6.799
33.53544411666667	6.799
33.551804366666666	6.8
33.568162883333336	6.8
33.584509033333326	6.799
33.601131716666664	6.8
33.61744068333333	6.801
33.633809583333324	6.803
33.650154416666666	6.804
33.66653496666667	6.805
33.68315521666666	6.805
33.69958081666667	6.804
33.71575075	6.803
33.732362249999994	6.803
33.748660783333335	6.803
33.76499223333333	6.802
33.7816359	6.802
33.79793238333333	6.803
33.81435886666666	6.804
33.83072384999999	6.804
33.84705891666666	6.804
33.863664050000004	6.805
33.88000041666666	6.806
33.89640119999999	6.806
33.912834966666665	6.804
33.929211216666666	6.804
33.94556113333333	6.805
33.96190971666666	6.806
33.97834031666666	6.808
33.99468303333333	6.809
34.01132496666666	6.81
34.02767636666666	6.81
34.04400151666667	6.811
34.06038815	6.811
34.07677029999999	6.812
34.09320025	6.81
34.1096333	6.809
34.12594153333333	6.809
34.14229595	6.809
34.158930016666666	6.808
34.175243033333324	6.808
34.191676883333336	6.807
34.20804136666666	6.807
34.22440406666666	6.807
34.24080313333333	6.808
34.25723218333333	6.808
34.27379893333333	6.809
34.29016658333333	6.809
34.3065046	6.811
34.32285231666666	6.813
34.339295783333334	6.814
34.35564875	6.814
34.372232749999995	6.814
34.38858425	6.814
34.40493743333333	6.813
34.421315283333335	6.814
34.43768226666666	6.815
34.45427933333333	6.816
34.47060006666666	6.815
34.486997249999995	6.815
34.503301349999994	6.816
34.51964618333333	6.817
34.536129983333325	6.819
34.5525011	6.821
34.56912038333333	6.822
34.58549078333333	6.821
34.60190611666667	6.819
34.61823993333333	6.819
34.63465908333333	6.819
34.65107575	6.82
34.66743101666666	6.819
34.683831383333334	6.818
34.70021786666667	6.818
34.71663001666666	6.818
34.73300535	6.816
34.74935165	6.816
34.76574615	6.814
34.782363966666665	6.814
34.798652116666666	6.814
34.81510698333333	6.816
34.831495633333326	6.816
34.84789278333333	6.815
34.864236883333334	6.815
34.880652266666665	6.816
34.89705621666667	6.819
34.91345213333333	6.821
34.929812749999996	6.822
34.94642366666667	6.822
34.9627784	6.822
34.97918598333333	6.822
34.99555071666666	6.821
35.0118893	6.821
35.02824948333333	6.82
35.04466225	6.821
35.06112655	6.821
35.07745285	6.822
35.094061749999995	6.82
35.110410949999995	6.819
35.12683225	6.819
35.14319161666666	6.819
35.1595608	6.819
35.175903883333326	6.82
35.19251251666667	6.821
35.20890251666666	6.821
35.22529264999999	6.82
35.24161313333333	6.819
35.25802051666667	6.819
35.274368366666664	6.819
35.29075808333334	6.82
35.307146366666665	6.821
35.32373824999999	6.822
35.340082699999996	6.824
35.356486733333334	6.827
35.3728221	6.83
35.38924973333333	6.831
35.40556671666666	6.831
35.42218989999999	6.831
35.43856236666666	6.831
35.45484858333333	6.83
35.471215599999994	6.828
35.487759733333334	6.827
35.50401885	6.827
35.52040349999999	6.826
35.53698433333333	6.826
35.55333723333333	6.825
35.56972743333333	6.825
35.58611561666666	6.825
35.60253446666666	6.828
35.6189112	6.83
35.6353014	6.832
35.65170019999999	6.832
35.66803678333333	6.832
35.68465068333333	6.831
35.70102131666666	6.829
35.71738408333333	6.828
35.73373723333333	6.829
35.75013411666666	6.83
35.76662775	6.831
35.782867366666665	6.832
35.79938801666666	6.833
35.81576071666667	6.833
35.83206505	6.833
35.84875315	6.831
35.86500055	6.831
35.88148138333333	6.832
35.897808866666665	6.835
35.914343833333334	6.836
35.9305942	6.835
35.947100766666665	6.833
35.963411583333325	6.833
35.9798768	6.835
35.99617771666666	6.837
36.01271643333333	6.838
36.0291211	6.838
36.045389549999996	6.837
36.06200371666666	6.837
36.078369216666665	6.837
36.09453488333333	6.838
36.11117036666667	6.838
36.127567449999994	6.84
36.143807816666666	6.842
36.16044204999999	6.841
36.17659703333334	6.839
36.193028299999995	6.837
36.20948824999999	6.836
36.225850449999996	6.834
36.24227835	6.834
36.25872281666666	6.834
36.27516296666666	6.836
36.29149285	6.837
36.30796235	6.837
36.32435285	6.837
36.34075813333333	6.837
36.357117483333326	6.835
36.373661	6.835
36.3900892	6.835
36.406316	6.836
36.42274379999999	6.835
36.439254166666665	6.834
36.45564516666666	6.833
36.472073916666666	6.835
36.48851911666666	6.837
36.50488321666666	6.839
36.52129203333333	6.839
36.53771856666666	6.84
36.554119199999995	6.84
36.57051871666666	6.84
36.58689171666666	6.839
36.603321216666664	6.838
36.619511383333325	6.839
36.63611895	6.839
36.65235823333333	6.84
36.66882891666666	6.84
36.68526325	6.839
36.70170033333333	6.838
36.71805488333333	6.838
36.73447263333333	6.838
36.75086225	6.838
36.76727686666666	6.839
36.78378013333333	6.839
36.7999613	6.84
36.81642771666666	6.842
36.8328325	6.844
36.849300066666665	6.846
36.86562695	6.846
36.88205361666667	6.845
36.8985145	6.843
36.914836433333335	6.843
36.93127856666666	6.841
36.94772749999999	6.841
36.96410236666666	6.84
36.980492166666664	6.841
36.99688703333334	6.841
37.013264666666664	6.841
37.02973349999999	6.842
37.04610668333333	6.842
37.06252023333333	6.842
37.07889181666667	6.842
37.09527128333333	6.84
37.11169643333333	6.841
37.12814661666666	6.842
37.14471666666666	6.843
37.16102493333333	6.843
37.17743194999999	6.845
37.19383069999999	6.849
37.210317999999994	6.851
37.22657671666666	6.851
37.24310056666666	6.85
37.25943866666666	6.851
37.275792149999994	6.851
37.292199383333326	6.852
37.30856921666666	6.853
37.324928066666665	6.854
37.34129316666667	6.853
37.35789151666667	6.852
37.37432798333333	6.85
37.3905185	6.849
37.40715048333333	6.849
37.42355966666666	6.849
37.439878083333326	6.849
37.456271883333336	6.849
37.472649716666666	6.849
37.48908196666666	6.848
37.505495966666665	6.847
37.52193964999999	6.845
37.53837186666666	6.846
37.554729933333334	6.846
37.571117816666664	6.847
37.58746963333333	6.848
37.60387299999999	6.847
37.62025598333333	6.847
37.63683476666667	6.847
37.65322253333333	6.85
37.669563883333325	6.852
37.685946566666665	6.854
37.7022906	6.855
37.71888198333333	6.856
37.73506455	6.855
37.751482466666666	6.853
37.76788581666666	6.851
37.78430608333333	6.85
37.80092706666667	6.851
37.817304766666666	6.851
37.83369963333333	6.853
37.85012013333333	6.854
37.866510016666666	6.854
37.88285348333333	6.854
37.89922923333333	6.853
37.91564366666666	6.853
37.93200361666666	6.851
37.948371849999994	6.851
37.96474271666666	6.85
37.98115523333333	6.85
37.997580649999996	6.851
38.014142783333334	6.852
38.03046765	6.853
38.046887149999996	6.855
38.063186816666665	6.857
38.07960086666667	6.859
38.09596875	6.859
38.11252165	6.86
38.1288082	6.86
38.14518775	6.86
38.161817666666664	6.859
38.17812233333333	6.857
38.19447856666666	6.858
38.2108797	6.858
38.22739396666666	6.859
38.24376355	6.858
38.26016303333333	6.858
38.27654079999999	6.857
38.292926949999995	6.857
38.30926798333333	6.858
38.325675849999996	6.858
38.342232716666665	6.859
38.35861156666666	6.858
38.374968499999994	6.858
38.391361249999996	6.859
38.40778008333333	6.861
38.42412343333333	6.862
38.44047156666666	6.864
38.45708141666666	6.863
38.473499366666665	6.863
38.48985695	6.863
38.506237549999994	6.864
38.52262818333333	6.864
38.538966833333326	6.863
38.5554171	6.862
38.571765783333326	6.862
38.58813731666666	6.862
38.60455648333333	6.861
38.62098853333333	6.862
38.63739879999999	6.862
38.653823383333325	6.863
38.67020568333333	6.863
38.68658333333333	6.863
38.7031345	6.863
38.719542116666666	6.863
38.73596028333333	6.863
38.75227211666667	6.863
38.7686056	6.863
38.78500256666667	6.863
38.80141911666666	6.862
38.81802056666667	6.863
38.83435833333333	6.862
38.85073263333334	6.862
38.86709515	6.862
38.88349706666667	6.863
38.89986241666666	6.864
38.91624203333333	6.865
38.93279398333333	6.866
38.94918178333333	6.866
38.96556873333333	6.866
38.982017583333324	6.866
38.998413916666664	6.865
39.01459403333333	6.865
39.03125251666667	6.864
39.04768133333334	6.865
39.064069149999995	6.866
39.080404683333335	6.866
39.096779266666665	6.866
39.11315458333333	6.868
39.12970601666667	6.871
39.14611098333333	6.87
39.16226841666666	6.869
39.17870716666666	6.868
39.19518623333333	6.87
39.2116522	6.871
39.22802973333333	6.871
39.2444365	6.871
39.260851466666665	6.87
39.277266266666665	6.87
39.29361133333333	6.872
39.31006066666666	6.874
39.32648418333333	6.875
39.34289055	6.876
39.359249999999996	6.875
39.37559733333333	6.875
39.39203715	6.874
39.40838028333333	6.875
39.42472049999999	6.875
39.44139186666666	6.874
39.457740683333334	6.873
39.47409656666667	6.873
39.49049628333333	6.874
39.506915	6.875
39.52331576666666	6.877
39.53966578333333	6.88
39.556031999999995	6.88
39.5723959	6.881
39.58875178333333	6.881
39.605463066666665	6.88
39.62166768333333	6.879
39.638213416666666	6.877
39.6546038	6.876
39.67096836666666	6.875
39.687393166666666	6.876
39.70375508333333	6.875
39.72021986666667	6.875
39.736417983333325	6.874
39.752941316666664	6.875
39.769377516666665	6.876
39.78569911666666	6.877
39.802028166666666	6.876
39.81871065	6.875
39.83506383333333	6.875
39.85125023333333	6.875
39.867912716666666	6.878
39.884236333333334	6.879
39.9006356	6.881
39.91706503333333	6.88
39.93345143333333	6.879
39.94974728333333	6.878
39.96611335	6.877
39.98266525	6.877
39.999106616666666	6.875
40.015412999999995	6.873
40.031759816666664	6.873
40.048298966666664	6.874
40.06461496666666	6.874
40.08094703333333	6.874
40.09734673333333	6.873
40.11393618333333	6.873
40.13016331666667	6.874
40.146552449999994	6.876
40.16312463333333	6.877
40.17948875	6.878
40.195849849999995	6.878
40.21215576666666	6.878
40.22876026666667	6.879
40.24512886666666	6.88
40.26152053333333	6.88
40.27786201666667	6.879
40.2942475	6.878
40.31066211666667	6.879
40.32706939999999	6.881
40.34339501666666	6.883
40.359934133333326	6.883
40.37631293333333	6.883
40.39264766666667	6.881
40.40914168333333	6.881
40.42544434999999	6.881
40.441877149999996	6.881
40.45829608333333	6.881
40.47472695	6.883
40.49116223333333	6.885
40.50756238333333	6.887
40.52386358333333	6.887
40.540219083333334	6.886
40.55687531666666	6.885
40.57323661666666	6.885
40.589535966666666	6.884
40.6059216	6.883
40.62241318333333	6.883
40.63880603333333	6.882
40.65519755	6.882
40.67156043333333	6.881
40.68797803333333	6.882
40.70447076666667	6.883
40.72079545	6.883
40.73710993333333	6.883
40.75359136666666	6.882
40.76991068333333	6.883
40.786293066666666	6.883
40.80284446666667	6.885
40.819244766666664	6.884
40.835612999999995	6.884
40.85212473333333	6.884
40.8684519	6.884
40.88485018333333	6.885
40.90123215	6.885
40.9175962	6.885
40.93398703333333	6.885
40.95034916666666	6.885
40.96696564999999	6.886
40.98334745	6.885
40.999695333333335	6.885
41.016226233333335	6.885
41.032597949999996	6.886
41.048991566666665	6.887
41.06532206666666	6.887
41.08176651666667	6.887
41.09816685	6.887
41.11449848333333	6.886
41.13084501666666	6.886
41.14742918333333	6.887
41.163898749999994	6.887
41.18008873333333	6.888
41.19644333333333	6.888
41.213080966666666	6.888
41.229384016666664	6.887
41.24579535	6.886
41.262177666666666	6.884
41.27856538333333	6.884
41.29497693333333	6.885
41.31131786666666	6.885
41.32776053333333	6.884
41.34416215	6.884
41.36055211666667	6.884
41.37696488333333	6.884
41.39328136666666	6.885
41.40986453333333	6.885
41.426303966666666	6.886
41.442668899999994	6.886
41.45899985	6.886
41.47540121666666	6.885
41.49181313333333	6.886
41.50838151666667	6.886
41.52475306666667	6.886
41.54107921666667	6.887
41.55749874999999	6.888
41.57381709999999	6.889
41.590244766666665	6.889
41.60683388333333	6.888
41.62301453333333	6.888
41.63944551666666	6.89
41.65597478333333	6.891
41.67239765	6.892
41.68873478333333	6.892
41.70511449999999	6.892
41.72145898333333	6.892
41.73795071666667	6.892
41.75434445	6.89
41.770757583333335	6.888
41.78720865	6.888
41.80361493333333	6.888
41.81995001666667	6.888
41.83635748333333	6.887
41.85275876666667	6.888
41.86911356666667	6.889
41.88562863333333	6.889
41.90210033333333	6.889
41.918310266666666	6.889
41.93489904999999	6.891
41.95132301666666	6.893
41.96767335	6.894
41.98398516666666	6.895
42.00038693333333	6.894
42.01673693333333	6.894
42.03315548333333	6.893
42.049571349999994	6.893
42.06598998333333	6.893
42.0824262	6.894
42.098798116666664	6.896
42.11524746666666	6.896
42.13169708333333	6.896
42.148111666666665	6.897
42.1645512	6.899
42.18100838333333	6.9
42.1971686	6.899
42.213632149999995	6.898
42.23004641666666	6.897
42.24641058333333	6.897
42.26279483333333	6.897
42.27932345	6.896
42.29581326666666	6.896
42.311977516666666	6.896
42.328357616666665	6.895
42.34504413333333	6.894
42.361385283333334	6.894
42.37778443333333	6.894
42.39419708333333	6.895
42.410418666666665	6.896
42.426908016666665	6.896
42.443275	6.895
42.459629	6.894
42.47601006666666	6.896
42.49244933333333	6.896
42.508916933333325	6.898
42.52523468333333	6.898
42.54172515	6.899
42.558046483333335	6.899
42.57447325	6.899
42.59110188333333	6.899
42.607455816666665	6.899
42.62381563333333	6.9
42.64013249999999	6.901
42.656557333333325	6.901
42.67286133333334	6.901
42.68946686666666	6.902
42.70584318333333	6.902
42.72219435	6.903
42.738546983333336	6.905
42.75512551666666	6.904
42.771497283333325	6.902
42.78785215	6.899
42.804154033333326	6.897
42.82053658333333	6.897
42.83695638333333	6.898
42.85359348333333	6.898
42.869983383333334	6.899
42.8862365	6.899
42.902659199999995	6.899
42.91899425	6.898
42.93538936666666	6.898
42.95198938333333	6.897
42.96822618333333	6.897
42.98460273333333	6.896
43.00122521666666	6.897
43.01758724999999	6.899
43.033978016666666	6.901
43.0502882	6.903
43.06668716666666	6.906
43.08327603333333	6.908
43.0994574	6.909
43.11586366666667	6.908
43.13227824999999	6.907
43.14865986666667	6.905
43.16506833333333	6.903
43.18169159999999	6.902
43.19806575	6.901
43.214438949999995	6.902
43.23076215	6.903
43.24714343333333	6.904
43.263527233333335	6.904
43.280141699999994	6.905
43.29633173333333	6.905
43.31271761666667	6.905
43.32929291666667	6.904
43.345635483333325	6.903
43.362032633333335	6.903
43.37841045	6.901
43.39481549999999	6.901
43.41120466666666	6.902
43.42760123333333	6.903
43.44398931666666	6.904
43.46055663333333	6.904
43.476942233333325	6.903
43.49329096666667	6.902
43.50980883333333	6.902
43.52613971666666	6.902
43.54239363333333	6.903
43.559034783333324	6.903
43.575422366666665	6.903
43.5917757	6.902
43.608150099999996	6.902
43.624573283333326	6.902
43.641003149999996	6.901
43.65736628333333	6.902
43.673778633333335	6.902
43.69015641666666	6.903
43.70653061666667	6.902
43.722922499999996	6.903
43.73950996666667	6.903
43.755853349999995	6.904
43.77223308333333	6.905
43.788674199999996	6.906
43.80503461666666	6.906
43.82137218333333	6.905
43.83800453333333	6.905
43.85439161666666	6.905
43.87069641666667	6.907
43.8870404	6.908
43.90341426666666	6.909
43.919981433333334	6.91
43.93635273333333	6.911
43.95264006666666	6.911
43.96898066666667	6.909
43.985441116666664	6.907
44.00189653333333	6.906
44.0182309	6.905
44.0347758	6.905
44.05118463333333	6.903
44.067660466666666	6.902
44.084030266666666	6.901
44.10045238333333	6.904
44.116834516666664	6.906
44.13320313333333	6.908
44.149665183333326	6.909
44.166130366666664	6.911
44.18229318333333	6.912
44.19896038333333	6.912
44.21536244999999	6.912
44.23150496666666	6.912
44.24818114999999	6.912
44.26433531666666	6.912
44.28081666666667	6.913
44.297165916666664	6.913
44.313552216666665	6.912
44.33004101666667	6.911
44.34648725	6.909
44.36301016666666	6.909
44.37916838333333	6.909
44.395745883333326	6.908
44.412201616666664	6.909
44.42851873333333	6.909
44.44502435	6.909
44.46133731666666	6.908
44.477846316666664	6.908
44.49405556666666	6.908
44.510559449999995	6.908
44.52704335	6.91
44.54343946666667	6.909
44.55982109999999	6.908
44.576215749999996	6.907
44.5926999	6.908
44.60917238333333	6.908
44.62542265	6.909
44.6419218	6.91
44.65827523333333	6.909
44.67452373333333	6.91
44.69102801666667	6.908
44.707414199999995	6.907
44.72383695	6.907
44.740282799999996	6.907
44.756644599999994	6.907
44.7731815	6.907
44.7895867	6.907
44.80598503333333	6.907
44.82241606666666	6.907
44.838728849999995	6.907
44.85509836666667	6.908
44.871484633333324	6.908
44.88790261666666	6.909
44.904325099999994	6.91
44.92064969999999	6.912
44.937079849999996	6.912
44.9536915	6.912
44.96990378333333	6.912
44.98631648333333	6.913
45.00271863333333	6.912
45.01904455	6.911
45.03567808333333	6.911
45.05199533333333	6.911
45.068390316666665	6.912
45.084738316666666	6.911
45.101136366666665	6.91
45.11752096666666	6.909
45.134152566666664	6.911
45.1504644	6.911
45.16683958333333	6.911
45.18321225	6.91
45.19966136666667	6.91
45.216038133333335	6.91
45.23259876666666	6.911
45.2489546	6.91
45.265258749999994	6.911
45.281837383333325	6.91
45.29809461666667	6.911
45.31463878333333	6.91
45.33082225	6.912
45.34750103333333	6.913
45.3638423	6.914
45.38008998333333	6.915
45.39656155	6.914
45.41309555	6.913
45.42930449999999	6.913
45.445704049999996	6.913
45.462109166666664	6.912
45.47864429999999	6.911
45.495102116666665	6.909
45.51132503333333	6.909
45.52779841666666	6.909
45.54427234999999	6.911
45.560564516666666	6.912
45.57702463333333	6.913
45.59345808333333	6.913
45.60995286666666	6.913
45.626257216666666	6.912
45.642625683333335	6.913
45.659049616666664	6.912
45.67553418333333	6.912
45.69178425	6.91
45.70832501666666	6.909
45.72486785	6.909
45.74107501666666	6.91
45.757517199999995	6.91
45.774006916666664	6.911
45.79034483333333	6.912
45.806700416666665	6.912
45.8232931	6.912
45.8396841	6.911
45.856017466666664	6.911
45.87231056666667	6.911
45.888665283333324	6.91
45.90525544999999	6.911
45.92162523333333	6.91
45.93798269999999	6.91
45.954370250000004	6.909
45.970949649999994	6.911
45.98709533333333	6.912
46.003727999999995	6.913
46.02009319999999	6.913
46.03644033333333	6.913
46.05278475	6.913
46.06913458333333	6.914
46.085759833333334	6.914
46.10214163333333	6.914
46.118395416666665	6.914
46.13499121666667	6.915
46.151351166666664	6.915
46.16776828333333	6.914
46.18402908333333	6.913
46.2004794	6.913
46.21692178333333	6.913
46.233309	6.914
46.24980671666666	6.913
46.26616103333333	6.912
46.28261835	6.912
46.299074266666665	6.912
46.31545775	6.912
46.33168251666667	6.912
46.34821304999999	6.913
46.364638916666664	6.913
46.38102514999999	6.913
46.397414183333325	6.913
46.413855516666665	6.914
46.43024296666666	6.915
46.446599	6.915
46.46317979999999	6.914
46.479326333333326	6.914
46.495826	6.915
46.51227216666667	6.916
46.5286711	6.916
46.54506971666666	6.916
46.56153771666666	6.917
46.57798806666666	6.917
46.594423416666665	6.917
46.6107945	6.917
46.62718261666666	6.917
46.64363965	6.919
46.65990928333333	6.921
46.67632425	6.922
46.69280145	6.921
46.709270016666665	6.921
46.72548695	6.921
46.742112899999995	6.92
46.75834426666667	6.92
46.774757799999996	6.919
46.7911742	6.919
46.80763025	6.918
46.824080366666664	6.918
46.8405486	6.919
46.856967299999994	6.92
46.873316100000004	6.919
46.8897834	6.918
46.90610699999999	6.917
46.92266465	6.917
46.93881821666666	6.918
46.95530343333333	6.919
46.971753533333334	6.921
46.988157316666666	6.921
47.00443456666667	6.92
47.021008566666666	6.919
47.03736565	6.918
47.05375323333333	6.919
47.07015006666666	6.919
47.0865143	6.918
47.103151749999995	6.917
47.11951033333333	6.916
47.13566868333333	6.916
47.152146316666666	6.917
47.16875013333333	6.918
47.18517991666666	6.918
47.20135561666667	6.918
47.21776643333333	6.918
47.234282183333335	6.918
47.250657716666666	6.918
47.26712731666666	6.919
47.283485166666665	6.92
47.2998033	6.921
47.316221266666666	6.922
47.332784399999994	6.922
47.349195566666666	6.921
47.365538483333324	6.921
47.38195045	6.921
47.39838473333333	6.92
47.41469251666666	6.919
47.43107119999999	6.919
47.44751105	6.919
47.464105266666664	6.919
47.48036476666667	6.919
47.49671921666666	6.918
47.5131729	6.917
47.5295991	6.918
47.545997699999994	6.92
47.56239516666667	6.922
47.57879033333333	6.922
47.595355	6.922
47.611724249999995	6.921
47.62814316666667	6.922
47.64436816666666	6.921
47.66081883333333	6.921
47.67724079999999	6.92
47.6937065	6.921
47.71011185	6.92
47.72653335	6.92
47.74291616666667	6.919
47.75936718333333	6.92
47.77557278333333	6.92
47.79203346666666	6.92
47.80848238333333	6.921
47.824977249999996	6.923
47.841325516666664	6.923
47.85772186666666	6.924
47.87418743333333	6.923
47.8906583	6.924
47.90682636666666	6.925
47.92347936666666	6.925
47.93990185	6.925
47.956088799999996	6.927
47.972517833333335	6.926
47.98894888333333	6.926
48.005522899999995	6.923
48.02186533333333	6.923
48.03829825	6.924
48.05463558333333	6.924
48.071012249999995	6.925
48.08737479999999	6.925
48.10373818333333	6.924
48.12033231666666	6.924
48.13672213333333	6.924
48.15312191666666	6.924
48.16949318333333	6.924
48.185877166666664	6.924
48.20231343333333	6.924
48.21863591666666	6.924
48.2350016	6.925
48.25159205	6.924
48.26795838333333	6.924
48.284312683333326	6.924
48.300668916666666	6.926
48.317241849999995	6.927
48.33358941666667	6.926
48.34995598333333	6.925
48.36629333333333	6.923
48.38283451666667	6.923
48.399216216666666	6.923
48.4156001	6.924
48.432047733333334	6.922
48.44826393333333	6.922
48.46488003333333	6.922
48.48105548333333	6.922
48.497535649999996	6.922
48.51390803333334	6.922
48.530335216666664	6.923
48.546906316666664	6.924
48.56330561666667	6.925
48.579648049999996	6.925
48.596008516666664	6.926
48.612429649999996	6.925
48.628713166666664	6.924
48.64510263333333	6.923
48.661623299999995	6.923
48.67803236666666	6.923
48.694523499999995	6.924
48.71096975	6.923
48.72720793333333	6.925
48.74356233333333	6.925
48.75999736666667	6.927
48.77647123333333	6.928
48.79293463333333	6.928
48.809318149999996	6.928
48.82568328333333	6.927
48.84216178333333	6.926
48.85857843333333	6.926
48.87502388333333	6.925
48.891284649999996	6.925
48.907608616666664	6.926
48.92407373333333	6.927
48.94055611666666	6.927
48.95680051666666	6.927
48.97332888333333	6.927
48.98975741666666	6.926
49.005997083333334	6.926
49.022517233333325	6.925
49.03904623333333	6.925
49.0553079	6.924
49.07182843333333	6.924
49.08821455	6.924
49.10458025	6.925
49.12104849999999	6.926
49.137395649999995	6.926
49.15377014999999	6.927
49.17022479999999	6.927
49.186605083333326	6.927
49.20301241666667	6.926
49.21938628333333	6.926
49.235718733333336	6.926
49.25208698333333	6.926
49.26875258333333	6.926
49.28492741666666	6.925
49.301367649999996	6.924
49.31779303333333	6.924
49.3341352	6.925
49.35052261666666	6.925
49.36710745	6.925
49.38348779999999	6.924
49.39989283333333	6.924
49.416288183333336	6.923
49.43266071666667	6.925
49.449031616666666	6.925
49.465621666666664	6.925
49.482001	6.926
49.498379449999995	6.927
49.51468675	6.928
49.531217649999995	6.928
49.54758596666666	6.927
49.5638243	6.926
49.58025885	6.925
49.59671781666666	6.925
49.61315976666666	6.924
49.629555499999995	6.925
49.64599143333333	6.927
49.66245693333333	6.928
49.67868051666667	6.928
49.69509531666667	6.928
49.711534199999996	6.928
49.728009316666665	6.928
49.744431533333334	6.927
49.760664283333334	6.927
49.77711526666667	6.927
49.79347193333333	6.928
49.8100258	6.929
49.826476099999994	6.929
49.842725083333335	6.929
49.8592857	6.929
49.87547046666666	6.929
49.89192331666666	6.929
49.908416816666666	6.928
49.92474721666667	6.929
49.941212666666665	6.929
49.95753323333333	6.928
49.97393866666666	6.928
49.99057216666667	6.927
50.00683276666667	6.927
50.023329849999996	6.927
50.0396058	6.928
50.05596516666667	6.929
50.072429416666665	6.929
50.088829049999994	6.928
50.10524213333333	6.927
50.121632266666666	6.927
