-4.703431271666667	5.832
-4.687135926666667	5.826
-4.670830658333333	5.819
-4.654419058333334	5.815
-4.637991716666667	5.811
-4.62158435	5.808
-4.605225328333334	5.805
-4.588694588333333	5.8
-4.572383206666666	5.798
-4.555966786666667	5.795
-4.539624205	5.793
-4.523085625	5.789
-4.5067855083333335	5.789
-4.490375196666666	5.792
-4.473853476666667	5.792
-4.45757589	5.779
-4.441062795	5.748
-4.424797521666667	5.702
-4.40827437	5.652
-4.39176557	5.601
-4.375520076666667	5.556
-4.358988973333333	5.509
-4.342699745	5.463
-4.326176958333333	5.414
-4.309896241666666	5.375
-4.293531271666667	5.344
-4.276987535	5.318
-4.26070544	5.295
-4.244136973333333	5.273
-4.227654281666666	5.253
-4.211421691666667	5.239
-4.19492647	5.227
-4.178670098333333	5.217
-4.162159358333334	5.208
-4.1456697983333335	5.203
-4.129351905	5.199
-4.113043268333334	5.195
-4.096501918333333	5.194
-4.08022789	5.192
-4.06369115	5.191
-4.047150876666667	5.19
-4.030873556666666	5.193
-4.01434566	5.196
-3.9980792666666667	5.202
-3.9816081033333335	5.207
-3.9651824016666666	5.213
-3.9489153766666667	5.218
-3.9324014916666665	5.222
-3.9158884316666667	5.225
-3.899601675	5.229
-3.88331815	5.236
-3.86677813	5.241
-3.850521305	5.246
-3.83396364	5.249
-3.8176607116666665	5.253
-3.801127311666667	5.257
-3.784811646666667	5.261
-3.768229578333333	5.265
-3.751975036666667	5.268
-3.73568597	5.27
-3.719158695	5.273
-3.7026580933333335	5.276
-3.6863134266666666	5.284
-3.670000795	5.289
-3.653456918333333	5.294
-3.637193205	5.296
-3.6207477033333335	5.3
-3.6043799583333334	5.3
-3.5880447799999997	5.301
-3.5714830783333333	5.301
-3.5551676299999997	5.302
-3.538595665	5.301
-3.5223055166666666	5.301
-3.5057682999999997	5.303
-3.489445776666667	5.308
-3.473171905	5.313
-3.4564684249999997	5.318
-3.44016819	5.322
-3.42389449	5.328
-3.4073202983333335	5.334
-3.391058386666667	5.338
-3.3744931183333335	5.342
-3.3581738716666667	5.346
-3.3419089916666667	5.352
-3.325372848333333	5.354
-3.3090765716666666	5.358
-3.292651696666667	5.36
-3.276142016666667	5.363
-3.2598463866666667	5.367
-3.2432954350000003	5.372
-3.227005863333333	5.378
-3.2104767683333333	5.384
-3.193972061666667	5.388
-3.177679665	5.392
-3.1611302016666665	5.395
-3.14479938	5.402
-3.128398241666667	5.41
-3.11207924	5.42
-3.095518895	5.426
-3.0790737449999996	5.429
-3.06271913	5.432
-3.046295396666667	5.435
-3.0300060716666666	5.438
-3.0134799083333332	5.441
-2.9971822066666665	5.444
-2.980680365	5.447
-2.9643184600000003	5.451
-2.9480172016666666	5.453
-2.9314931416666665	5.457
-2.9152283333333333	5.461
-2.8987246366666666	5.466
-2.8824127733333333	5.471
-2.8658953599999997	5.477
-2.8493752316666665	5.482
-2.833105965	5.489
-2.816585288333333	5.496
-2.80029362	5.503
-2.7839051350000004	5.508
-2.7675344483333335	5.512
-2.750987551666667	5.517
-2.7347260133333333	5.521
-2.7181916349999997	5.526
-2.701940953333333	5.527
-2.6854140783333333	5.528
-2.6688803966666668	5.53
-2.652607973333333	5.535
-2.6363215883333333	5.541
-2.6198418883333336	5.546
-2.603468556666667	5.553
-2.586989665	5.558
-2.57045296	5.564
-2.554200548333333	5.568
-2.5376616850000002	5.572
-2.521447246666667	5.576
-2.504907793333333	5.582
-2.488375395	5.586
-2.4720945433333332	5.591
-2.45567456	5.595
-2.4393885083333333	5.601
-2.4228576283333334	5.608
-2.406576401666667	5.613
-2.3900372466666666	5.618
-2.3735057116666667	5.623
-2.3572321183333336	5.629
-2.3409697900000004	5.637
-2.3244684849999997	5.643
-2.307922395	5.651
-2.29158453	5.655
-2.275053865	5.66
-2.2587682599999996	5.663
-2.2424786216666663	5.666
-2.2259574666666664	5.67
-2.2096704933333333	5.673
-2.19311927	5.676
-2.176858775	5.68
-2.1603370799999997	5.687
-2.1438665733333333	5.694
-2.1275214516666665	5.698
-2.1112670616666667	5.703
-2.094734575	5.706
-2.0783839316666666	5.712
-2.061830315	5.717
-2.0455482216666665	5.725
-2.0291761166666666	5.729
-2.0126191483333336	5.733
-1.9961716233333333	5.738
-1.9798988483333333	5.745
-1.9633976283333334	5.752
-1.9470600916666667	5.757
-1.9307430966666668	5.761
-1.9142002450000004	5.766
-1.8976970116666667	5.773
-1.881408546666667	5.78
-1.8648977883333333	5.784
-1.848606881666667	5.787
-1.8322033133333333	5.791
-1.8156759366666666	5.795
-1.7993655583333332	5.8
-1.782834835	5.805
-1.7665808200000002	5.809
-1.750040026666667	5.811
-1.7337628183333331	5.812
-1.7172435199999998	5.815
-1.7009475933333333	5.818
-1.6844132366666664	5.821
-1.6681609516666667	5.823
-1.6516056483333332	5.825
-1.63509356	5.829
-1.6188213416666666	5.834
-1.602250998333333	5.837
-1.5859819316666668	5.841
-1.5694662816666667	5.846
-1.5532262516666666	5.852
-1.5367086250000002	5.858
-1.520422111666667	5.863
-1.5038966349999998	5.869
-1.4875107550000002	5.876
-1.4712046533333334	5.881
-1.4546696066666667	5.885
-1.43840293	5.887
-1.421902325	5.891
-1.4055949683333333	5.897
-1.38901544	5.902
-1.37269621	5.905
-1.3561338133333334	5.91
-1.3398156566666666	5.915
-1.323519255	5.922
-1.307009495	5.928
-1.2907444216666666	5.932
-1.2742194766666666	5.936
-1.2577057433333332	5.938
-1.2414204500000001	5.941
-1.2249071766666666	5.945
-1.2086456616666665	5.949
-1.1921202966666664	5.954
-1.175821818333333	5.957
-1.1594140733333331	5.96
-1.1428729233333335	5.962
-1.1265509283333333	5.965
-1.1102613700000004	5.969
-1.093731595	5.972
-1.0773114566666666	5.975
-1.0609781583333335	5.98
-1.0443943949999999	5.986
-1.0280943333333337	5.99
-1.01152278	5.991
-0.9951781083333335	5.992
-0.978887335	5.995
-0.9623516666666663	5.998
-0.9460782000000001	6.002
-0.9295545883333332	6.005
-0.9132773883333334	6.009
-0.8967225983333336	6.012
-0.8804588666666664	6.017
-0.8638884683333337	6.021
-0.847634521666667	6.026
-0.8311845916666667	6.029
-0.8146451383333333	6.033
-0.7983617949999999	6.038
-0.7820301300000003	6.044
-0.7654860666666665	6.049
-0.7492215216666667	6.054
-0.7326492916666663	6.057
-0.7163172883333333	6.059
-0.6997648999999999	6.061
-0.6834642483333333	6.064
-0.6670606216666668	6.068
-0.6507432583333337	6.072
-0.6342124583333337	6.074
-0.6177020899999999	6.076
-0.6014213183333332	6.078
-0.5848944966666663	6.081
-0.5686004383333332	6.084
-0.5522823416666665	6.087
-0.5357211699999995	6.089
-0.5194425183333333	6.092
-0.5028605233333332	6.095
-0.48647997000000043	6.1
-0.4701914949999999	6.105
-0.45363935500000085	6.11
-0.43739664500000064	6.114
-0.42087299000000034	6.118
-0.40458720333333353	6.122
-0.3880642166666668	6.125
-0.37169292833333323	6.126
-0.35541505833333353	6.129
-0.338891218333333	6.132
-0.32247266500000027	6.134
-0.30616987666666695	6.136
-0.289582845	6.137
-0.27328229166666596	6.14
-0.2567288699999999	6.143
-0.2404419449999997	6.145
-0.22390914499999948	6.147
-0.20768692166666636	6.15
-0.19116415000000053	6.153
-0.17480650500000028	6.155
-0.15846594000000014	6.158
-0.14190222666666674	6.162
-0.12550057166666662	6.166
-0.10919097333333294	6.168
-0.09265311833333278	6.17
-0.07619878333333396	6.172
-0.05995280000000047	6.172
-0.04345411333333349	6.172
-0.02706083500000034	6.173
-0.01058898166666733	6.175
0.005807059999999531	6.181
0.022269511666666908	6.194
0.03856072166666724	6.217
0.05504209333333332	6.247
0.07147238500000075	6.296
0.08768690166666726	6.368
0.10412404666666664	6.446
0.12056751999999982	6.515
0.13694189500000054	6.569
0.1535413349999999	6.624
0.16977819666666694	6.685
0.18624284333333296	6.765
0.20257188166666662	6.885
0.2190605450000005	7.024
0.23544057833333376	7.197
0.25184300166666684	7.369
0.2682341166666662	7.543
0.28472157166666623	7.7
0.30118848166666723	7.848
0.3174185833333336	7.982
0.334064211666667	8.102
0.3504310299999993	8.207
0.3669102999999998	8.313
0.383111256666667	8.416
0.39958139500000023	8.526
0.41602366166666727	8.638
0.43247294333333386	8.753
0.44890977833333334	8.859
0.465136255	8.955
0.48166023166666694	9.03
0.4979390883333341	9.088
0.5144871516666667	9.137
0.5308852316666668	9.187
0.5471935466666666	9.231
0.5636966750000001	9.273
0.5801574483333338	9.313
0.5965312616666667	9.358
0.6130548583333333	9.399
0.6293681383333336	9.44
0.6455872449999998	9.478
0.6620434783333335	9.512
0.67850901	9.54
0.694812091666666	9.569
0.7113962733333334	9.6
0.7276855033333334	9.631
0.7441359350000001	9.664
0.7605968083333332	9.699
0.776988676666666	9.732
0.7934315483333334	9.755
0.8098183299999997	9.772
0.8262273599999999	9.791
0.8426320433333334	9.814
0.8590625633333335	9.842
0.8755252699999998	9.865
0.8919093066666663	9.882
0.9083001883333326	9.897
0.9246581866666661	9.914
0.9411102616666662	9.932
0.95752405	9.949
0.9739467183333339	9.969
0.9903088783333338	9.99
1.0066837149999994	10.011
1.0231066749999993	10.036
1.0395666566666666	10.064
1.0559288799999997	10.09
1.0725471916666667	10.107
1.088678755	10.117
1.1053158600000001	10.128
1.1217269349999999	10.142
1.1380744283333337	10.157
1.1544160933333334	10.171
1.1708286833333341	10.184
1.1872037450000006	10.201
1.203575775	10.219
1.2199469333333335	10.237
1.236562478333334	10.245
1.2529842083333333	10.253
1.2694609299999993	10.263
1.285639063333333	10.283
1.3022331083333336	10.305
1.3185923116666665	10.322
1.3348689133333336	10.342
1.3515251516666664	10.354
1.3678448899999998	10.364
1.3842008733333326	10.366
1.400578153333333	10.375
1.4170412216666666	10.39
1.4335115666666667	10.405
1.4498379166666666	10.416
1.4662605666666666	10.426
1.4826959066666667	10.434
1.4991090800000002	10.444
1.5155215199999992	10.455
1.5318391066666663	10.469
1.5481980033333338	10.484
1.5648012483333336	10.498
1.581076508333334	10.506
1.5976651033333331	10.515
1.6140582816666669	10.526
1.6304627133333334	10.543
1.646827431666667	10.558
1.663245055	10.574
1.6796230000000003	10.596
1.6960064616666672	10.618
1.7123642166666668	10.629
1.7287309383333334	10.634
1.745169915	10.641
1.7617779366666664	10.653
1.7779340716666665	10.661
1.7945355816666666	10.668
1.8109070166666665	10.672
1.82731288	10.679
1.8437021333333332	10.686
1.86001422	10.691
1.8766186266666667	10.696
1.893048096666666	10.699
1.9094000016666666	10.701
1.92581385	10.703
1.942203085	10.708
1.9586182766666669	10.719
1.974973706666666	10.732
1.9913621683333336	10.746
2.0077707500000006	10.757
2.024154403333333	10.765
2.04051457	10.773
2.0570954500000003	10.78
2.073412731666666	10.788
2.0897813333333337	10.797
2.1062362466666666	10.808
2.1226098733333334	10.819
2.139001291666667	10.828
2.1553887599999992	10.835
2.17181146	10.842
2.1884004683333327	10.852
2.2047530416666667	10.861
2.221079248333334	10.872
2.23749427	10.882
2.2538610116666673	10.89
2.270271721666666	10.896
2.2866762750000005	10.903
2.303274206666667	10.911
2.3196979383333334	10.92
2.3360584483333335	10.93
2.3523781233333336	10.939
2.368731946666667	10.949
2.385197726666666	10.959
2.401573561666667	10.968
2.4181995216666667	10.976
2.4345687950000006	10.987
2.4509645166666667	11.002
2.4673572483333333	11.019
2.483796523333334	11.032
2.50015035	11.04
2.5165441216666666	11.047
2.532845318333333	11.052
2.54922675	11.059
2.5659133816666664	11.067
2.5822569200000007	11.077
2.598605105	11.086
2.61495284	11.093
2.6313699049999997	11.1
2.6477455966666668	11.108
2.664356538333333	11.118
2.6805129433333326	11.128
2.6970837100000002	11.136
2.71336142	11.143
2.7300173649999993	11.148
2.7463993150000006	11.156
2.7627559733333333	11.163
2.7791276033333334	11.173
2.795497056666666	11.18
2.812060829999999	11.188
2.8283004666666667	11.194
2.8446526316666665	11.201
2.861280485	11.209
2.8776519433333334	11.217
2.8940044883333336	11.224
2.9104114999999995	11.23
2.9267697283333325	11.24
2.943047093333333	11.248
2.959705595	11.258
2.976122825	11.266
2.9923221699999996	11.273
3.00877415	11.279
3.025223518333333	11.285
3.041630061666667	11.292
3.05805183	11.301
3.0744029600000005	11.307
3.090973888333334	11.315
3.1073607216666668	11.32
3.1236895516666667	11.326
3.140053026666666	11.331
3.15643459	11.337
3.172804796666667	11.343
3.1891857249999997	11.349
3.2057643933333333	11.357
3.2222402050000003	11.366
3.238420465	11.377
3.2550466433333334	11.386
3.2713989383333324	11.395
3.2877892200000005	11.404
3.304320456666666	11.41
3.320609818333333	11.414
3.3369769399999996	11.418
3.353376356666667	11.424
3.3697159316666667	11.431
3.386372830000001	11.436
3.402701881666667	11.438
3.4189127883333335	11.441
3.4355677216666667	11.446
3.451962058333333	11.452
3.46835164	11.457
3.484663753333333	11.463
3.5010316516666666	11.469
3.5174314466666665	11.479
3.5337854516666667	11.492
3.550257069999999	11.505
3.5666873783333326	11.515
3.5829930233333336	11.523
3.599575005	11.528
3.6159548200000007	11.532
3.6323461449999996	11.535
3.6487336583333327	11.538
3.665102543333333	11.543
3.6814376850000006	11.549
3.698049303333333	11.557
3.7144157616666664	11.56
3.7307655283333325	11.562
3.74712813	11.564
3.763508813333333	11.567
3.7798982883333334	11.574
3.796345344999999	11.579
3.8127455833333332	11.584
3.829179411666667	11.585
3.845667961666667	11.588
3.8620633716666664	11.589
3.8784402	11.593
3.8948243983333324	11.599
3.9111834450000007	11.606
3.9275849233333346	11.611
3.9441908916666666	11.613
3.9604695833333334	11.614
3.976859526666667	11.617
3.993287584999999	11.622
4.00966399	11.626
4.026092043333334	11.63
4.042456834999999	11.632
4.059074438333333	11.634
4.07548448	11.636
4.091624560000001	11.639
4.1082564333333345	11.643
4.1246187716666665	11.647
4.141034566666667	11.652
4.1573512133333335	11.655
4.173679446666666	11.659
4.190129969999999	11.662
4.206631211666666	11.666
4.222974136666666	11.671
4.239474351666667	11.675
4.255816681666666	11.678
4.272118111666666	11.682
4.288547679999999	11.686
4.305135816666667	11.691
4.321530565	11.696
4.337795026666667	11.7
4.354347396666666	11.703
4.370751341666667	11.705
4.386995880000001	11.71
4.403382200000001	11.713
4.4199667300000005	11.716
4.436358561666667	11.718
4.452658603333333	11.72
4.469224201666666	11.722
4.486297193333334	11.724
4.501835963333333	11.726
4.518412156666667	11.729
4.534784199999999	11.732
4.551173446666667	11.734
4.567507000000001	11.738
4.583870526666667	11.742
4.600249613333334	11.749
4.616832225	11.754
4.6332334	11.758
4.6495995783333335	11.767
4.666031650000001	11.777
4.682460008333333	11.787
4.698822645	11.789
4.715138405000001	11.789
4.731729925	11.786
4.74813412	11.784
4.764575855	11.782
4.780963680000001	11.781
4.797275081666667	11.781
4.81368103	11.781
4.830177038333334	11.781
4.846593731666667	11.782
4.862956873333333	11.784
4.879314733333333	11.788
4.895711441666666	11.791
4.912127493333333	11.792
4.928504386666667	11.791
4.944932345000002	11.794
4.961278665	11.797
4.977907965000002	11.804
4.994231256666666	11.809
5.010651644999999	11.814
5.02697407	11.817
5.043303361666666	11.819
5.059861575000001	11.82
5.076233576666668	11.822
5.092551974999999	11.821
5.1090155033333335	11.82
5.125469880000001	11.819
5.141833494999998	11.82
5.158187735	11.82
5.174543261666667	11.823
5.190977051666666	11.824
5.207315838333333	11.825
5.223769655	11.829
5.240385874999999	11.835
5.2567681666666655	11.84
5.273161561666665	11.843
5.289520481666667	11.846
5.305881818333335	11.848
5.322240169999999	11.849
5.338623468333333	11.85
5.355229615000001	11.852
5.3716202599999985	11.854
5.387956690000001	11.856
5.404339088333334	11.857
5.42075043	11.86
5.437130908333334	11.864
5.4534940249999995	11.867
5.470038858333334	11.871
5.486436248333332	11.874
5.502913296666666	11.876
5.519232929999999	11.879
5.535630943333333	11.88
5.5519960783333335	11.881
5.568469623333334	11.882
5.584883023333333	11.884
5.601247771666667	11.886
5.617591768333334	11.888
5.633930463333334	11.891
5.650327901666666	11.893
5.666951941666667	11.896
5.68333739	11.899
5.699728673333334	11.9
5.7159262266666655	11.903
5.732385133333334	11.904
5.7490225766666665	11.907
5.7653597649999995	11.909
5.781725735	11.912
5.798134528333332	11.911
5.814533351666666	11.911
5.830923558333334	11.912
5.847306356666667	11.914
5.863691395	11.916
5.880095485	11.916
5.8965104350000015	11.918
5.913050191666667	11.922
5.9294453900000015	11.923
5.9457837216666665	11.924
5.962155075	11.924
5.978557903333332	11.927
5.994942686666667	11.928
6.011316116666666	11.93
6.027708376666668	11.932
6.04408909	11.934
6.060705733333332	11.935
6.077043703333334	11.937
6.093451140000001	11.94
6.109774289999999	11.943
6.126249300000001	11.946
6.142582073333333	11.947
6.158990766666667	11.949
6.175409795	11.948
6.19176571	11.948
6.208134153333333	11.949
6.2247639616666675	11.948
6.240960205	11.95
6.257550015	11.95
6.273900953333333	11.952
6.290255715000001	11.952
6.306619151666666	11.953
6.32304077	11.955
6.339406951666666	11.957
6.35580577	11.958
6.372442441666667	11.959
6.388605156666667	11.962
6.405195854999999	11.965
6.421674875000001	11.967
6.438046914999999	11.967
6.454422326666666	11.968
6.4707666150000005	11.967
6.4872022016666655	11.968
6.503568190000001	11.969
6.519911608333333	11.975
6.536283975	11.979
6.552674999999999	11.981
6.569309975000001	11.98
6.585694711666667	11.982
6.601838039999999	11.983
6.618497711666667	11.985
6.634887336666667	11.985
6.651310063333334	11.986
6.667656903333333	11.986
6.68392042	11.988
6.700388641666667	11.988
6.716752873333332	11.988
6.7331921	11.988
6.749783126666667	11.99
6.766123700000001	11.992
6.782526896666667	11.993
6.798860505	11.996
6.815266339999999	11.996
6.831585108333334	11.999
6.848149843333335	12.0
6.864483355000001	12.004
6.880836403333332	12.004
6.897259780000001	12.005
6.913835046666666	12.005
6.930021095000001	11.993
6.946438431666667	11.991
6.962866211666666	11.987
6.979269633333333	11.994
6.995649331666668	11.996
7.012222701666667	12.003
7.0285807999999985	12.011
7.044979026666665	12.014
7.061352636666667	12.015
7.077770359999999	12.017
7.094089800000001	12.019
7.1107071033333344	12.021
7.126885978333332	12.023
7.1435121200000005	12.023
7.159890448333334	12.023
7.17626703	12.024
7.19263625	12.026
7.2090403200000015	12.029
7.2255176133333325	12.031
7.241834336666667	12.033
7.258285795000001	12.032
7.274631098333334	12.032
7.291020418333334	12.032
7.307441183333333	12.032
7.323819723333335	12.032
7.3403577349999996	12.031
7.356612638333333	12.031
7.37309533	12.032
7.389541566666667	12.034
7.4059411866666665	12.036
7.422396231666665	12.038
7.438728790000001	12.039
7.455099911666668	12.04
7.471456460000001	12.04
7.487870600000001	12.041
7.50449656	12.042
7.520891388333332	12.044
7.537259946666667	12.045
7.553629578333332	12.046
7.570025039999999	12.046
7.586254086666665	12.046
7.602890738333334	12.045
7.619231093333333	12.046
7.635624663333335	12.047
7.6520209349999995	12.049
7.668373838333334	12.05
7.684831024999999	12.051
7.701205086666667	12.052
7.7176246283333345	12.052
7.734056836666667	12.054
7.750478166666666	12.055
7.766888618333333	12.056
7.783232551666666	12.057
7.799596375	12.056
7.816125529999999	12.057
7.832484428333334	12.057
7.848824705	12.058
7.865193825	12.058
7.881869596666666	12.059
7.898219008333333	12.06
7.914583216666667	12.063
7.9309419850000005	12.063
7.947343248333334	12.064
7.9637126983333335	12.064
7.980112506666668	12.065
7.996520141666668	12.064
8.012908181666667	12.065
8.02929827	12.066
8.045897963333335	12.069
8.062253428333333	12.07
8.07861125	12.07
8.094966433333333	12.07
8.111373460000001	12.07
8.127743718333333	12.071
8.144171218333334	12.073
8.160793095	12.075
8.177127345	12.077
8.193558593333334	12.077
8.209768801666666	12.078
8.22616264	12.079
8.242724585	12.078
8.259075371666666	12.077
8.275486083333334	12.077
8.291885803333335	12.078
8.30825643	12.079
8.324627055	12.078
8.341192913333334	12.079
8.357542425	12.078
8.373982218333333	12.08
8.39035532	12.081
8.406769148333332	12.082
8.423154825000001	12.082
8.439548881666667	12.083
8.45594004	12.084
8.472311533333334	12.086
8.488908088333334	12.087
8.505286601666667	12.088
8.521689665	12.087
8.538100428333333	12.087
8.554523451666666	12.087
8.570850343333332	12.087
8.587225700000001	12.089
8.6035845	12.09
8.620011848333332	12.092
8.636425430000001	12.092
8.652802965000001	12.092
8.669171418333333	12.092
8.685676338333334	12.093
8.702259181666667	12.095
8.71840964	12.096
8.735051721666668	12.1
8.751439766666666	12.098
8.76777636	12.096
8.784177158333334	12.094
8.800541003333333	12.103
8.816974035	12.105
8.833360571666667	12.104
8.849761773333334	12.098
8.866133168333333	12.096
8.882538706666667	12.097
8.898979590000001	12.098
8.915328644999999	12.101
8.931923361666666	12.102
8.948274198333333	12.102
8.964488451666666	12.103
8.981062105000001	12.104
8.997446936666668	12.105
9.013857705	12.106
9.030279926666667	12.105
9.046560594999999	12.107
9.063197835	12.108
9.079379078333334	12.11
9.095748173333334	12.108
9.112359996666667	12.104
9.128787005	12.104
9.145179231666667	12.103
9.161547248333333	12.105
9.177889593333333	12.103
9.194270285	12.1
9.210704788333334	12.102
9.227036986666667	12.101
9.243707741666666	12.105
9.26005817	12.103
9.27643278	12.107
9.292791789999999	12.11
9.309212926666667	12.112
9.325598858333333	12.111
9.341981371666666	12.109
9.358308445	12.107
9.374742941666666	12.111
9.391272788333334	12.112
9.407650616666666	12.116
9.42404346	12.115
9.440409633333333	12.117
9.456775556666665	12.117
9.473294398333334	12.117
9.489664865	12.114
9.506054415	12.112
9.522413078333333	12.109
9.538793141666668	12.11
9.555154256666667	12.112
9.571765150000001	12.115
9.588214996666666	12.117
9.604376431666667	12.119
9.620820688333334	12.122
9.637398471666668	12.124
9.653589336666666	12.124
9.67020564	12.122
9.686584360000001	12.121
9.702951969999999	12.119
9.719350845000001	12.119
9.735716543333332	12.117
9.75213658	12.117
9.768481731666666	12.118
9.784863685	12.121
9.801245356666668	12.122
9.817882821666666	12.123
9.834266468333334	12.124
9.850667531666666	12.126
9.867051236666667	12.128
9.883426909999999	12.13
9.89979295	12.131
9.916343418333334	12.13
9.932541643333334	12.13
9.948940718333334	12.13
9.965582945	12.132
9.981925275	12.132
9.998319316666668	12.133
10.014704143333335	12.133
10.031101236666666	12.133
10.047517883333335	12.132
10.063848983333333	12.133
10.080247688333333	12.133
10.096664041666665	12.133
10.113078778333334	12.134
10.129481668333334	12.134
10.146057888333333	12.136
10.162464751666667	12.136
10.17884422	12.138
10.19525754	12.142
10.211598636666668	12.146
10.22796697	12.149
10.244405195	12.145
10.260751260000001	12.142
10.277129386666667	12.139
10.293731708333333	12.139
10.309921451666666	12.133
10.326465423333334	12.131
10.342932005	12.131
10.359096421666667	12.137
10.375517446666667	12.139
10.392163974999999	12.14
10.408537073333333	12.14
10.424901256666667	12.141
10.441253960000001	12.142
10.457635698333332	12.142
10.474230373333334	12.143
10.490595128333332	12.142
10.5069653	12.143
10.523362491666667	12.143
10.539697806666668	12.144
10.556107291666667	12.145
10.572435215	12.144
10.58882123	12.143
10.605412965	12.143
10.621839816666666	12.144
10.638260229999998	12.145
10.654390645000001	12.147
10.671025608333334	12.148
10.687456888333333	12.15
10.703618856666667	12.15
10.72028415	12.153
10.736633945	12.154
10.75303057	12.156
10.769430888333334	12.158
10.78588304	12.159
10.802220313333333	12.16
10.818574796666667	12.159
10.834922258333334	12.158
10.851557265	12.158
10.867884983333333	12.159
10.88426559	12.159
10.900638891666667	12.16
10.916960170000001	12.16
10.933386173333334	12.16
10.949968901666667	12.159
10.966284613333332	12.159
10.982725385	12.159
10.999133415	12.16
11.01549194	12.161
11.031907995000001	12.162
11.048204485000001	12.161
11.064796998333332	12.161
11.080974418333334	12.161
11.097579186666668	12.163
11.113999978333334	12.163
11.130279985	12.164
11.14683638	12.165
11.163219625	12.166
11.179616416666667	12.166
11.195956726666667	12.165
11.212370358333335	12.164
11.228754369999999	12.164
11.245150738333333	12.166
11.261539915	12.166
11.278146368333335	12.166
11.294497835000001	12.166
11.310898575	12.165
11.327282666666669	12.165
11.343708818333333	12.166
11.360035703333335	12.166
11.376471993333332	12.166
11.392853815000002	12.167
11.409251781666669	12.169
11.42571783	12.172
11.442073385	12.172
11.458393973333333	12.172
11.474775981666667	12.17
11.491403511666665	12.168
11.507711683333333	12.166
11.524152905000001	12.162
11.540465281666666	12.161
11.556888018333332	12.16
11.573282718333335	12.161
11.589844853333332	12.161
11.606206768333333	12.162
11.622603078333334	12.163
11.63892405	12.163
11.655330261666666	12.162
11.671928308333335	12.162
11.688108443333334	12.164
11.704582118333335	12.167
11.721067186666666	12.17
11.737513515	12.177
11.753928684999998	12.18
11.770320968333333	12.178
11.786597574999998	12.175
11.803004365	12.176
11.81936322	12.18
11.835757966666666	12.181
11.852141438333334	12.179
11.868742053333332	12.178
11.88504691	12.179
11.901470606666667	12.176
11.917803266666667	12.173
11.934430666666668	12.17
11.950810016666665	12.172
11.967215716666669	12.174
11.983561599999998	12.178
11.9999474	12.181
12.016331366666666	12.181
12.032627033333334	12.181
12.049254349999998	12.18
12.065690666666665	12.178
12.082089399999997	12.176
12.098420399999998	12.173
12.114801783333334	12.169
12.131169933333332	12.168
12.147598333333335	12.167
12.163955650000002	12.168
12.180316516666668	12.17
12.196954166666664	12.171
12.2131094	12.175
12.2294841	12.18
12.246130383333334	12.184
12.262374350000002	12.182
12.278843900000002	12.178
12.295279616666665	12.175
12.311645516666665	12.173
12.327981866666669	12.175
12.344558416666665	12.176
12.360978833333334	12.177
12.377384816666666	12.175
12.393808716666669	12.175
12.410129400000002	12.173
12.426527833333335	12.169
12.442872233333333	12.167
12.45920495	12.168
12.475810666666668	12.17
12.492019899999999	12.172
12.508601716666664	12.171
12.524962183333333	12.169
12.541293666666665	12.169
12.557712966666667	12.17
12.574078866666664	12.173
12.590468900000001	12.174
12.606853650000001	12.174
12.623443000000002	12.174
12.63984675	12.175
12.6562159	12.178
12.6725055	12.18
12.68911185	12.18
12.705489150000002	12.181
12.721831033333334	12.181
12.738214816666666	12.183
12.754576383333333	12.184
12.770951700000001	12.186
12.787334233333336	12.187
12.803997599999999	12.186
12.820368466666665	12.185
12.836761533333334	12.184
12.85310165	12.183
12.86950345	12.181
12.885859400000001	12.181
12.902242999999999	12.181
12.918664983333333	12.183
12.935089766666668	12.184
12.951605500000003	12.184
12.967882583333335	12.184
12.984328383333331	12.182
13.000753916666667	12.183
13.017076633333332	12.184
13.033500700000001	12.186
13.04988295	12.186
13.066277383333333	12.187
13.082885383333334	12.188
13.099279783333333	12.19
13.115653016666666	12.192
13.131986883333333	12.192
13.148355700000003	12.192
13.164853833333332	12.191
13.181176566666668	12.192
13.197537099999998	12.191
13.214125366666668	12.192
13.230487516666667	12.193
13.246859766666667	12.195
13.263221533333333	12.195
13.279564366666666	12.195
13.296152716666665	12.196
13.312546399999999	12.196
13.3288966	12.197
13.345291633333332	12.196
13.361665616666667	12.196
13.37804775	12.195
13.394477466666668	12.196
13.410877850000002	12.196
13.427263133333334	12.196
13.443706666666667	12.197
13.460131149999999	12.196
13.47648825	12.194
13.492850183333335	12.192
13.509266216666667	12.192
13.5258316	12.193
13.54223175	12.194
13.558648083333331	12.196
13.575031550000002	12.197
13.591408166666668	12.196
13.60777165	12.191
13.624245766666665	12.19
13.640687933333332	12.189
13.657027133333333	12.192
13.673376866666668	12.193
13.6898147	12.194
13.706207666666668	12.193
13.722587149999999	12.194
13.738944633333332	12.195
13.755541566666668	12.194
13.771919749999999	12.193
13.788323083333335	12.19
13.804690483333331	12.188
13.821026883333332	12.185
13.837564316666665	12.185
13.853992899999998	12.185
13.870325783333332	12.186
13.886761799999999	12.184
13.9031959	12.186
13.919591350000001	12.189
13.93578858333333	12.191
13.952270383333332	12.192
13.968641600000002	12.194
13.985098733333334	12.197
14.001452633333333	12.198
14.018057166666665	12.199
14.034452433333335	12.199
14.050873566666667	12.199
14.067212833333333	12.199
14.083602683333332	12.198
14.10005871666667	12.199
14.116373366666668	12.2
14.132743016666666	12.2
14.149167216666669	12.201
14.165529	12.202
14.18189238333333	12.201
14.1985299	12.2
14.214884300000001	12.199
14.23129105	12.199
14.24767675	12.199
14.264060749999999	12.2
14.28044105	12.201
14.296787683333331	12.201
14.313229449999998	12.201
14.329596966666667	12.199
14.346219833333336	12.199
14.362379466666667	12.199
14.378991799999998	12.2
14.395374800000003	12.2
14.411744666666667	12.2
14.428093100000002	12.199
14.444479349999998	12.198
14.4609341	12.199
14.477276	12.199
14.493664200000001	12.201
14.510279933333333	12.201
14.526515116666666	12.202
14.542888450000003	12.203
14.559487016666665	12.205
14.575824883333333	12.207
14.59220685	12.207
14.608528016666664	12.208
14.624914033333333	12.206
14.641285566666667	12.205
14.657908266666666	12.203
14.674352383333332	12.204
14.69064033333333	12.206
14.707002333333332	12.207
14.723566000000002	12.206
14.739942383333336	12.206
14.756288516666665	12.208
14.7727298	12.209
14.788923700000002	12.209
14.80546863333333	12.209
14.821858733333332	12.209
14.83823165	12.209
14.854603699999998	12.209
14.87121205	12.209
14.88756485	12.21
14.90393753333333	12.21
14.920324416666666	12.209
14.936725433333333	12.208
14.953059366666665	12.208
14.969418299999997	12.209
14.985824216666668	12.21
15.002431300000001	12.21
15.01879693333333	12.21
15.035212116666667	12.209
15.0516525	12.208
15.067987183333333	12.209
15.084316566666665	12.209
15.100693633333332	12.209
15.117172733333334	12.209
15.133561883333336	12.209
15.149942816666666	12.21
15.166296366666664	12.209
15.182950716666667	12.209
15.199330416666665	12.21
15.2156838	12.212
15.232067216666668	12.213
15.24842555	12.214
15.26481205	12.214
15.281244099999999	12.213
15.297593116666668	12.213
15.314247550000001	12.213
15.3306148	12.213
15.346971666666665	12.212
15.363396716666667	12.212
15.379715083333334	12.212
15.39608685	12.213
15.412448966666666	12.213
15.428876366666668	12.214
15.445262500000002	12.215
15.461848733333333	12.217
15.478211966666667	12.217
15.494651183333335	12.217
15.51108525	12.216
15.527556966666669	12.217
15.543745816666668	12.217
15.560083166666669	12.217
15.576716716666667	12.217
15.593088049999999	12.216
15.609455416666666	12.215
15.625817716666667	12.215
15.64214625	12.216
15.658708233333336	12.217
15.675078083333336	12.217
15.691517466666667	12.216
15.70774535	12.215
15.724347766666664	12.215
15.740750683333331	12.215
15.7571659	12.215
15.773535966666667	12.216
15.789864283333333	12.217
15.8061853	12.219
15.822821033333334	12.22
15.839003066666667	12.221
15.85563791666667	12.219
15.8720937	12.22
15.888395899999999	12.219
15.904821333333334	12.219
15.921251233333333	12.218
15.937616049999999	12.218
15.953986083333334	12.22
15.970341583333333	12.221
15.986762916666667	12.221
16.00311085	12.22
16.019679133333334	12.218
16.036012766666666	12.217
16.05236925	12.216
16.068801183333335	12.215
16.08518451666667	12.215
16.10156485	12.215
16.117935916666667	12.217
16.134615083333333	12.218
16.150999549999998	12.218
16.167267966666667	12.219
16.183646633333336	12.219
16.20002065	12.219
16.216439316666666	12.219
16.232872083333334	12.219
16.249272949999998	12.22
16.26567663333333	12.219
16.282045783333334	12.218
16.298434083333333	12.217
16.315032016666667	12.218
16.33142345	12.22
16.347802933333334	12.223
16.364192966666668	12.226
16.380497516666665	12.227
16.396921966666664	12.225
16.413539683333333	12.221
16.4298562	12.216
16.44623046666667	12.212
16.462627816666668	12.21
16.478969783333334	12.21
16.4953782	12.211
16.511787883333334	12.211
16.528427333333333	12.21
16.544573633333336	12.21
16.561177383333334	12.211
16.5775373	12.211
16.594022316666667	12.21
16.610378433333334	12.208
16.626708049999998	12.207
16.6430774	12.207
16.65948535	12.208
16.67596005	12.21
16.69236161666667	12.213
16.708773983333334	12.215
16.725163466666668	12.216
16.741587483333333	12.216
16.758021166666666	12.215
16.774365866666667	12.215
16.790764833333334	12.214
16.807152383333335	12.216
16.823535683333333	12.218
16.8399404	12.22
16.85634203333333	12.221
16.8727845	12.22
16.889319483333335	12.218
16.905721416666665	12.215
16.922110616666664	12.214
16.938536783333333	12.214
16.954936166666666	12.217
16.9713915	12.22
16.987739766666667	12.221
17.00412815	12.223
17.020684083333332	12.223
17.03702815	12.221
17.053438216666667	12.217
17.069736166666665	12.216
17.08611695	12.216
17.10249465	12.217
17.118907816666667	12.218
17.1355534	12.219
17.151739266666667	12.22
17.16809745	12.219
17.1847518	12.22
17.20096208333333	12.221
17.217378566666664	12.222
17.23384735	12.221
17.25023236666667	12.218
17.266832283333333	12.217
17.283215233333333	12.218
17.29956265	12.218
17.315945833333334	12.218
17.33236636666667	12.216
17.3486891	12.215
17.365140083333333	12.215
17.381478916666666	12.214
17.397850249999998	12.214
17.41443765	12.215
17.43065216666667	12.217
17.447271283333336	12.218
17.46364356666667	12.218
17.480004366666666	12.219
17.49642898333333	12.219
17.512816349999998	12.219
17.529150183333336	12.221
17.545521483333335	12.221
17.561916583333335	12.221
17.578349166666666	12.221
17.594738683333333	12.222
17.61114655	12.222
17.627780316666666	12.224
17.64418433333333	12.226
17.660553566666668	12.228
17.676991783333335	12.23
17.693292883333335	12.23
17.709622500000002	12.23
17.726023283333333	12.23
17.742617399999997	12.23
17.758892366666664	12.23
17.775239316666667	12.229
17.7916919	12.229
17.808143316666666	12.23
17.82447695	12.229
17.841112083333332	12.229
17.857495416666666	12.227
17.873911500000002	12.228
17.890297716666666	12.228
17.906675800000002	12.228
17.92304345	12.226
17.9394651	12.225
17.955868416666664	12.226
17.972266783333335	12.225
17.988632816666666	12.225
18.00516801666667	12.226
18.021609650000002	12.226
18.03802925	12.226
18.054410166666667	12.227
18.07075723333333	12.228
18.087105049999998	12.228
18.10362245	12.227
18.11987793333333	12.227
18.136314483333333	12.227
18.1527318	12.228
18.169316566666666	12.228
18.185704733333335	12.229
18.20205905	12.229
18.218471283333333	12.229
18.2348389	12.229
18.25119635	12.229
18.267622449999998	12.228
18.2839971	12.227
18.300375183333333	12.227
18.316794483333336	12.227
18.333211483333333	12.228
18.3498072	12.229
18.366184566666668	12.231
18.382522766666668	12.232
18.39878935	12.231
18.4151746	12.231
18.431795183333335	12.234
18.44819641666667	12.238
18.46440715	12.241
18.480988133333334	12.24
18.497390216666666	12.239
18.513760416666667	12.239
18.530093583333333	12.24
18.54653868333333	12.238
18.562966449999998	12.234
18.579342450000002	12.23
18.59574961666667	12.227
18.612140833333335	12.226
18.628562583333334	12.226
18.644958383333336	12.226
18.661562416666666	12.226
18.677910999999998	12.226
18.69426985	12.228
18.710691933333333	12.229
18.727157366666667	12.232
18.743513083333333	12.233
18.75988376666667	12.232
18.776266233333335	12.229
18.7926574	12.226
18.809277683333335	12.226
18.825618533333333	12.224
18.841985716666667	12.223
18.8583535	12.22
18.87469336666667	12.218
18.891100883333333	12.219
18.90772375	12.221
18.9240909	12.223
18.940444566666667	12.224
18.956858599999997	12.224
18.97323945	12.224
18.989579183333333	12.226
19.005924983333333	12.23
19.02259235	12.234
19.03897913333333	12.235
19.05531455	12.234
19.071660633333334	12.233
19.088044916666668	12.232
19.104433216666667	12.231
19.120834249999998	12.23
19.137435333333332	12.226
19.153759383333334	12.225
19.170130266666668	12.223
19.186519716666666	12.224
19.203072533333334	12.226
19.219459916666665	12.228
19.235820083333333	12.23
19.252133416666666	12.229
19.268521916666668	12.229
19.285102199999997	12.226
19.30149135	12.224
19.3178099	12.22
19.334258566666666	12.222
19.3512034	12.223
19.366969583333333	12.225
19.383531033333334	12.224
19.399913316666666	12.222
19.416258616666667	12.219
19.43263665	12.216
19.449247216666667	12.217
19.465416183333332	12.218
19.48190023333333	12.223
19.49862123333333	12.227
19.51554345	12.231
19.531113233333333	12.232
19.547583416666665	12.23
19.563955083333333	12.226
19.58032305	12.224
19.596916566666668	12.223
19.613301233333335	12.223
19.629600316666664	12.222
19.646193566666668	12.221
19.662551133333334	12.223
19.678889916666666	12.224
19.69519581666667	12.225
19.711577683333335	12.225
19.728131599999998	12.225
19.744466366666664	12.225
19.76077015	12.225
19.77737343333333	12.225
19.793771633333332	12.224
19.810152983333335	12.224
19.826529049999998	12.225
19.8429415	12.225
19.859279933333333	12.225
19.875668700000002	12.225
19.892307533333334	12.226
19.908643316666666	12.225
19.925047300000003	12.225
19.941420633333333	12.225
19.957834766666668	12.224
19.9742067	12.225
19.990535966666666	12.226
20.007140233333335	12.228
20.023554999999998	12.229
20.03994215	12.231
20.05632715	12.232
20.072720033333333	12.233
20.089053133333334	12.233
20.105445983333333	12.232
20.121973533333335	12.233
20.13846638333333	12.233
20.154855966666666	12.235
20.17102925	12.235
20.187641966666668	12.236
20.204024	12.235
20.220399333333333	12.236
20.23677113333333	12.236
20.253106933333335	12.236
20.2697577	12.234
20.28613903333333	12.233
20.30253606666667	12.232
20.318892766666668	12.231
20.335250916666666	12.232
20.351690233333333	12.233
20.368053999999997	12.234
20.384420466666665	12.235
20.400834533333335	12.235
20.4172176	12.235
20.433831433333335	12.234
20.4500516	12.232
20.466555200000002	12.231
20.482950616666667	12.231
20.499361883333332	12.23
20.51572978333333	12.23
20.532199633333335	12.231
20.548536233333333	12.232
20.56491156666667	12.234
20.581319699999998	12.235
20.597939266666668	12.236
20.614118116666667	12.236
20.63079981666667	12.235
20.64718518333333	12.234
20.663345433333333	12.232
20.679865716666665	12.231
20.696246233333333	12.231
20.71256418333333	12.23
20.729226016666665	12.23
20.745565399999997	12.23
20.76194015	12.231
20.778247816666667	12.232
20.79460475	12.232
20.811280883333332	12.232
20.827583883333332	12.231
20.844004933333334	12.23
20.8603152	12.23
20.876688766666668	12.229
20.89333141666667	12.23
20.9097005	12.23
20.92603313333333	12.231
20.942392616666666	12.232
20.95880605	12.232
20.975151416666666	12.23
20.991768383333334	12.228
21.008166266666667	12.227
21.024543816666668	12.226
21.040960916666666	12.226
21.05731925	12.227
21.073745966666667	12.227
21.09006085	12.228
21.10641935	12.228
21.122821116666668	12.229
21.1394285	12.23
21.155785849999997	12.23
21.172139566666665	12.23
21.188509500000002	12.23
21.20495635	12.23
21.221524783333333	12.23
21.237926366666667	12.229
21.2542595	12.229
21.270669116666667	12.23
21.287063133333334	12.229
21.30346005	12.23
21.319863483333332	12.23
21.336221233333333	12.231
21.352698216666667	12.232
21.369099033333335	12.233
21.38546031666667	12.233
21.401844983333334	12.231
21.41843415	12.228
21.434809416666667	12.227
21.451212316666666	12.226
21.467577016666667	12.227
21.484070550000002	12.228
21.50023015	12.229
21.516876183333334	12.229
21.533225266666665	12.229
21.549625133333333	12.23
21.566014383333332	12.23
21.582469183333334	12.231
21.598830233333334	12.231
21.615201916666667	12.232
21.631614666666668	12.231
21.647989250000002	12.23
21.664392883333335	12.228
21.680726433333334	12.228
21.6973994	12.229
21.71377415	12.23
21.730144816666666	12.232
21.746599600000003	12.234
21.762774783333334	12.235
21.7794523	12.235
21.795838983333333	12.234
21.8122153	12.233
21.828599266666668	12.234
21.8449094	12.233
21.861330133333336	12.233
21.87788485	12.232
21.89405515	12.234
21.910514983333332	12.235
21.926962516666666	12.236
21.943478000000002	12.236
21.95984365	12.236
21.976289133333335	12.236
21.992695933333334	12.236
22.00894375	12.235
22.025605166666665	12.235
22.041979083333334	12.236
22.058343400000002	12.236
22.074786500000002	12.236
22.091018716666667	12.235
22.107509783333334	12.234
22.12387825	12.233
22.14034105	12.232
22.156695616666664	12.232
22.173051366666666	12.232
22.18972335	12.23
22.205957716666667	12.23
22.2223902	12.229
22.23875716666667	12.229
22.2551297	12.228
22.27172716666667	12.228
22.288071016666667	12.228
22.3043979	12.229
22.32078058333333	12.229
22.337190733333333	12.229
22.35360595	12.23
22.370006633333333	12.23
22.386421283333334	12.23
22.40298905	12.231
22.41938928333333	12.233
22.435786800000002	12.233
22.4521777	12.231
22.46856615	12.23
22.484956933333333	12.229
22.501310383333337	12.229
22.517695483333334	12.23
22.53407295	12.232
22.550457583333333	12.233
22.567042516666667	12.233
22.58347416666667	12.233
22.599875783333335	12.233
22.616272083333335	12.233
22.632625366666666	12.231
22.648994783333332	12.23
22.66533695	12.23
22.681822766666667	12.229
22.6982614	12.229
22.714672399999998	12.228
22.7310394	12.227
22.747605333333336	12.225
22.763997383333333	12.226
22.7803717	12.227
22.79683635	12.226
22.813167216666667	12.227
22.829540666666666	12.227
22.845867233333333	12.227
22.86250035	12.227
22.878812550000003	12.229
22.895237983333335	12.233
22.911559266666664	12.235
22.928018233333333	12.235
22.944368450000002	12.234
22.960704433333333	12.234
22.9773553	12.234
22.99366315	12.232
23.0100595	12.231
23.026455966666667	12.23
23.042819783333336	12.23
23.059201566666665	12.229
23.075812466666665	12.228
23.09218705	12.225
23.108558249999998	12.222
23.124929533333333	12.22
23.14130695	12.22
23.157674366666665	12.224
23.1740896	12.228
23.190513816666666	12.229
23.206885133333333	12.227
23.22349313333333	12.223
23.239832766666666	12.224
23.256226766666668	12.224
23.27259228333333	12.225
23.289014416666664	12.224
23.30538025	12.224
23.32199423333333	12.221
23.338343116666667	12.221
23.354715316666667	12.221
23.371078066666666	12.222
23.38742235	12.222
23.404054783333333	12.221
23.420423083333333	12.221
23.436794266666666	12.222
23.453171933333333	12.224
23.469460833333336	12.224
23.485858883333332	12.222
23.502472083333334	12.221
23.518830533333336	12.221
23.535126816666665	12.222
23.551506216666667	12.222
23.56791863333333	12.221
23.584290749999997	12.22
23.600702333333334	12.218
23.61728955	12.216
23.633650916666667	12.216
23.65002893333333	12.216
23.666451333333335	12.217
23.682829316666666	12.217
23.6994145	12.218
23.715803166666667	12.218
23.73202493333333	12.22
23.748455816666667	12.221
23.764834083333334	12.224
23.781430183333335	12.226
23.797798183333335	12.229
23.8141837	12.231
23.830439166666668	12.232
23.846855650000002	12.229
23.86345315	12.228
23.879822866666665	12.226
23.896235400000002	12.224
23.91261125	12.22
23.928981283333332	12.218
23.945361283333334	12.217
23.961718366666666	12.216
23.978372	12.216
23.994684283333335	12.216
24.010991866666664	12.218
24.027387416666667	12.221
24.04378363333333	12.225
24.06047365	12.227
24.07681266666667	12.224
24.09315665	12.222
24.10945255	12.222
24.12606705	12.224
24.14247285	12.225
24.15884123333333	12.226
24.17521685	12.227
24.19163605	12.228
24.207972266666665	12.228
24.224355633333335	12.228
24.240988383333335	12.228
24.2571577	12.226
24.273730033333333	12.225
24.290102116666667	12.225
24.3065066	12.224
24.322910383333333	12.223
24.3393108	12.224
24.355695066666666	12.225
24.3723008	12.224
24.388631033333336	12.223
24.405001816666665	12.222
24.42136645	12.221
24.43770015	12.22
24.454120033333332	12.22
24.470704633333334	12.22
24.4870528	12.221
24.503384383333334	12.221
24.51991115	12.221
24.5362647	12.22
24.552690583333334	12.219
24.569032049999997	12.217
24.585366383333334	12.216
24.601742283333333	12.215
24.618153966666668	12.216
24.634751466666668	12.22
24.65114085	12.224
24.667536766666668	12.224
24.683881566666667	12.221
24.700250516666664	12.218
24.716882583333334	12.217
24.733230416666668	12.218
24.74955183333333	12.22
24.766000683333335	12.222
24.782425699999997	12.225
24.798786616666668	12.224
24.815136733333336	12.221
24.831468366666666	12.22
24.848062816666665	12.221
24.864516016666666	12.222
24.880912650000003	12.221
24.897280799999997	12.219
24.913634866666666	12.217
24.929972016666667	12.217
24.946375316666668	12.216
24.962973350000002	12.215
24.979332816666666	12.214
24.99564206666667	12.217
25.012016066666668	12.219
25.02845016666667	12.22
25.044777283333335	12.219
25.061404233333334	12.218
25.077815333333334	12.217
25.094173033333334	12.216
25.110636516666666	12.215
25.1270161	12.216
25.14340555	12.217
25.159763333333334	12.216
25.176185266666668	12.214
25.192498466666667	12.213
25.20891825	12.213
25.225560583333333	12.213
25.24192928333333	12.214
25.25827375	12.215
25.274704866666664	12.215
25.291144499999998	12.213
25.307529483333333	12.211
25.3239011	12.21
25.34026165	12.208
25.356809366666667	12.206
25.373174950000003	12.206
25.389540483333334	12.206
25.405927166666668	12.207
25.422320733333333	12.206
25.438687666666667	12.207
25.455075683333334	12.209
25.471684783333334	12.21
25.488036916666665	12.211
25.504410866666667	12.212
25.520728116666664	12.214
25.537299116666667	12.215
25.553605333333334	12.214
25.569982866666667	12.212
25.586404983333335	12.211
25.602767416666666	12.211
25.61937621666667	12.212
25.63573278333333	12.214
25.652107133333335	12.215
25.6685142	12.215
25.68494925	12.214
25.70138336666667	12.214
25.71775028333333	12.213
25.7341515	12.212
25.750535850000002	12.211
25.766922933333333	12.211
25.783532283333333	12.212
25.79993405	12.213
25.816339666666668	12.213
25.832710083333332	12.213
25.8490948	12.212
25.86551013333333	12.211
25.881856566666666	12.212
25.89844015	12.212
25.914766	12.213
25.930989633333336	12.211
25.947538533333333	12.209
25.963803383333335	12.206
25.980335966666665	12.205
25.99679186666667	12.205
26.013152733333335	12.206
26.029545133333333	12.205
26.045989866666666	12.206
26.062349383333334	12.207
26.078694166666665	12.208
26.095053366666665	12.21
26.11172303333333	12.21
26.128098766666668	12.21
26.144513683333333	12.209
26.160846483333334	12.21
26.177215416666666	12.209
26.193622833333333	12.209
26.20997453333333	12.209
26.226638050000002	12.21
26.242934416666667	12.209
26.25926486666667	12.208
26.27564176666667	12.208
26.292046550000002	12.209
26.308670416666665	12.21
26.32498048333333	12.21
26.3413957	12.21
26.35777735	12.21
26.37414565	12.208
26.390532183333335	12.209
26.4071242	12.209
26.4232747	12.21
26.439708316666668	12.209
26.456101666666665	12.208
26.472723016666666	12.205
26.489096216666667	12.205
26.505508716666668	12.205
26.521927866666665	12.208
26.538279083333336	12.208
26.554661383333332	12.208
26.571058049999998	12.206
26.58747448333333	12.205
26.603856566666664	12.203
26.620456400000002	12.201
26.63684195	12.2
26.653229666666668	12.2
26.66964193333333	12.2
26.686043533333336	12.2
26.702437183333334	12.203
26.71877506666667	12.204
26.735165066666664	12.205
26.751646750000003	12.204
26.767993750000002	12.202
26.7845276	12.201
26.800933166666667	12.2
26.817322016666665	12.2
26.833690566666668	12.201
26.850004016666666	12.201
26.866613916666665	12.202
26.882983866666667	12.202
26.899345416666666	12.202
26.9157165	12.201
26.932274483333334	12.202
26.94863098333333	12.203
26.965041199999998	12.203
26.9814543	12.202
26.997858583333333	12.203
27.014211166666666	12.204
27.030538866666667	12.205
27.04697785	12.204
27.063608083333335	12.203
27.0798712	12.202
27.096437966666667	12.202
27.112786733333333	12.201
27.12916273333333	12.201
27.145538916666666	12.2
27.16190011666667	12.198
27.1782971	12.197
27.19470675	12.197
27.211323466666666	12.197
27.227476683333336	12.197
27.24408556666667	12.196
27.260457916666667	12.197
27.276797483333333	12.196
27.29316061666667	12.197
27.309565283333335	12.197
27.32599451666667	12.197
27.342409916666668	12.196
27.358763600000003	12.197
27.375324766666665	12.199
27.391694899999997	12.2
27.408059633333338	12.201
27.42444796666667	12.202
27.440822349999998	12.206
27.457465966666668	12.21
27.47362448333333	12.212
27.49021905	12.211
27.5066506	12.209
27.52306838333333	12.204
27.539363350000002	12.202
27.555720766666667	12.2
27.572150999999998	12.201
27.588509633333338	12.2
27.605119766666668	12.2
27.621479733333338	12.198
27.6378438	12.197
27.654291450000002	12.197
27.670741033333336	12.196
27.687090750000003	12.196
27.703468300000004	12.195
27.720032250000003	12.193
27.736409800000004	12.192
27.752762966666666	12.192
27.769234016666665	12.193
27.7855451	12.194
27.801887450000002	12.195
27.8183375	12.194
27.834734399999995	12.194
27.85133365	12.194
27.86769891666667	12.194
27.88407815	12.194
27.900469200000003	12.193
27.916819833333335	12.195
27.933414766666665	12.198
27.949790066666665	12.201
27.96619376666667	12.202
27.982560616666667	12.201
27.998898866666664	12.2
28.015421850000003	12.2
28.031596649999997	12.2
28.04828761666667	12.199
28.06443555	12.197
28.081045666666668	12.196
28.0974536	12.196
28.113828149999996	12.198
28.130219566666668	12.199
28.14660203333333	12.199
28.163049416666667	12.198
28.179417583333333	12.199
28.195769966666667	12.198
28.2123974	12.198
28.22875905	12.196
28.245075083333333	12.196
28.261441150000003	12.196
28.27779221666667	12.197
28.29443513333333	12.198
28.31077953333333	12.199
28.327191550000002	12.199
28.34353121666667	12.198
28.359961116666668	12.197
28.376328	12.196
28.392678266666664	12.195
28.40928051666667	12.194
28.425690916666667	12.193
28.44212638333333	12.195
28.458514166666667	12.196
28.474928749999997	12.195
28.491263599999996	12.193
28.507612616666663	12.191
28.524229266666666	12.19
28.540606349999997	12.19
28.556965716666667	12.192
28.573331066666668	12.195
28.589718616666666	12.197
28.606097516666665	12.196
28.622505266666664	12.194
28.638925066666665	12.192
28.655292349999996	12.19
28.671872200000003	12.189
28.68829553333333	12.189
28.704647366666663	12.189
28.721008133333335	12.189
28.737341783333335	12.189
28.753957149999998	12.19
28.770363333333336	12.189
28.786790250000003	12.188
28.803160500000004	12.186
28.8194808	12.186
28.835838799999998	12.185
28.852213716666668	12.184
28.86887911666667	12.184
28.8852366	12.185
28.90162375	12.187
28.917938933333332	12.187
28.934327449999998	12.186
28.950762983333334	12.183
28.967309	12.185
28.98376248333333	12.186
29.000076550000003	12.188
29.0164459	12.188
29.0327866	12.187
29.04923948333333	12.188
29.065621783333334	12.189
29.08202745	12.191
29.09842678333333	12.19
29.114844666666663	12.189
29.131363683333333	12.186
29.14773413333333	12.185
29.16408655	12.185
29.180526583333332	12.185
29.196888700000002	12.184
29.213455733333333	12.185
29.229893716666666	12.187
29.24622756666667	12.19
29.262598750000002	12.191
29.279035266666668	12.189
29.2954213	12.188
29.311725933333335	12.188
29.32827148333333	12.187
29.344639899999997	12.186
29.361251000000003	12.186
29.3776175	12.186
29.3939959	12.186
29.410423100000003	12.184
29.426857183333333	12.182
29.443260316666667	12.181
29.459623966666662	12.18
29.476025666666672	12.179
29.492418683333334	12.179
29.508850183333337	12.18
29.525249316666667	12.182
29.541614249999995	12.182
29.557999066666667	12.181
29.574376700000002	12.181
29.590996566666668	12.181
29.607356466666673	12.182
29.623762566666663	12.183
29.640235516666664	12.185
29.656405566666663	12.186
29.67287556666667	12.187
29.68946701666667	12.187
29.70591643333333	12.188
29.72221256666667	12.187
29.738636533333334	12.187
29.754947300000005	12.186
29.771399466666672	12.186
29.78778845	12.185
29.8041134	12.186
29.8206961	12.186
29.837017449999998	12.187
29.853605416666667	12.188
29.8697839	12.189
29.886351966666666	12.187
29.90268915	12.185
29.919110816666667	12.182
29.93548595	12.181
29.95187995	12.181
29.968470699999997	12.181
29.98489625	12.181
30.001247883333335	12.183
30.017644049999994	12.183
30.033994616666668	12.184
30.050430116666668	12.183
30.06683806666667	12.182
30.083206883333332	12.18
30.099629933333333	12.18
30.116001716666666	12.182
30.132404666666666	12.183
30.148977133333332	12.184
30.165403750000003	12.185
30.18173085	12.185
30.19808856666667	12.184
30.2144423	12.185
30.23110403333333	12.185
30.2474882	12.184
30.263779300000003	12.182
30.280160549999998	12.179
30.29660415	12.179
30.31310715	12.179
30.329376783333338	12.179
30.3458974	12.179
30.362184083333332	12.177
30.37862583333333	12.176
30.39505795	12.176
30.411420183333334	12.179
30.42807095	12.18
30.444416733333334	12.182
30.460740533333336	12.181
30.477165300000003	12.181
30.493506250000003	12.179
30.509906299999997	12.177
30.52649505	12.175
30.542891850000004	12.173
30.559224283333336	12.174
30.575680966666667	12.175
30.592073199999994	12.174
30.608559233333338	12.174
30.62494996666667	12.174
30.641340183333334	12.175
30.65771743333333	12.174
30.67404451666666	12.173
30.690640433333336	12.172
30.707031783333335	12.17
30.72338261666666	12.169
30.73985376666667	12.169
30.756274116666667	12.17
30.772647350000007	12.171
30.789034750000006	12.172
30.805418616666664	12.172
30.821806666666667	12.172
30.838371100000003	12.174
30.854533716666666	12.175
30.871215416666672	12.177
30.887625783333334	12.176
30.903987633333337	12.175
30.920352666666666	12.174
30.93667323333333	12.173
30.95310396666666	12.173
30.96953381666666	12.172
30.985899166666663	12.173
31.002284949999996	12.173
31.0189334	12.174
31.035320116666668	12.173
31.051718716666663	12.172
31.06806491666667	12.171
31.084484816666667	12.171
31.100833983333338	12.171
31.117199283333335	12.171
31.133548816666668	12.171
31.150191883333335	12.171
31.166595883333336	12.172
31.182925533333332	12.173
31.19926195	12.174
31.215806449999995	12.173
31.232035466666666	12.173
31.248726150000003	12.173
31.265066216666668	12.172
31.281258899999997	12.169
31.29792263333333	12.168
31.314088983333335	12.168
31.330720866666667	12.17
31.347044683333337	12.171
31.36337806666667	12.173
31.379995383333338	12.175
31.396148883333332	12.173
31.412742083333335	12.172
31.42911995	12.17
31.445482366666667	12.169
31.461883616666668	12.168
31.47844773333334	12.166
31.494822866666667	12.165
31.511196766666664	12.164
31.52767958333333	12.163
31.543948500000006	12.163
31.560516916666664	12.162
31.576863200000005	12.162
31.59323965	12.161
31.609607083333337	12.161
31.62598585	12.162
31.642379750000003	12.166
31.658744866666666	12.17
31.67536993333333	12.173
31.691762216666667	12.172
31.708164983333333	12.171
31.724597116666672	12.17
31.740929916666666	12.17
31.757328199999996	12.169
31.77373948333333	12.168
31.790081233333332	12.168
31.806665566666666	12.166
31.823080116666667	12.165
31.83950555	12.164
31.855680533333334	12.164
31.872379316666667	12.163
31.88855218333333	12.164
31.905185250000002	12.164
31.921505900000007	12.165
31.937898116666666	12.165
31.954260016666666	12.166
31.970622166666665	12.166
31.98724638333333	12.165
32.003632016666664	12.163
32.0200436	12.163
32.036428183333335	12.163
32.052844566666664	12.164
32.06920368333333	12.165
32.085514616666664	12.165
32.10213413333334	12.164
32.11850976666666	12.162
32.13489135	12.162
32.151261133333335	12.163
32.167627450000005	12.165
32.18401433333334	12.166
32.20035058333334	12.167
32.216776333333335	12.166
32.2331926	12.164
32.24979078333333	12.163
32.26619896666667	12.163
32.28261116666667	12.164
32.29907623333334	12.165
32.315430533333334	12.165
32.33175253333333	12.165
32.34815436666667	12.163
32.36469655	12.163
32.381079183333334	12.163
32.39748578333333	12.164
32.41386198333333	12.164
32.43029481666667	12.164
32.44666218333334	12.163
32.462976899999994	12.161
32.47955653333334	12.16
32.49593491666667	12.16
32.51227816666667	12.16
32.52873998333334	12.16
32.545188950000004	12.16
32.56155566666666	12.16
32.57796603333334	12.16
32.59431315	12.16
32.61074725	12.161
32.62713411666667	12.16
32.643561	12.16
32.66015608333333	12.159
32.67634145	12.16
32.69291418333333	12.16
32.70933715	12.161
32.72573895	12.161
32.742130350000004	12.16
32.75855763333333	12.159
32.77498856666667	12.159
32.7914395	12.159
32.80783293333333	12.158
32.82426301666667	12.157
32.84062861666666	12.157
32.85708648333333	12.158
32.873430549999995	12.16
32.88981166666667	12.16
32.90640065	12.159
32.922562666666664	12.157
32.939002366666664	12.156
32.95538755	12.156
32.9720092	12.156
32.988395350000005	12.156
33.004665700000004	12.154
33.02104821666667	12.154
33.03745465	12.154
33.054100033333334	12.155
33.070497749999994	12.154
33.08686135000001	12.155
33.1032266	12.156
33.1196711	12.159
33.13609078333333	12.159
33.15244533333334	12.158
33.168799433333334	12.157
33.18542278333334	12.157
33.20181623333334	12.157
33.21817168333334	12.158
33.23459785	12.157
33.25094768333334	12.157
33.26731236666667	12.156
33.283812233333336	12.155
33.3003615	12.156
33.31670328333333	12.158
33.333112316666664	12.158
33.349462083333336	12.158
33.36583793333333	12.158
33.38241323333333	12.157
33.39882601666667	12.156
33.41518778333333	12.155
33.431603583333334	12.154
33.447985466666665	12.155
33.46434105	12.155
33.48089895	12.153
33.49711495	12.152
33.513516333333335	12.153
33.52989505	12.155
33.54649641666666	12.156
33.56286455	12.158
33.5792868	12.157
33.595586366666666	12.156
33.612236233333334	12.155
33.628557066666666	12.154
33.64495706666666	12.153
33.661281583333334	12.153
33.67768941666667	12.152
33.69408141666667	12.153
33.7105123	12.152
33.7271371	12.152
33.743515216666665	12.153
33.75995415	12.153
33.77614195	12.153
33.792757316666666	12.152
33.80894993333333	12.151
33.82549959999999	12.149
33.84197248333333	12.148
33.8583748	12.15
33.874805783333336	12.15
33.891266583333326	12.15
33.9076077	12.149
33.924005316666666	12.149
33.94035075	12.149
33.956754716666666	12.148
33.97314073333334	12.146
33.989734	12.145
34.00614376666667	12.145
34.022475549999996	12.145
34.03885483333333	12.145
34.05519808333334	12.146
34.071849916666665	12.148
34.08816501666667	12.149
34.104548066666666	12.149
34.120926299999994	12.148
34.137293	12.147
34.15368118333333	12.147
34.170358533333335	12.147
34.186511249999995	12.146
34.2029434	12.147
34.21954315	12.146
34.23596808333333	12.147
34.25235516666667	12.149
34.26864595	12.151
34.285225266666664	12.152
34.30157886666667	12.15
34.31784101666666	12.148
34.33424435	12.149
34.350650316666666	12.15
34.367232533333336	12.151
34.38366526666667	12.149
34.400109433333334	12.147
34.416319433333335	12.145
34.43281853333334	12.143
34.44919878333334	12.144
34.46578688333333	12.144
34.482086366666664	12.144
34.4986037	12.145
34.51489868333333	12.144
34.5313238	12.144
34.547873116666665	12.143
34.56423865	12.144
34.58061098333334	12.144
34.59691803333333	12.143
34.613517183333336	12.142
34.629675	12.142
34.64630905	12.142
34.66267763333334	12.141
34.67908418333333	12.14
34.69549056666666	12.141
34.71188766666667	12.14
34.728286450000006	12.14
34.74462868333333	12.14
34.761103000000006	12.141
34.7775187	12.142
34.793932633333334	12.144
34.81046411666667	12.146
34.826593949999996	12.147
34.84304921666667	12.146
34.85946653333333	12.145
34.87604188333333	12.145
34.892387533333334	12.147
34.90876768333333	12.149
34.92515105	12.148
34.941579299999994	12.147
34.95811466666667	12.145
34.9745029	12.145
34.99090543333333	12.143
35.00726983333333	12.142
35.02363558333333	12.14
35.040206600000005	12.142
35.05657951666667	12.144
35.07299806666666	12.146
35.08939136666667	12.146
35.10575071666666	12.145
35.12231861666667	12.145
35.13860973333333	12.146
35.15503186666667	12.148
35.17149781666667	12.147
35.187774483333335	12.146
35.20437716666667	12.145
35.22073423333333	12.144
35.237100299999994	12.143
35.25354596666667	12.143
35.26993235	12.142
35.286296766666666	12.143
35.302770466666665	12.144
35.319164816666664	12.145
35.335626766666664	12.144
35.35196995	12.143
35.368382616666665	12.142
35.38475815	12.143
35.4013728	12.143
35.41774648333333	12.145
35.43404875	12.146
35.450421066666664	12.147
35.4670742	12.149
35.48346711666667	12.149
35.49979269999999	12.149
35.516118750000004	12.147
35.53252025	12.144
35.548906249999995	12.143
35.56547268333334	12.142
35.581914766666664	12.141
35.59831845	12.141
35.61472631666666	12.14
35.63098386666666	12.139
35.647437950000004	12.139
35.66380591666667	12.139
35.68042808333333	12.139
35.6965992	12.139
35.7132308	12.139
35.72954638333333	12.139
35.74589385	12.14
35.76233393333334	12.14
35.778718049999995	12.141
35.79513005	12.141
35.81175791666667	12.141
35.828105	12.14
35.84446173333333	12.139
35.86086205	12.139
35.877228599999995	12.139
35.893667533333335	12.139
35.91002373333333	12.138
35.926663950000005	12.138
35.94300881666666	12.138
35.9593548	12.138
35.97568305	12.139
35.992135100000006	12.138
36.008734366666665	12.137
36.02491725	12.136
36.041569233333334	12.136
36.05793598333333	12.136
36.074389333333336	12.137
36.09062276666667	12.139
36.1071701	12.139
36.12354708333333	12.139
36.13991931666667	12.139
36.15622128333334	12.14
36.17277405	12.141
36.189140583333334	12.141
36.2055485	12.141
36.221885449999995	12.14
36.23849561666667	12.139
36.25483881666666	12.139
36.271224366666665	12.139
36.287649333333334	12.14
36.30405843333333	12.14
36.32040216666667	12.141
36.33681241666667	12.139
36.35328081666667	12.138
36.36976196666667	12.137
36.386077916666665	12.136
36.402630433333336	12.135
36.419077099999996	12.136
36.4354168	12.135
36.451749299999996	12.134
36.46815645	12.133
36.48473398333333	12.134
36.501150966666664	12.136
36.51752451666667	12.136
36.533926449999996	12.134
36.55027521666667	12.132
36.5666004	12.132
36.5832374	12.132
36.59937553333334	12.133
36.615985900000005	12.132
36.6323024	12.132
36.6486847	12.132
36.66505573333333	12.131
36.68169291666666	12.132
36.69809015	12.131
36.71445346666667	12.132
36.730945033333334	12.132
36.747173266666664	12.133
36.76375136666666	12.132
36.780044233333335	12.132
36.79641455	12.131
36.81276796666667	12.13
36.829271999999996	12.13
36.84564935	12.13
36.8622375	12.13
36.878639916666664	12.131
36.89483885	12.131
36.91126991666667	12.132
36.9277223	12.133
36.94422543333334	12.134
36.96057766666667	12.133
36.977085566666666	12.133
36.993510316666665	12.132
37.0099637	12.132
37.0263451	12.132
37.0425866	12.132
37.059019400000004	12.132
37.075432633333335	12.131
37.09195731666667	12.131
37.10834378333333	12.131
37.124715583333334	12.13
37.141041316666666	12.129
37.15766588333334	12.128
37.174007100000004	12.128
37.190254366666665	12.128
37.20675215000001	12.128
37.22308995	12.128
37.239690083333336	12.129
37.2560167	12.129
37.27243056666667	12.129
37.28879946666667	12.128
37.30539946666667	12.127
37.32176056666666	12.127
37.338138449999995	12.128
37.35446935	12.128
37.37084985	12.127
37.38723823333333	12.127
37.40386185	12.126
37.42026203333333	12.127
37.43663553333333	12.126
37.453008716666666	12.126
37.469380799999996	12.126
37.485728099999996	12.125
37.50217096666667	12.124
37.51857966666667	12.123
37.53514928333333	12.124
37.551537950000004	12.124
37.567945783333336	12.124
37.58434025	12.123
37.600703100000004	12.124
37.6171084	12.124
37.63349281666667	12.125
37.6499027	12.126
37.66631735	12.127
37.68269373333333	12.127
37.6990934	12.126
37.715508666666665	12.125
37.73185341666667	12.123
37.74845395	12.124
37.7649104	12.123
37.7811943	12.123
37.79774446666667	12.123
37.81408658333333	12.123
37.83046785	12.124
37.8468018	12.125
37.863422666666665	12.126
37.8797875	12.127
37.89617596666667	12.127
37.91250705	12.127
37.92885271666667	12.128
37.94544721666667	12.128
37.9618353	12.128
37.97819818333333	12.128
37.99460451666666	12.127
38.011036833333335	12.127
38.027333399999996	12.126
38.04379038333333	12.126
38.06013456666667	12.125
38.07675883333333	12.124
38.093111799999996	12.122
38.10948845	12.122
38.1258626	12.122
38.142200233333334	12.122
38.158572850000006	12.122
38.17517781666666	12.122
38.19146491666667	12.123
38.20804966666667	12.124
38.224433399999995	12.124
38.24081781666666	12.122
38.25720511666667	12.122
38.273525416666665	12.121
38.289933033333334	12.122
38.30653675	12.121
38.322977683333335	12.121
38.339310966666666	12.122
38.35565203333333	12.122
38.37195966666666	12.123
38.38860343333333	12.123
38.404984266666666	12.122
38.42136925	12.123
38.43773316666667	12.122
38.45419891666666	12.123
38.470580733333335	12.122
38.48696768333333	12.122
38.50329371666667	12.122
38.51971268333333	12.121
38.5361158	12.12
38.552680566666666	12.121
38.569102449999995	12.122
38.58550643333333	12.122
38.601878316666664	12.121
38.6182404	12.119
38.63463555	12.119
38.65112931666667	12.119
38.667456433333335	12.119
38.68387788333334	12.118
38.70033516666667	12.118
38.71669788333334	12.118
38.73326371666667	12.118
38.74961843333333	12.118
38.76597193333334	12.119
38.78237065	12.119
38.79874315	12.119
38.815325916666666	12.12
38.83167671666667	12.121
38.84804721666667	12.122
38.8644223	12.122
38.880794566666665	12.124
38.897210533333336	12.123
38.91354513333333	12.122
38.930244083333335	12.121
38.946609716666664	12.121
38.96292376666667	12.12
38.97929993333333	12.119
38.99586216666667	12.118
39.012294483333335	12.118
39.028653416666664	12.118
39.04503188333333	12.117
39.061265049999996	12.117
39.07783486666666	12.117
39.0941969	12.116
39.110591783333334	12.116
39.12699376666667	12.115
39.1436106	12.115
39.15994485	12.114
39.176336983333336	12.115
39.1927557	12.115
39.20909433333334	12.116
39.225489	12.114
39.24208918333333	12.113
39.258455983333334	12.113
39.27486233333333	12.113
39.29123165	12.112
39.307599683333336	12.112
39.32398106666667	12.111
39.34032658333333	12.111
39.3569605	12.111
39.373374383333335	12.112
39.38968446666667	12.112
39.40600801666667	12.112
39.42260616666667	12.11
39.438978649999996	12.11
39.45543026666667	12.109
39.47174378333333	12.111
39.48810928333333	12.111
39.50468145	12.112
39.52099483333333	12.112
39.53757323333333	12.111
39.55397093333333	12.11
39.570346566666665	12.11
39.58668843333333	12.109
39.6030388	12.109
39.6194781	12.109
39.635817966666664	12.109
39.65239363333333	12.109
39.668749016666666	12.109
39.685103049999995	12.109
39.70155663333333	12.11
39.71792226666666	12.109
39.734314366666666	12.109
39.7509613	12.11
39.767261100000006	12.111
39.78357748333334	12.112
39.799950683333336	12.112
39.81660481666667	12.111
39.83302811666667	12.11
39.84938043333333	12.11
39.86578435	12.111
39.88212745	12.112
39.8985843	12.112
39.91495418333333	12.112
39.93135843333334	12.11
39.94766156666667	12.11
39.96427271666666	12.11
39.98071485	12.11
39.9971399	12.11
40.01336318333333	12.109
40.03003151666667	12.108
40.046383266666666	12.107
40.0628396	12.107
40.079180666666666	12.106
40.09558351666667	12.106
40.11194231666666	12.106
40.12834231666667	12.105
40.14475328333333	12.103
40.161164633333335	12.103
40.17752376666667	12.103
40.19395171666667	12.103
40.21036455	12.103
40.2267362	12.104
40.243342416666664	12.105
40.25969205	12.105
40.27611426666667	12.105
40.29250496666667	12.105
40.308866316666666	12.107
40.32523858333333	12.108
40.34167816666666	12.109
40.35806721666667	12.109
40.374652950000005	12.108
40.390939966666664	12.107
40.407563366666665	12.106
40.42377441666667	12.106
40.44018621666667	12.106
40.45660876666667	12.106
40.47318275	12.105
40.48965378333333	12.106
40.5059796	12.106
40.5223303	12.107
40.5386352	12.106
40.55527208333333	12.106
40.57165465	12.105
40.588079183333335	12.104
40.604466083333335	12.105
40.62086731666667	12.106
40.637350133333335	12.106
40.65366301666666	12.105
40.6700192	12.105
40.686364850000004	12.106
40.703005266666665	12.108
40.7193739	12.109
40.735709433333334	12.108
40.752102566666665	12.107
40.76868185	12.104
40.784956533333336	12.104
40.80133501666667	12.102
40.8177017	12.103
40.83433281666667	12.101
40.85073	12.1
40.8671341	12.099
40.8835646	12.099
40.89972555	12.099
40.916324716666665	12.099
40.932792283333335	12.099
40.94915283333333	12.098
40.96553491666667	12.097
40.9819785	12.098
40.998323516666666	12.098
41.014709133333334	12.099
41.03130748333333	12.099
41.04769343333333	12.099
41.064068649999996	12.097
41.080510733333334	12.096
41.09694168333333	12.094
41.113107183333334	12.094
41.12970048333333	12.093
41.1461362	12.094
41.162471950000004	12.093
41.17886548333333	12.094
41.195441466666665	12.093
41.21174091666667	12.094
41.2282737	12.094
41.244469	12.097
41.26087606666667	12.098
41.27747468333334	12.099
41.29388123333333	12.098
41.31035884999999	12.099
41.326521166666666	12.098
41.343171633333334	12.098
41.359564133333336	12.096
41.37591256666666	12.096
41.392254816666664	12.095
41.40871403333333	12.094
41.42507873333333	12.094
41.441381666666665	12.093
41.45806391666667	12.093
41.474239616666665	12.091
41.49088853333333	12.091
41.50725156666667	12.093
41.523614083333335	12.094
41.53998718333333	12.095
41.55637375	12.095
41.57295056666667	12.095
41.589307866666665	12.095
41.60567553333333	12.095
41.62199066666667	12.094
41.63862723333333	12.094
41.65497925	12.094
41.671395716666666	12.095
41.68778603333333	12.096
41.70423345	12.096
41.72064078333334	12.096
41.73696163333333	12.096
41.75333471666667	12.095
41.76997765	12.094
41.786106249999996	12.094
41.80275183333333	12.093
41.81914078333333	12.094
41.83551068333334	12.094
41.85182715	12.095
41.86847623333333	12.095
41.884625033333336	12.095
41.901229400000005	12.095
41.91762430000001	12.096
41.933991033333335	12.095
41.95039011666667	12.093
41.96671811666667	12.092
41.983336916666666	12.092
41.99967636666667	12.092
42.01601446666667	12.092
42.03243511666667	12.091
42.04881655	12.091
42.065381200000004	12.09
42.081657566666664	12.09
42.09805565	12.089
42.11464436666667	12.091
42.1310049	12.091
42.14735475	12.09
42.163766949999996	12.089
42.180128966666665	12.089
42.196502366666664	12.089
42.2130859	12.089
42.22958693333333	12.089
42.245809333333334	12.09
42.26219555	12.09
42.2787783	12.091
42.295204766666664	12.093
42.31161443333334	12.094
42.328035	12.094
42.344426066666664	12.094
42.360805066666664	12.094
42.37721705	12.091
42.393653083333334	12.09
42.410043783333336	12.089
42.42639081666667	12.09
42.44279613333333	12.09
42.45935318333333	12.091
42.475784149999996	12.09
42.49212185	12.089
42.508511866666666	12.087
42.52492588333334	12.087
42.54127416666667	12.087
42.55766491666667	12.088
42.57427255	12.087
42.59064685	12.088
42.607015266666664	12.089
42.623438533333335	12.091
42.639757749999994	12.092
42.656173433333336	12.093
42.67254555	12.093
42.6891589	12.092
42.70551756666667	12.091
42.7218906	12.09
42.73818153333333	12.092
42.754857316666666	12.092
42.771016749999994	12.092
42.787668016666665	12.09
42.80405781666666	12.09
42.82042128333333	12.089
42.83684196666666	12.089
42.85317343333334	12.088
42.869665700000006	12.089
42.8859605	12.089
42.90235113333333	12.089
42.91879516666667	12.089
42.935251650000005	12.088
42.951596699999996	12.087
42.968269166666666	12.087
42.984583083333334	12.087
43.00098945	12.087
43.017416450000006	12.087
43.0338263	12.087
43.050289649999996	12.086
43.06660375	12.086
43.082998116666666	12.086
43.099342783333334	12.087
43.11573016666667	12.086
43.132292799999995	12.086
43.148684249999995	12.086
43.165033916666665	12.088
43.18145246666666	12.088
43.19779713333333	12.088
43.2142205	12.087
43.23084205	12.086
43.24706436666667	12.085
43.26367395	12.085
43.28009325	12.086
43.29622068333333	12.085
43.312815183333335	12.085
43.32921375	12.084
43.345558	12.083
43.361924216666665	12.082
43.37853345	12.083
43.39491413333334	12.084
43.41133386666667	12.085
43.42768025	12.086
43.444013883333334	12.086
43.460487083333334	12.086
43.4769838	12.085
43.49326518333333	12.085
43.50991488333333	12.084
43.52626246666667	12.085
43.542652833333335	12.085
43.55895648333333	12.086
43.5753008	12.086
43.59189703333333	12.087
43.60828548333333	12.087
43.62464211666667	12.088
43.641135	12.089
43.6574619	12.089
43.67388878333334	12.089
43.69023766666667	12.089
43.70663978333334	12.088
43.72320916666667	12.087
43.73967248333334	12.085
43.755975199999995	12.084
43.772316483333334	12.084
43.78869243333334	12.083
43.805306	12.083
43.82167925	12.083
43.83807926666667	12.084
43.85445416666666	12.085
43.87090445	12.086
43.887245883333335	12.086
43.903681766666665	12.086
43.92004635	12.086
43.936704133333336	12.085
43.95307678333334	12.085
43.969421516666664	12.085
43.985834833333335	12.085
44.00205223333333	12.083
44.01865136666667	12.083
44.03504581666667	12.082
44.05136166666667	12.083
44.06778235	12.083
44.08433831666667	12.083
44.10070645	12.082
44.11709335	12.08
44.133462933333334	12.08
44.149778133333335	12.08
44.16645053333333	12.08
44.18261295	12.08
44.19928263333334	12.079
44.215651699999995	12.078
44.232025033333336	12.078
44.24833171666667	12.078
44.26477283333334	12.078
44.28110446666667	12.078
44.2976798	12.078
44.314109566666666	12.079
44.33045988333333	12.08
44.34681981666667	12.079
44.363155066666664	12.079
44.379848233333334	12.077
44.39618518333334	12.078
44.41251951666666	12.078
44.428888916666665	12.078
44.44527783333333	12.077
44.46168196666667	12.077
44.47825541666667	12.077
44.49459925	12.077
44.51094355	12.078
44.5275854	12.077
44.543786266666665	12.078
44.56032413333333	12.078
44.57660438333333	12.08
44.5931144	12.08
44.60946298333333	12.081
44.62583136666667	12.081
44.64223363333333	12.081
44.65881698333333	12.081
44.6751697	12.08
44.69154976666667	12.081
44.70791978333333	12.079
44.724275983333335	12.079
44.74090281666667	12.078
44.75730106666666	12.078
44.7737144	12.078
44.79006918333334	12.078
44.80650121666667	12.077
44.822822083333335	12.076
44.83945321666667	12.075
44.85580851666667	12.075
44.87219363333334	12.074
44.88854443333333	12.074
44.904999833333335	12.075
44.92130828333333	12.075
44.93769051666666	12.076
44.954310400000004	12.078
44.9706989	12.079
44.987078483333335	12.078
45.003436433333334	12.076
45.019854	12.075
45.03621821666666	12.075
45.052599099999995	12.076
45.06924291666667	12.076
45.08559425	12.076
45.10197686666667	12.074
45.11836581666667	12.074
45.134742550000006	12.073
45.15110763333333	12.072
45.1675031	12.07
45.18389749999999	12.068
45.20052608333333	12.067
45.216947483333335	12.068
45.23330676666667	12.069
45.249633349999996	12.07
45.26602223333334	12.071
45.282645683333335	12.07
45.29903773333333	12.069
45.31541201666666	12.07
45.33180715	12.071
45.34820461666666	12.071
45.36468371666667	12.07
45.3810823	12.069
45.397423200000006	12.07
45.413779999999996	12.07
45.4301361	12.072
45.44677158333333	12.071
45.46309178333333	12.07
45.47949671666667	12.07
45.4958206	12.072
45.51244863333333	12.072
45.52880721666667	12.07
45.545186333333326	12.069
45.56160531666667	12.07
45.57808643333333	12.071
45.59444943333333	12.071
45.61082833333333	12.071
45.6271455	12.07
45.643689216666665	12.068
45.660053383333334	12.067
45.676515916666666	12.066
45.69290688333333	12.066
45.70923498333333	12.064
45.725624616666664	12.065
45.74224653333333	12.065
45.75861425	12.065
45.77498213333333	12.066
45.7913804	12.066
45.807775766666666	12.067
45.82407406666667	12.066
45.84053383333333	12.066
45.85692525	12.065
45.873534850000006	12.065
45.889919400000004	12.065
45.90630231666667	12.065
45.92265856666667	12.065
45.93905231666667	12.064
45.95540346666667	12.064
45.971824516666665	12.064
45.98842658333333	12.064
46.004803700000004	12.064
46.02118933333334	12.065
46.03760403333333	12.065
46.053947050000005	12.064
46.07034736666667	12.063
46.08691421666666	12.063
46.10337388333333	12.064
46.11951965	12.063
46.13606785	12.062
46.152413700000004	12.062
46.16881195	12.062
46.18525915	12.062
46.201731	12.063
46.21811275	12.064
46.23448401666667	12.064
46.25088825	12.064
46.267505916666664	12.063
46.28365895	12.064
46.30006168333333	12.063
46.31662123333333	12.063
46.33302935	12.06
46.34944321666667	12.06
46.36586013333333	12.059
46.38218238333333	12.06
46.39855875	12.061
46.415251733333335	12.061
46.43137993333333	12.06
46.44802223333333	12.057
46.464291116666665	12.056
46.480634900000005	12.055
46.497300333333335	12.054
46.5136646	12.054
46.530026183333334	12.054
46.546481549999996	12.054
46.562905683333334	12.054
46.57925168333334	12.054
46.595636666666664	12.054
46.611997683333335	12.054
46.628373233333335	12.054
46.6450127	12.054
46.661210849999996	12.054
46.6776079	12.053
46.69403686666667	12.052
46.71061125000001	12.051
46.72700378333333	12.05
46.74342571666667	12.049
46.75982183333333	12.049
46.77627435	12.049
46.79270856666667	12.049
46.8090659	12.05
46.825423300000004	12.051
46.84181493333333	12.051
46.858258916666664	12.05
46.87464745	12.051
46.89107871666667	12.051
46.90746491666666	12.051
46.92385205	12.052
46.94023481666667	12.051
46.956617183333336	12.051
46.97323305	12.049
46.98952815	12.048
47.00592553333333	12.047
47.02237153333333	12.046
47.03877918333333	12.046
47.0552053	12.047
47.07157731666667	12.047
47.08797988333333	12.046
47.1044329	12.045
47.12080195	12.044
47.13738741666667	12.044
47.1536109	12.043
47.17019921666667	12.043
47.18659881666667	12.044
47.2029694	12.044
47.21934065000001	12.043
47.235686916666666	12.042
47.252068	12.041
47.26870265	12.04
47.2850825	12.039
47.3013637	12.038
47.317731800000004	12.037
47.33430295	12.038
47.3506954	12.038
47.36696103333334	12.038
47.38345221666667	12.038
47.39983463333333	12.04
47.41641826666667	12.041
47.43270421666667	12.041
47.44925616666667	12.04
47.465645816666665	12.037
47.48196541666667	12.035
47.49828863333333	12.034
47.51483661666667	12.036
47.53117623333333	12.035
47.547538949999996	12.034
47.56409841666667	12.033
47.58042005	12.033
47.596699816666664	12.033
47.61327373333334	12.032
47.629656583333336	12.032
47.64598713333333	12.032
47.66256618333333	12.032
47.67891316666667	12.032
47.69521745	12.032
47.711582783333334	12.03
47.72815875	12.029
47.744472933333334	12.029
47.761106899999994	12.03
47.77740241666667	12.031
47.793938616666665	12.031
47.81023493333333	12.03
47.82657356666667	12.028
47.84307185	12.028
47.85941653333334	12.028
47.8758135	12.027
47.89239003333333	12.025
47.90874036666666	12.025
47.92506521666667	12.025
47.94158886666666	12.025
47.95792668333333	12.024
47.9742965	12.023
47.99085376666667	12.023
48.00716403333333	12.023
48.02351376666666	12.024
48.040074	12.024
48.056438566666664	12.023
48.07285225	12.022
48.08925715	12.021
48.105645833333334	12.02
48.122064916666666	12.02
48.13846496666667	12.021
48.15487496666666	12.022
48.171222183333334	12.023
48.187575716666665	12.022
48.20420683333334	12.022
48.22057233333333	12.02
48.23707411666667	12.02
48.25331871666666	12.018
48.269631	12.018
48.28621998333333	12.018
48.3025979	12.018
48.319002866666665	12.016
48.335352883333336	12.015
48.35194005	12.016
48.36829575	12.017
48.3847053	12.017
48.40103678333333	12.018
48.41742431666667	12.018
48.433803	12.016
48.45019213333333	12.014
48.466868833333336	12.015
48.48326311666666	12.015
48.4993979	12.014
48.51597623333334	12.012
48.53231383333333	12.012
48.54868808333333	12.013
48.56529083333333	12.013
48.58165448333333	12.011
48.598076533333334	12.01
48.614450166666664	12.008
48.6307925	12.008
48.64717015	12.007
48.663798449999994	12.007
48.68012103333333	12.007
48.696523766666665	12.007
48.71285973333333	12.006
48.72926206666667	12.005
48.74584516666666	12.004
48.76225661666667	12.005
48.77867771666667	12.006
48.79505973333333	12.007
48.81139688333334	12.006
48.82776301666667	12.004
48.84415915	12.002
48.8605467	12.001
48.8771114	12.001
48.89351273333333	12.002
48.9099146	12.003
48.9263711	12.004
48.94275343333334	12.005
48.958956566666664	12.003
48.97540446666667	12.003
48.991994983333335	12.002
49.00845455	12.001
49.02478993333333	11.998
49.04113963333334	11.995
49.057505516666666	11.992
49.07392303333334	11.991
49.090297516666666	11.992
49.1068361	11.992
49.12317066666667	11.993
49.13952506666667	11.993
49.15593836666667	11.995
49.172574583333336	11.994
49.18871398333333	11.993
49.20530898333333	11.992
49.22170331666667	11.992
49.23818188333333	11.994
49.2545841	11.994
49.2709993	11.996
49.2873454	11.996
49.30373026666667	11.995
49.32007663333333	11.994
49.336473616666666	11.992
49.353081966666664	11.991
49.36941986666667	11.99
49.38587438333333	11.99
49.40220373333333	11.99
49.4184962	11.99
49.43505323333333	11.988
49.45148755	11.989
49.46799513333334	11.988
49.4845604	11.986
49.5007809	11.986
49.517128666666665	11.985
49.53366678333334	11.987
49.549973216666665	11.986
49.56639795	11.985
49.5827563	11.985
49.59913448333334	11.986
49.61557236666667	11.987
49.631962449999996	11.986
49.64852436666667	11.984
49.66488588333333	11.982
49.681232300000005	11.98
49.697669166666664	11.978
49.71404423333333	11.977
49.73041801666667	11.976
49.746776583333336	11.975
49.763404	11.976
49.77979881666667	11.977
49.796205549999996	11.977
49.81252141666666	11.976
49.8289261	11.976
49.845308833333334	11.975
49.86192033333334	11.974
49.87835563333333	11.975
49.8947572	11.976
49.911136033333335	11.976
49.9275379	11.975
49.9439156	11.973
49.960310033333336	11.973
49.97667086666667	11.972
49.99302026666667	11.973
50.00967768333333	11.973
50.0260116	11.973
50.04234136666666	11.972
