-5.105011121666667	7.954
-5.088485401666667	7.951
-5.072222025	7.947
-5.055867888333334	7.943
-5.0393269300000005	7.939
-5.023053041666667	7.935
-5.006532945	7.931
-4.990068605	7.928
-4.973790395	7.924
-4.957276986666667	7.922
-4.9409841750000005	7.917
-4.924474301666667	7.915
-4.908176565000001	7.911
-4.891608491666667	7.909
-4.875300703333334	7.906
-4.859012598333334	7.903
-4.842527761666667	7.899
-4.826003588333334	7.896
-4.809719118333334	7.892
-4.793193181666667	7.889
-4.776932798333334	7.887
-4.760430915000001	7.884
-4.743913623333333	7.881
-4.727655236666667	7.877
-4.711363865	7.875
-4.694823051666667	7.873
-4.678544646666667	7.872
-4.6619877516666675	7.868
-4.645709283333334	7.866
-4.629192171666667	7.863
-4.612946876666667	7.861
-4.596410421666667	7.858
-4.579920826666667	7.855
-4.563718736666667	7.853
-4.547192225	7.85
-4.530680080000001	7.849
-4.514418200000001	7.848
-4.497903138333333	7.846
-4.481645003333334	7.844
-4.465114616666667	7.841
-4.448403701666667	7.84
-4.432358931666667	7.838
-4.415860820000001	7.836
-4.399569773333334	7.833
-4.383050091666667	7.831
-4.366798616666667	7.83
-4.35025405	7.828
-4.33385463	7.826
-4.317364563333333	7.825
-4.298561326666667	7.823
-4.282087611666667	7.822
-4.2680404066666675	7.82
-4.2519046183333336	7.818
-4.235591483333334	7.817
-4.2190735833333335	7.815
-4.202700883333334	7.813
-4.186140386666667	7.811
-4.169838611666667	7.811
-4.153547233333334	7.809
-4.137032256666667	7.808
-4.120763188333334	7.807
-4.104203883333334	7.807
-4.087927455000001	7.806
-4.07138892	7.804
-4.055113363333334	7.802
-4.038539285000001	7.799
-4.022287188333333	7.797
-4.0057376766666675	7.796
-3.989459036666667	7.794
-3.9729091800000003	7.792
-3.9566309733333336	7.79
-3.9401082933333336	7.787
-3.9238429250000006	7.786
-3.907330261666667	7.784
-3.8908133750000005	7.783
-3.8745389833333337	7.781
-3.858031856666667	7.78
-3.8417863883333334	7.78
-3.825263046666667	7.777
-3.809003651666667	7.776
-3.7924725483333335	7.775
-3.775962801666667	7.775
-3.7596850916666673	7.774
-3.743416465	7.772
-3.726920576666667	7.77
-3.710389196666667	7.768
-3.694111518333334	7.766
-3.677595628333334	7.765
-3.661335181666667	7.764
-3.6448060133333335	7.764
-3.628543605	7.762
-3.6120098733333337	7.762
-3.5957228350000006	7.76
-3.579222006666667	7.759
-3.5627374583333333	7.758
-3.5464290683333335	7.757
-3.5298752350000004	7.757
-3.513631065	7.757
-3.497092811666667	7.755
-3.4808297700000006	7.753
-3.464290816666667	7.751
-3.448054506666667	7.75
-3.4315269033333338	7.75
-3.415256316666667	7.75
-3.398694546666667	7.749
-3.3823306950000003	7.748
-3.3659340283333337	7.747
-3.3493879616666673	7.746
-3.3331213900000005	7.745
-3.3168195516666668	7.744
-3.3003037550000003	7.744
-3.2838042633333338	7.744
-3.267532986666667	7.743
-3.2510176433333333	7.742
-3.2347487700000004	7.742
-3.2182501216666672	7.742
-3.2019710250000006	7.741
-3.185447176666667	7.739
-3.169198081666667	7.739
-3.1526758200000007	7.739
-3.1361677933333336	7.739
-3.1199119700000004	7.739
-3.1033825583333337	7.738
-3.0871220566666673	7.738
-3.070563921666667	7.737
-3.054311101666667	7.737
-3.0377745400000005	7.736
-3.0212562333333337	7.736
-3.0049524983333336	7.734
-2.9886903966666667	7.733
-2.9721159583333336	7.733
-2.9558702500000003	7.734
-2.9393550483333337	7.733
-2.922830545	7.732
-2.90654605	7.732
-2.890053258333334	7.731
-2.8738124750000007	7.731
-2.8572961683333338	7.73
-2.8407615500000003	7.73
-2.824484816666667	7.731
-2.808220883333334	7.729
-2.791715896666667	7.728
-2.7752036916666674	7.727
-2.7589546733333337	7.727
-2.742425468333334	7.726
-2.726133838333334	7.726
-2.709596883333334	7.727
-2.693310296666667	7.727
-2.6768077683333336	7.727
-2.660283001666667	7.727
-2.6440323033333337	7.726
-2.627733158333334	7.725
-2.611205125	7.723
-2.5946818150000004	7.723
-2.578414323333334	7.723
-2.5618931483333336	7.724
-2.5455986833333335	7.724
-2.529082238333334	7.724
-2.512797166666667	7.724
-2.4963124083333335	7.724
-2.479977391666667	7.723
-2.4636121350000004	7.723
-2.447040405	7.722
-2.430730743333334	7.722
-2.414226356666667	7.722
-2.397953085	7.721
-2.381422816666667	7.722
-2.365174726666667	7.723
-2.3486614183333336	7.723
-2.3324152533333335	7.724
-2.315891788333334	7.724
-2.2993784550000003	7.723
-2.2831292833333334	7.723
-2.266604146666667	7.722
-2.2503680950000002	7.721
-2.233830581666667	7.722
-2.2173232850000004	7.722
-2.2010698033333336	7.722
-2.1845510533333337	7.72
-2.1683180450000004	7.72
-2.151802681666667	7.72
-2.1355245600000003	7.721
-2.119005343333334	7.722
-2.102727665	7.723
-2.086194901666667	7.722
-2.069673538333334	7.721
-2.053404906666667	7.72
-2.0371372733333333	7.72
-2.0205994116666672	7.72
-2.0040825250000007	7.72
-1.9877939500000004	7.721
-1.9712768483333338	7.721
-1.9549967333333336	7.72
-1.9384383216666672	7.719
-1.922208541666667	7.719
-1.905678728333334	7.72
-1.8894014233333336	7.722
-1.8728721233333334	7.723
-1.8566005650000004	7.721
-1.8400475233333338	7.72
-1.8237714733333337	7.719
-1.807184476666667	7.719
-1.7908991416666669	7.718
-1.774363561666667	7.719
-1.7580540850000004	7.719
-1.7417905966666671	7.718
-1.7252303983333337	7.717
-1.708786411666667	7.718
-1.692467361666667	7.718
-1.6760613500000003	7.718
-1.6596875833333335	7.718
-1.6431804766666671	7.719
-1.6269058333333337	7.719
-1.6103859483333336	7.72
-1.5940737783333336	7.72
-1.5775490483333336	7.72
-1.5612417433333339	7.719
-1.5449391166666673	7.72
-1.5284021950000004	7.72
-1.5120976200000005	7.72
-1.4955420383333338	7.719
-1.4792639350000005	7.719
-1.4627107466666671	7.72
-1.4464448966666668	7.72
-1.4301262033333337	7.719
-1.4135418466666674	7.718
-1.3972864183333336	7.718
-1.380685596666667	7.718
-1.3644233200000007	7.719
-1.3478687266666673	7.72
-1.331591556666667	7.72
-1.3150263116666667	7.72
-1.2987066900000004	7.72
-1.2824018783333337	7.72
-1.2658536033333339	7.719
-1.2495546133333337	7.719
-1.2330324833333335	7.718
-1.2167519133333338	7.719
-1.2002186050000003	7.72
-1.1839361066666672	7.721
-1.1674203600000004	7.721
-1.1510957633333336	7.721
-1.1346083866666667	7.721
-1.1183026133333334	7.721
-1.1017991883333336	7.72
-1.0855200500000004	7.719
-1.0690014850000003	7.72
-1.052674023333334	7.72
-1.0361492466666666	7.721
-1.0198401650000006	7.72
-1.0032916749999998	7.721
-0.986971116666667	7.721
-0.9706549066666668	7.722
-0.9541008433333333	7.722
-0.9378105550000004	7.722
-0.9215250583333336	7.723
-0.9050045900000008	7.722
-0.8886909833333334	7.722
-0.8721360033333339	7.722
-0.8558464683333336	7.722
-0.8392992716666674	7.723
-0.8230279700000009	7.723
-0.8064826366666669	7.723
-0.7902463316666664	7.723
-0.7737121399999998	7.723
-0.7573682566666671	7.722
-0.7409642383333335	7.722
-0.7246292216666674	7.723
-0.7080273250000007	7.724
-0.6917388100000004	7.723
-0.6752345149999996	7.72
-0.6589189466666667	7.724
-0.6423507266666677	7.726
-0.6260951733333338	7.728
-0.609531163333334	7.726
-0.5932679700000003	7.726
-0.5767366933333342	7.726
-0.5604377600000001	7.724
-0.5440079300000003	7.725
-0.5274748000000002	7.727
-0.5112030416666675	7.727
-0.4949395533333334	7.726
-0.4784129416666669	7.726
-0.46211560333333424	7.727
-0.4455663033333339	7.73
-0.42905098499999994	7.731
-0.4128188399999999	7.73
-0.39630238666666706	7.729
-0.37994160333333316	7.728
-0.3635151350000001	7.728
-0.34723907166666734	7.729
-0.33072424000000034	7.73
-0.3143540533333331	7.731
-0.2978297300000001	7.73
-0.2815493316666666	7.73
-0.26522244833333364	7.729
-0.24869416499999986	7.729
-0.23237011166666655	7.731
-0.21581540499999985	7.731
-0.1995069650000003	7.733
-0.18315459833333403	7.732
-0.16659620500000027	7.732
-0.15021031833333343	7.731
-0.13376934500000015	7.732
-0.11738016166666743	7.735
-0.1010621416666675	7.735
-0.0846274366666675	7.735
-0.06817064999999989	7.733
-0.051700345000000425	7.734
-0.03535086166666712	7.734
-0.0191543266666665	7.735
-0.002611173333333383	7.738
0.013899496666666344	7.816
0.03009439999999941	8.016
0.046594584999999356	8.331
0.06304653833333251	8.654
0.07953828833333265	8.92
0.09598542833333301	9.112
0.11225687666666673	9.257
0.12859740666666575	9.375
0.14502863166666646	9.508
0.161454056666666	9.648
0.17788647666666613	9.776
0.1942652333333328	9.87
0.210693411666667	9.949
0.22699784833333325	10.025
0.24366772166666717	10.103
0.2599817516666665	10.173
0.2762198299999996	10.232
0.2926793633333338	10.278
0.3092353550000002	10.317
0.3254405266666671	10.359
0.3421051249999989	10.4
0.3584899333333329	10.443
0.37473054833333297	10.488
0.3911188966666659	10.533
0.40748162333333315	10.58
0.42388941000000013	10.626
0.4404523116666663	10.673
0.4568048149999999	10.717
0.4731855233333331	10.761
0.4895583249999991	10.811
0.5059447399999994	10.857
0.5223740699999997	10.899
0.5388614049999996	10.933
0.5553134316666659	10.966
0.5716509966666665	10.993
0.5880735583333339	11.02
0.6044290266666668	11.05
0.6208721099999996	11.085
0.6372399199999998	11.121
0.6536146499999997	11.158
0.6701857650000003	11.192
0.6865368399999996	11.23
0.7029558966666665	11.265
0.7193559249999995	11.293
0.7357515316666667	11.318
0.7523193899999994	11.342
0.7684851166666666	11.37
0.784867386666666	11.4
0.801464058333333	11.427
0.8178299299999994	11.451
0.8342059949999996	11.473
0.8506273200000001	11.498
0.8670369683333323	11.517
0.8833605200000001	11.537
0.8997307633333325	11.56
0.9161303683333326	11.578
0.9325416566666664	11.595
0.94897922	11.611
0.9655308116666665	11.636
0.9817429466666656	11.662
0.9983035683333332	11.679
1.0146696566666655	11.694
1.0310398649999994	11.71
1.0474221899999998	11.728
1.0637843633333333	11.745
1.0803945299999995	11.758
1.0968144566666664	11.768
1.1132003166666662	11.782
1.1293781466666664	11.795
1.1459757233333328	11.81
1.1624236549999996	11.824
1.178812483333333	11.838
1.195269849999999	11.852
1.2115522900000002	11.866
1.2279764466666663	11.877
1.2443798416666665	11.889
1.2607763849999998	11.9
1.2773830449999997	11.91
1.2935667083333335	11.921
1.3099302666666661	11.931
1.3263688433333334	11.944
1.3428224850000001	11.959
1.359257781666666	11.97
1.3756574699999993	11.978
1.392015934999999	11.983
1.4085131849999994	11.99
1.4246972716666662	11.998
1.4413519966666657	12.006
1.4575623183333333	12.017
1.4739495649999999	12.025
1.4905679633333335	12.034
1.5069227266666658	12.042
1.5232668583333329	12.051
1.539681195	12.057
1.5559967816666669	12.062
1.572369526666666	12.068
1.5889952433333328	12.074
1.6053494499999994	12.081
1.6217708233333328	12.091
1.6381396033333333	12.099
1.6545475749999996	12.108
1.670923741666666	12.116
1.6873341733333325	12.127
1.7037311116666656	12.136
1.7201693483333331	12.144
1.7365425033333333	12.152
1.752909691666666	12.16
1.76924306	12.166
1.785841659999999	12.173
1.8022453583333329	12.18
1.8184342399999993	12.188
1.8349461399999996	12.194
1.8512502849999999	12.199
1.867637021666667	12.206
1.884200944999999	12.21
1.9005275799999994	12.215
1.9168983116666665	12.219
1.9334884066666662	12.226
1.9499231866666662	12.233
1.9662979283333337	12.241
1.9826874399999994	12.247
1.9990369849999992	12.252
2.015480686666667	12.257
2.031867365	12.262
2.0481321366666663	12.267
2.064543323333333	12.273
2.0811914	12.277
2.0973899449999998	12.282
2.1137984066666666	12.287
2.1301568116666667	12.294
2.146769665	12.299
2.163160258333334	12.304
2.179554418333333	12.309
2.195965921666666	12.313
2.2122880316666667	12.318
2.2286904549999997	12.322
2.2450252049999992	12.327
2.2616835333333327	12.332
2.2780495149999993	12.337
2.2941936483333336	12.342
2.310736011666666	12.347
2.327178758333333	12.353
2.3435457699999995	12.359
2.3599912316666662	12.365
2.3763520699999994	12.369
2.392746728333333	12.374
2.4091487999999996	12.376
2.4255235416666663	12.379
2.442152226666667	12.383
2.458322081666666	12.388
2.474894466666666	12.392
2.4912643983333327	12.396
2.507620546666666	12.4
2.5240149999999995	12.403
2.540456541666666	12.408
2.556852065	12.412
2.573247451666666	12.417
2.5895936283333336	12.42
2.605963971666667	12.423
2.622385668333333	12.428
2.6389798349999998	12.432
2.6552983049999996	12.435
2.671686986666666	12.438
2.688080816666666	12.442
2.7045241299999994	12.446
2.720951004999999	12.449
2.737295906666666	12.455
2.7536459066666668	12.459
2.770048946666666	12.463
2.7864630366666665	12.465
2.8028546566666668	12.468
2.819214015	12.469
2.835800973333334	12.473
2.8521663816666667	12.476
2.8685445416666653	12.48
2.8848824933333326	12.483
2.9014885916666664	12.487
2.9177720933333333	12.491
2.9341938133333336	12.495
2.950522003333333	12.498
2.967180158333333	12.5
2.983302018333333	12.502
2.9999385249999992	12.503
3.0163439033333326	12.505
3.032742803333333	12.51
3.049149821666667	12.515
3.0655019883333328	12.521
3.081885289999999	12.525
3.0982568950000005	12.528
3.1146256366666663	12.53
3.1310201099999997	12.533
3.1476124983333325	12.537
3.1639584833333334	12.541
3.1803874683333326	12.545
3.196768688333332	12.548
3.2131102633333324	12.552
3.2295808216666675	12.555
3.2459411300000003	12.558
3.2623593683333336	12.561
3.2787189016666662	12.564
3.295121306666667	12.568
3.3115427766666663	12.57
3.3278969333333333	12.573
3.344525364999999	12.576
3.3608393483333323	12.58
3.3772302866666664	12.583
3.3936292683333313	12.586
3.410056245	12.589
3.4264605166666655	12.591
3.4428483216666663	12.592
3.459389934999999	12.593
3.475707965	12.594
3.492064553333334	12.597
3.5084729916666664	12.599
3.524864808333332	12.604
3.5411908133333316	12.607
3.5576219049999995	12.61
3.5739899966666666	12.611
3.5903940883333334	12.613
3.6069615483333326	12.617
3.6234067650000004	12.621
3.6398014733333337	12.623
3.6562231983333326	12.625
3.6725819066666663	12.627
3.689083443333333	12.629
3.7053954283333326	12.632
3.721795458333334	12.634
3.738212693333333	12.638
3.754577163333332	12.64
3.771010276666667	12.642
3.787328518333334	12.644
3.8038849266666652	12.648
3.8202598266666676	12.65
3.83669362	12.653
3.853088633333334	12.654
3.869451606666667	12.657
3.8858484216666653	12.66
3.9022741599999993	12.664
3.9186352666666657	12.665
3.9350496049999997	12.667
3.951641816666667	12.67
3.9679897183333317	12.674
3.984367568333333	12.674
4.0008364783333334	12.677
4.017219043333334	12.677
4.033569764999999	12.682
4.049926693333333	12.683
4.066301981666667	12.687
4.082759635	12.688
4.099095645	12.689
4.115467219999999	12.69
4.132090405	12.691
4.148461739999998	12.694
4.164834723333332	12.696
4.181247375	12.697
4.197534464999999	12.699
4.213898351666668	12.703
4.230324956666667	12.705
4.246784491666666	12.707
4.263149503333333	12.709
4.2797720099999985	12.711
4.296067923333334	12.712
4.31239779	12.714
4.328814746666666	12.715
4.345321281666665	12.718
4.3617707150000005	12.721
4.3781508633333335	12.723
4.394564993333333	12.725
4.410942171666665	12.727
4.427403773333333	12.728
4.443835863333334	12.731
4.460052068333333	12.733
4.476542658333333	12.736
4.492979001666667	12.737
4.509363624999999	12.74
4.525771268333333	12.742
4.542192666666667	12.745
4.558614523333333	12.746
4.575105605000001	12.747
4.5913112599999995	12.749
4.607737848333333	12.752
4.62408177	12.753
4.640727336666666	12.755
4.656969848333333	12.757
4.673450105000001	12.76
4.6899034749999995	12.762
4.706303421666666	12.763
4.722661821666666	12.765
4.739111861666666	12.767
4.755334826666665	12.769
4.771961161666667	12.771
4.788388076666665	12.772
4.804789311666667	12.773
4.821053403333334	12.775
4.837446608333332	12.776
4.853948638333332	12.778
4.870345494999999	12.779
4.886802501666667	12.781
4.9030231666666655	12.783
4.919377691666666	12.785
4.9360079516666655	12.787
4.952445409999999	12.789
4.968830035	12.791
4.98528432	12.792
5.001437545	12.794
5.017906488333333	12.796
5.034434701666667	12.798
5.050883076666665	12.8
5.0671046199999985	12.801
5.083477981666665	12.802
5.099904409999999	12.803
5.116414006666668	12.805
5.132831189999999	12.808
5.149081690000001	12.81
5.1657394666666665	12.813
5.182122129999998	12.815
5.198559335000001	12.817
5.214966746666665	12.819
5.231228138333334	12.821
5.247614883333334	12.824
5.26400855	12.826
5.280408696666665	12.826
5.296818674999999	12.827
5.313336163333334	12.828
5.32972393	12.83
5.346199753333334	12.832
5.3625817766666675	12.834
5.3787948283333336	12.835
5.395276534999999	12.836
5.411777148333334	12.837
5.428165515	12.837
5.444604884999999	12.839
5.46082979	12.84
5.4772837416666675	12.843
5.49376809	12.844
5.510260785	12.846
5.526719243333334	12.846
5.543101888333332	12.848
5.559520886666666	12.849
5.575917646666666	12.852
5.592322941666666	12.854
5.608629671666666	12.856
5.625128348333334	12.857
5.6413582349999984	12.858
5.657983186666666	12.86
5.674188066666666	12.861
5.690605326666667	12.863
5.706991121666665	12.864
5.7234177116666665	12.866
5.739888895	12.867
5.756337676666668	12.868
5.772680681666666	12.869
5.789119933333334	12.871
5.8055334216666665	12.872
5.822028511666668	12.873
5.838458343333333	12.874
5.8548754433333325	12.876
5.871187204999998	12.878
5.887506425	12.88
5.9038531733333315	12.882
5.920478703333332	12.884
5.936861199999999	12.886
5.953232336666668	12.887
5.969689191666667	12.888
5.98605654	12.889
6.0024753099999995	12.89
6.018843388333332	12.891
6.035243591666667	12.892
6.0515413	12.894
6.0679797099999995	12.896
6.0844407533333325	12.897
6.100791673333333	12.897
6.117189058333334	12.899
6.133560556666666	12.901
6.15003776	12.903
6.16640711	12.903
6.182992205	12.904
6.199370236666665	12.905
6.215650403333331	12.908
6.232112328333333	12.91
6.248425201666667	12.911
6.264862805	12.912
6.281285485	12.914
6.297839238333333	12.914
6.3142021716666665	12.916
6.330555061666667	12.916
6.346919266666667	12.918
6.363268696666667	12.92
6.379904155	12.922
6.3962872016666665	12.923
6.412615536666667	12.923
6.429057731666667	12.924
6.445553515	12.926
6.461890263333332	12.927
6.4781043716666655	12.929
6.494753523333332	12.93
6.511009904999998	12.931
6.527428369999999	12.931
6.543883193333333	12.931
6.560323828333333	12.932
6.576803221666667	12.934
6.593063326666666	12.936
6.609535761666665	12.938
6.625946774999999	12.939
6.6423600066666655	12.94
6.658822131666666	12.941
6.675269235	12.943
6.691477478333333	12.945
6.70796846	12.947
6.724376521666667	12.947
6.740833526666666	12.948
6.757283694999998	12.949
6.773660738333332	12.951
6.789839081666665	12.953
6.806306366666666	12.954
6.822716718333334	12.955
6.83910049	12.955
6.855685446666666	12.958
6.87204017	12.959
6.888434604999999	12.96
6.904875093333333	12.96
6.921128818333333	12.961
6.937591036666667	12.962
6.953972266666666	12.964
6.970410115	12.966
6.986792001666666	12.968
7.003272428333334	12.969
7.0196600233333335	12.969
7.036017149999999	12.97
7.052604578333334	12.971
7.068964388333335	12.973
7.0853521	12.972
7.101758363333332	12.974
7.118090371666666	12.975
7.134491326666666	12.976
7.150810521666667	12.976
7.167376135	12.978
7.183709950000001	12.98
7.200163065	12.982
7.2164746399999995	12.982
7.232923263333333	12.982
7.249314994999999	12.982
7.26569915	12.984
7.2821063683333325	12.985
7.298664134999999	12.986
7.315035198333334	12.986
7.33137393	12.989
7.347760688333333	12.99
7.364123868333333	12.992
7.380484298333332	12.992
7.397083053333333	12.993
7.4134825200000005	12.993
7.429839735	12.994
7.446262921666666	12.995
7.462575276666666	12.996
7.478979845	12.998
7.4954291699999995	13.0
7.51176478	13.0
7.528173125	13.001
7.544806163333334	13.003
7.561146623333332	13.005
7.577308708333334	13.006
7.593994563333332	13.007
7.610333021666666	13.008
7.626698376666667	13.007
7.643067309999999	13.007
7.659466196666667	13.008
7.676006598333332	13.01
7.692377996666666	13.012
7.708752860000001	13.014
7.725112016666666	13.014
7.7415277416666655	13.015
7.757868726666667	13.015
7.774585828333333	13.017
7.790780640000001	13.018
7.8071402816666655	13.02
7.823692993333333	13.022
7.840069568333332	13.023
7.856288514999999	13.024
7.872908625000001	13.025
7.8891031	13.025
7.90545899	13.025
7.922107793333334	13.025
7.938498993333333	13.026
7.954908639999999	13.027
7.971310626666666	13.028
7.987697225	13.029
8.004114746666666	13.03
8.020433898333332	13.032
8.036852976666667	13.034
8.053247466666665	13.037
8.06962201	13.038
8.085938421666667	13.038
8.102368049999999	13.039
8.119005841666665	13.04
8.135162365	13.041
8.151611151666666	13.041
8.168073731666667	13.042
8.184490001666667	13.043
8.200902703333332	13.044
8.217324103333334	13.045
8.233720131666667	13.047
8.250110201666667	13.048
8.266510375	13.049
8.282925803333335	13.049
8.29936585	13.051
8.315839783333333	13.051
8.3322313	13.053
8.348726599999999	13.054
8.364972139999999	13.056
8.381370393333333	13.056
8.397810453333333	13.057
8.41408737	13.058
8.430570433333331	13.059
8.44702662	13.06
8.463510761666667	13.06
8.479931520000001	13.061
8.496129378333334	13.06
8.512599676666667	13.062
8.528892473333332	13.064
8.545382056666666	13.065
8.561867606666667	13.067
8.578347965	13.068
8.594613418333333	13.069
8.611119595	13.068
8.627600195	13.068
8.643918666666666	13.069
8.660218426666667	13.07
8.67663306	13.07
8.693103664999999	13.071
8.709533493333334	13.072
8.725943158333333	13.073
8.742394498333335	13.074
8.758616236666667	13.076
8.775024029999999	13.076
8.791507563333333	13.076
8.807949955	13.076
8.824427465	13.078
8.840892268333333	13.079
8.857068956666666	13.08
8.873431348333334	13.081
8.889928126666666	13.082
8.90640776	13.084
8.92279774	13.085
8.939239123333333	13.086
8.955623425	13.087
8.972065871666667	13.088
8.988490435	13.089
9.00492921	13.088
9.021106778333332	13.089
9.037540109999998	13.089
9.054048349999999	13.091
9.070501728333333	13.092
9.086850263333334	13.093
9.103282426666667	13.094
9.11964325	13.095
9.136044431666665	13.096
9.152443233333333	13.096
9.168727223333333	13.096
9.185307841666665	13.096
9.201733328333333	13.097
9.21814591	13.099
9.234337601666665	13.1
9.250774781666665	13.102
9.267241176666666	13.103
9.283734675	13.104
9.300161933333333	13.104
9.316591141666667	13.105
9.332984706666666	13.107
9.349203456666666	13.107
9.365801646666666	13.107
9.38218924	13.108
9.398655688333333	13.109
9.41487229	13.11
9.431388406666667	13.112
9.447826395	13.114
9.464093636666666	13.114
9.480624121666667	13.114
9.497007961666666	13.114
9.513287284999999	13.115
9.529707196666667	13.115
9.546286463333333	13.115
9.562519803333332	13.115
9.579039628333334	13.116
9.595390004999999	13.117
9.611773313333332	13.119
9.628168688333332	13.12
9.644560441666666	13.12
9.661065148333334	13.121
9.677572621666666	13.121
9.693740596666666	13.121
9.710322965	13.121
9.726735281666667	13.122
9.743173648333334	13.124
9.759424286666667	13.126
9.77583199	13.127
9.792277805	13.129
9.80872947	13.129
9.825069478333333	13.13
9.841456821666666	13.13
9.857868503333332	13.13
9.874241511666666	13.13
9.890668098333332	13.131
9.907106618333334	13.133
9.923468473333331	13.134
9.939953358333334	13.135
9.956388793333334	13.137
9.972662716666667	13.137
9.989122108333333	13.137
10.005517696666667	13.137
10.02193196	13.138
10.038312801666665	13.139
10.054689106666666	13.14
10.071079730000001	13.141
10.087481215	13.142
10.103934143333333	13.142
10.120398946666667	13.142
10.136801945	13.142
10.153229525	13.143
10.169637725	13.144
10.186073876666667	13.145
10.202449918333333	13.145
10.218881813333333	13.145
10.235268285	13.146
10.251619165	13.146
10.268007828333333	13.147
10.284370065	13.147
10.30098945	13.149
10.317298419999998	13.15
10.333663491666666	13.151
10.350252659999999	13.153
10.366434576666666	13.154
10.38297995	13.155
10.399364015	13.155
10.415752006666665	13.155
10.432110551666666	13.154
10.448499216666665	13.155
10.464866366666666	13.156
10.481204244999999	13.158
10.497788093333332	13.159
10.514151185	13.16
10.53057858	13.16
10.546934846666666	13.16
10.563430196666667	13.161
10.579853031666666	13.163
10.596174925	13.164
10.61255703	13.166
10.628933663333333	13.165
10.645481134999999	13.165
10.661869123333334	13.165
10.678216675	13.166
10.694539655	13.168
10.710999319999999	13.17
10.727322218333335	13.17
10.743954496666667	13.169
10.760275918333333	13.168
10.776672313333334	13.169
10.793051798333332	13.171
10.809459313333333	13.173
10.825784255	13.174
10.842180641666666	13.175
10.858807839999999	13.175
10.875198970000001	13.174
10.891536348333334	13.174
10.907917015	13.174
10.924325554999998	13.175
10.940802719999999	13.176
10.956997628333331	13.177
10.973606366666667	13.178
10.989978254999999	13.179
11.00634356	13.179
11.022708483333334	13.179
11.039106766666665	13.179
11.05549183	13.18
11.071826584999998	13.181
11.088423555	13.181
11.104830341666668	13.182
11.121188563333332	13.183
11.137571168333332	13.185
11.153897788333333	13.185
11.170304305	13.186
11.186725453333333	13.187
11.203328879999999	13.188
11.21959479	13.188
11.235923781666665	13.189
11.252328636666666	13.189
11.26871424	13.19
11.285345093333332	13.19
11.301710038333331	13.191
11.317924575000001	13.192
11.334562111666665	13.193
11.350957594999999	13.194
11.367198490000002	13.195
11.383714103333334	13.195
11.400162601666667	13.195
11.416538316666665	13.196
11.432912426666666	13.196
11.449298446666669	13.197
11.465648646666667	13.197
11.482055645	13.198
11.498418013333334	13.199
11.514829173333334	13.199
11.531408116666666	13.199
11.547784116666664	13.198
11.564156883333334	13.199
11.580565733333332	13.201
11.596957966666666	13.202
11.613258199999999	13.202
11.629850450000001	13.203
11.646258066666666	13.205
11.662675616666666	13.205
11.67909155	13.206
11.695389683333334	13.205
11.711844299999997	13.206
11.728235483333334	13.206
11.744604633333333	13.208
11.760968883333332	13.208
11.777548600000001	13.21
11.793708616666665	13.21
11.8103708	13.21
11.82675118333333	13.211
11.843059333333334	13.211
11.859405383333334	13.211
11.875761383333336	13.21
11.892352416666666	13.21
11.908736016666667	13.212
11.925078650000001	13.214
11.941467183333335	13.216
11.957839033333334	13.217
11.974231266666665	13.218
11.990592816666664	13.218
12.007199066666667	13.217
12.023639633333334	13.217
12.0398942	13.219
12.056302916666668	13.221
12.072669250000002	13.222
12.089106866666667	13.224
12.105581683333332	13.225
12.121984033333336	13.226
12.138394566666667	13.226
12.154889533333334	13.227
12.171278466666669	13.227
12.187528816666669	13.228
12.203946016666665	13.228
12.220426899999998	13.229
12.236879233333331	13.229
12.2532965	13.228
12.269733049999997	13.227
12.285933900000002	13.228
12.302329683333335	13.228
12.318954383333333	13.229
12.335279483333332	13.23
12.351780383333333	13.232
12.367971416666668	13.232
12.384462216666668	13.232
12.400824616666666	13.232
12.417307033333335	13.231
12.433659099999998	13.231
12.45004575	13.231
12.46642403333333	13.233
12.483026949999998	13.233
12.499254050000003	13.234
12.515700949999998	13.235
12.532041949999998	13.236
12.548648666666667	13.236
12.564869266666667	13.237
12.581408166666664	13.238
12.597730233333335	13.24
12.614296866666665	13.239
12.630525566666664	13.238
12.646976149999999	13.238
12.663489183333335	13.239
12.679782599999998	13.24
12.696106566666666	13.241
12.712641616666668	13.241
12.728888099999997	13.241
12.745369266666666	13.243
12.761832566666664	13.244
12.778111833333332	13.245
12.794539683333335	13.246
12.811032783333333	13.246
12.827512533333332	13.247
12.843806216666666	13.248
12.86023275	13.249
12.876771416666669	13.25
12.89298748333333	13.25
12.909622549999996	13.25
12.925777049999999	13.251
12.942294033333335	13.251
12.95879525	13.251
12.97502238333333	13.251
12.9914212	13.251
13.007812383333333	13.252
13.024440433333334	13.254
13.040711	13.254
13.057244916666663	13.255
13.073444149999998	13.256
13.08998375	13.257
13.106424499999997	13.257
13.122723566666666	13.255
13.139031333333334	13.255
13.1557208	13.255
13.171921333333332	13.256
13.188396716666668	13.255
13.204907066666665	13.256
13.221313616666665	13.257
13.237623183333335	13.258
13.253893583333335	13.259
13.27036511666667	13.259
13.286827616666669	13.259
13.303116366666666	13.259
13.319655066666668	13.26
13.336108066666666	13.26
13.352600649999998	13.261
13.368877366666668	13.261
13.385342016666668	13.262
13.401572683333333	13.263
13.418037883333332	13.264
13.434333050000001	13.264
13.450891466666667	13.265
13.467372133333333	13.265
13.483639916666666	13.266
13.50015515	13.267
13.516468099999999	13.267
13.532910283333335	13.267
13.549364266666666	13.268
13.565596766666667	13.269
13.582226350000001	13.271
13.598617966666664	13.271
13.614986533333335	13.271
13.631366233333333	13.271
13.647658300000002	13.272
13.664267166666663	13.273
13.680593733333334	13.274
13.697002766666666	13.275
13.71341015	13.275
13.729719816666668	13.275
13.746085500000001	13.274
13.762487816666665	13.275
13.778921366666667	13.276
13.795294733333334	13.278
13.811708316666666	13.279
13.828242216666668	13.28
13.844635983333335	13.28
13.861035849999999	13.28
13.877449966666665	13.28
13.89388385	13.28
13.910253049999996	13.282
13.926572866666666	13.283
13.9430192	13.283
13.959372483333334	13.283
13.975973949999998	13.283
13.992304016666667	13.283
14.008653216666668	13.283
14.02504315	13.285
14.041457883333331	13.286
14.057896033333334	13.286
14.074431916666667	13.286
14.090610683333333	13.287
14.1069853	13.288
14.12364718333333	13.287
14.139960283333336	13.288
14.156358049999996	13.288
14.172697399999999	13.289
14.189096349999998	13.289
14.205648033333334	13.289
14.221981266666669	13.29
14.238309450000001	13.29
14.25468625	13.291
14.271269600000002	13.292
14.287666133333333	13.293
14.304009616666667	13.293
14.320430933333332	13.294
14.336720283333333	13.294
14.353146833333335	13.294
14.369537166666666	13.294
14.386109933333332	13.294
14.402466616666667	13.294
14.418811016666664	13.294
14.435231233333331	13.294
14.451558683333333	13.295
14.468183666666667	13.296
14.48457485	13.297
14.500716716666668	13.297
14.5173185	13.298
14.533623966666669	13.298
14.549952666666664	13.299
14.566474399999999	13.3
14.582997066666666	13.302
14.599255833333332	13.302
14.615595949999998	13.302
14.632216733333332	13.301
14.648601833333332	13.302
14.6650251	13.303
14.681402883333332	13.304
14.6975849	13.305
14.714064666666664	13.305
14.730499133333334	13.305
14.746821766666669	13.306
14.763255849999998	13.307
14.779764933333334	13.307
14.796215383333331	13.306
14.812419966666669	13.306
14.829058950000002	13.306
14.845491366666666	13.307
14.861739216666669	13.307
14.878136833333334	13.308
14.894584166666666	13.309
14.911019666666666	13.309
14.927455816666667	13.31
14.943851216666667	13.311
14.96021238333333	13.311
14.976684216666667	13.311
14.99307715	13.311
15.009299783333331	13.312
15.025781966666665	13.312
15.0421681	13.314
15.058604483333331	13.315
15.074964450000001	13.316
15.091341966666667	13.316
15.107821550000002	13.317
15.124268216666666	13.318
15.1406939	13.318
15.157139533333334	13.318
15.173394699999998	13.318
15.189809766666668	13.317
15.206146033333335	13.317
15.222818516666665	13.316
15.239206366666666	13.317
15.25557	13.318
15.271993233333335	13.319
15.288230883333332	13.32
15.304739383333333	13.321
15.32124665	13.321
15.337426183333333	13.322
15.353987083333335	13.323
15.37027928333333	13.323
15.386701183333331	13.323
15.403142166666663	13.324
15.419571849999999	13.325
15.4360689	13.326
15.452279983333336	13.327
15.468749033333333	13.327
15.485239216666665	13.327
15.50167915	13.327
15.518049849999999	13.327
15.534397233333335	13.327
15.550895516666666	13.328
15.5673661	13.329
15.583706199999996	13.33
15.599951183333333	13.331
15.616340283333331	13.331
15.632843166666666	13.332
15.649299033333333	13.333
15.665782466666668	13.334
15.68198313333333	13.333
15.698428966666667	13.333
15.71482423333333	13.331
15.731167216666664	13.331
15.747781066666667	13.332
15.764148483333335	13.333
15.780498366666665	13.333
15.796856666666669	13.333
15.813247266666666	13.334
15.829693083333334	13.336
15.846120483333335	13.337
15.862485050000002	13.337
15.878859466666666	13.338
15.89547565	13.338
15.911830116666666	13.34
15.928252549999998	13.34
15.94459025	13.339
15.960903316666668	13.339
15.977303916666665	13.34
15.993688783333335	13.341
16.010140983333336	13.341
16.02647615	13.342
16.043107966666668	13.341
16.059486416666665	13.342
16.075832366666667	13.343
16.092194266666667	13.344
16.1085565	13.343
16.1251697	13.343
16.1413656	13.343
16.157863633333335	13.343
16.174260383333333	13.343
16.190680033333336	13.344
16.20703616666667	13.344
16.223464633333336	13.345
16.239890133333333	13.347
16.256313766666665	13.348
16.27270886666667	13.348
16.289115666666667	13.347
16.305523100000002	13.346
16.321891100000002	13.347
16.338234433333334	13.348
16.354811416666664	13.348
16.37124276666667	13.348
16.38758715	13.348
16.40399335	13.348
16.42038005	13.347
16.436780916666663	13.347
16.453325900000003	13.349
16.469574950000002	13.351
16.485963783333332	13.351
16.50236463333333	13.352
16.518721316666664	13.352
16.535153933333333	13.352
16.55175283333333	13.352
16.567910633333334	13.353
16.58429328333333	13.355
16.600940766666668	13.356
16.6172744	13.356
16.63364371666667	13.356
16.65021663333333	13.356
16.666576266666667	13.356
16.682976599999996	13.356
16.6992232	13.356
16.71556865	13.356
16.732252483333333	13.358
16.74846863333333	13.359
16.76490043333333	13.36
16.781477666666667	13.36
16.7976216	13.36
16.81400933333333	13.36
16.83065143333333	13.361
16.84685605	13.361
16.86321783333333	13.362
16.879858650000003	13.363
16.89621185	13.363
16.912663866666662	13.362
16.92898971666667	13.361
16.945399066666667	13.362
16.961761199999998	13.362
16.97835346666667	13.364
16.994697483333333	13.364
17.010992583333334	13.365
17.027337250000002	13.365
17.043700483333332	13.366
17.0603105	13.366
17.076720316666666	13.367
17.093082933333335	13.368
17.109445083333334	13.368
17.125899633333333	13.369
17.142235316666664	13.369
17.1586111	13.369
17.175031966666666	13.369
17.191386933333334	13.37
17.208004916666667	13.371
17.224425499999995	13.372
17.240595833333337	13.371
17.25726125	13.371
17.273655883333333	13.37
17.289853899999997	13.37
17.306185616666667	13.37
17.322782466666666	13.371
17.3391387	13.372
17.3555122	13.373
17.371872449999998	13.372
17.388274449999997	13.372
17.404837966666662	13.372
17.421186499999997	13.372
17.437550416666667	13.371
17.4539628	13.372
17.470380366666667	13.373
17.48673745	13.374
17.503132449999995	13.374
17.519530866666663	13.375
17.535919133333337	13.375
17.55250853333333	13.376
17.568849683333333	13.377
17.585222616666663	13.377
17.601542533333337	13.377
17.618163366666664	13.377
17.634521283333335	13.377
17.650876866666664	13.377
17.667282299999997	13.378
17.683625766666665	13.377
17.70008655	13.377
17.716488983333335	13.378
17.732838800000003	13.378
17.74920721666666	13.379
17.765683433333336	13.379
17.782057299999998	13.379
17.79839066666667	13.379
17.81499005	13.379
17.831397916666667	13.38
17.84775951666667	13.381
17.864124083333337	13.381
17.880505433333333	13.381
17.896892183333335	13.381
17.913312933333337	13.382
17.929716483333337	13.383
17.946082283333332	13.383
17.962468033333337	13.384
17.979077266666664	13.385
17.99541695	13.385
18.01172675	13.384
18.028136733333334	13.385
18.044507099999997	13.386
18.060879183333334	13.387
18.07744771666667	13.387
18.09387603333333	13.387
18.110279783333333	13.386
18.12651988333333	13.385
18.143130749999997	13.385
18.15950216666667	13.386
18.175838900000002	13.387
18.192212033333334	13.387
18.208596399999998	13.388
18.224955350000002	13.389
18.241573583333334	13.39
18.25787248333333	13.391
18.274234066666665	13.391
18.290833033333335	13.39
18.30719295	13.389
18.3235703	13.388
18.339942466666663	13.39
18.356353883333334	13.392
18.372756083333336	13.392
18.3890418	13.393
18.40542528333333	13.392
18.422018683333334	13.394
18.438427633333333	13.393
18.454802166666667	13.392
18.47119455	13.391
18.487530383333336	13.391
18.50392181666666	13.393
18.5203389	13.393
18.536675216666666	13.395
18.55328226666667	13.394
18.569632033333335	13.394
18.586056083333332	13.395
18.602474783333335	13.396
18.618785449999997	13.397
18.635192099999998	13.398
18.651618166666665	13.398
18.667969766666666	13.399
18.684361866666663	13.398
18.70095193333333	13.399
18.717300583333333	13.399
18.733710933333334	13.401
18.750123483333333	13.401
18.766497833333332	13.401
18.782783583333334	13.4
18.799223816666668	13.399
18.815685950000002	13.399
18.83203723333333	13.401
18.8484463	13.402
18.864847400000002	13.403
18.88127743333333	13.404
18.89768958333333	13.405
18.91408415	13.405
18.930678516666667	13.405
18.94699346666667	13.406
18.963337249999995	13.406
18.979867516666665	13.407
18.996135066666668	13.406
19.012552866666667	13.406
19.028984449999996	13.405
19.04548616666667	13.404
19.061830049999998	13.404
19.078191216666667	13.406
19.094540316666667	13.408
19.1109169	13.409
19.127496366666662	13.41
19.143811633333335	13.41
19.16023178333333	13.41
19.17665911666667	13.41
19.1930797	13.409
19.20940413333333	13.409
19.225803166666665	13.409
19.242419033333334	13.41
19.258618766666665	13.41
19.275221666666667	13.41
19.291404566666664	13.41
19.30808281666667	13.411
19.324222766666665	13.412
19.340663766666665	13.412
19.357267883333336	13.413
19.373669050000004	13.414
19.39002598333333	13.415
19.406425433333332	13.414
19.422805500000003	13.415
19.439183016666668	13.415
19.455559533333336	13.417
19.471975549999996	13.418
19.488335883333335	13.419
19.50475228333333	13.419
19.521105566666662	13.417
19.537743616666667	13.418
19.554123516666664	13.418
19.570481899999997	13.419
19.586893116666666	13.419
19.603271383333336	13.419
19.619686933333334	13.419
19.636038016666667	13.419
19.652391816666665	13.42
19.6688099	13.419
19.685431549999997	13.419
19.701808616666668	13.419
19.718134149999997	13.42
19.73454961666667	13.421
19.75097125	13.421
19.76730355	13.422
19.78370915	13.422
19.800065349999997	13.422
19.816699033333336	13.423
19.83304881666667	13.424
19.84941548333333	13.424
19.86576206666666	13.424
19.8821703	13.424
19.898623983333337	13.424
19.91513023333333	13.424
19.93144053333333	13.424
19.947825016666663	13.425
19.964185183333335	13.425
19.980548766666665	13.426
19.99695475	13.426
20.013365766666666	13.426
20.029953983333336	13.425
20.046306450000003	13.426
20.062801549999996	13.428
20.079138683333333	13.43
20.09550145	13.43
20.111828949999996	13.43
20.1284735	13.43
20.144629166666668	13.43
20.161108416666664	13.431
20.177523566666665	13.432
20.19385306666667	13.433
20.21026893333333	13.432
20.226865716666666	13.433
20.24326	13.433
20.259685483333328	13.435
20.27596188333333	13.435
20.292287	13.436
20.30891318333333	13.436
20.325260549999996	13.435
20.341503216666666	13.435
20.357925699999996	13.434
20.374324449999996	13.434
20.390985433333334	13.434
20.40713815	13.435
20.423597183333335	13.435
20.439972849999997	13.434
20.456580133333333	13.435
20.472740350000002	13.435
20.489422983333334	13.437
20.5056406	13.438
20.522107283333334	13.438
20.53857418333333	13.438
20.554988833333333	13.437
20.57140345	13.439
20.58777715	13.439
20.604222049999997	13.44
20.620687983333333	13.439
20.637100349999997	13.439
20.6535347	13.438
20.669760616666665	13.438
20.686169183333334	13.439
20.702531683333333	13.44
20.718989266666668	13.44
20.73547553333333	13.44
20.751871549999997	13.439
20.768180566666665	13.439
20.784561350000004	13.438
20.800966383333332	13.439
20.81750558333333	13.44
20.83403523333333	13.441
20.850233366666664	13.441
20.866808299999995	13.441
20.88322601666667	13.441
20.899539366666666	13.442
20.915994583333337	13.443
20.932412366666668	13.444
20.948827700000002	13.445
20.96517286666667	13.446
20.981633416666668	13.445
20.99788971666667	13.445
21.01451215	13.445
21.03091895	13.444
21.047297916666665	13.444
21.063647250000002	13.445
21.08003948333333	13.446
21.096504733333333	13.447
21.112905266666665	13.446
21.129332116666667	13.447
21.14577933333333	13.447
21.16212361666667	13.449
21.1785926	13.449
21.194937799999998	13.45
21.21133066666667	13.45
21.227684233333335	13.45
21.244036766666667	13.45
21.2606533	13.45
21.2770638	13.451
21.293458883333336	13.451
21.309817066666668	13.451
21.326163916666665	13.453
21.3427801	13.454
21.359151683333337	13.454
21.37545671666667	13.454
21.391798700000002	13.454
21.408182466666666	13.454
21.424798516666662	13.454
21.441141350000002	13.455
21.457536533333332	13.455
21.4738281	13.455
21.49021231666667	13.456
21.50660523333333	13.457
21.523231349999996	13.457
21.539619083333335	13.457
21.556022866666666	13.456
21.57240038333333	13.457
21.588813899999998	13.457
21.60514083333333	13.459
21.621594333333334	13.459
21.63800571666666	13.458
21.6544984	13.457
21.670843599999998	13.456
21.687251099999997	13.457
21.70375035	13.457
21.720189949999998	13.458
21.7365822	13.457
21.752975466666662	13.458
21.769267366666668	13.46
21.785706849999997	13.461
21.802088783333332	13.462
21.8186052	13.461
21.83499701666667	13.461
21.8513684	13.462
21.867724383333332	13.462
21.88409145	13.462
21.900534433333334	13.461
21.916905866666667	13.462
21.93328725	13.463
21.949676966666665	13.464
21.966347916666663	13.463
21.98274838333333	13.463
21.999120183333332	13.464
22.015472733333333	13.465
22.031870633333334	13.466
22.048248566666665	13.465
22.06463435	13.466
22.081021433333333	13.467
22.09743543333333	13.468
22.11398763333333	13.468
22.130391483333334	13.468
22.146789616666666	13.468
22.163155033333332	13.468
22.179523016666664	13.468
22.19589153333333	13.467
22.212295249999997	13.467
22.228732066666666	13.468
22.24518823333333	13.469
22.261544266666668	13.47
22.277896	13.469
22.294510983333332	13.469
22.310899316666664	13.468
22.327312633333335	13.471
22.343543699999998	13.47
22.360142033333332	13.47
22.37655805	13.466
22.39297225	13.459
22.409359133333332	13.459
22.425783600000003	13.467
22.442147616666666	13.479
22.458493333333337	13.485
22.474849999999996	13.481
22.4914493	13.477
22.507827716666668	13.475
22.52419976666667	13.474
22.54059305	13.475
22.55693276666667	13.475
22.5734231	13.475
22.5899121	13.475
22.606246666666664	13.475
22.622616783333335	13.475
22.638946950000005	13.475
22.655364149999997	13.476
22.67177301666667	13.478
22.688167683333333	13.479
22.704786666666664	13.479
22.721154300000002	13.476
22.737560066666667	13.475
22.75387778333333	13.476
22.770211349999997	13.477
22.786852566666667	13.478
22.80324315	13.479
22.819644483333335	13.479
22.836043466666666	13.479
22.85236761666667	13.48
22.868728016666665	13.48
22.885140200000002	13.48
22.901742149999997	13.479
22.918094599999996	13.478
22.934493116666665	13.48
22.9508742	13.481
22.967237883333333	13.482
22.98362648333333	13.482
23.00003425	13.481
23.016408716666668	13.48
23.032804783333333	13.48
23.049180266666667	13.481
23.0658009	13.482
23.082192783333333	13.482
23.098626449999998	13.483
23.114972233333333	13.483
23.131373283333332	13.484
23.14771496666667	13.483
23.16410365	13.483
23.18044881666667	13.483
23.197122883333336	13.484
23.2134796	13.484
23.2298301	13.484
23.24632211666667	13.484
23.26271083333333	13.484
23.279123416666664	13.484
23.295523799999998	13.485
23.311889049999998	13.485
23.32826276666667	13.486
23.3446893	13.486
23.361127016666664	13.485
23.377487916666666	13.485
23.39407943333333	13.486
23.410247183333333	13.487
23.42681423333333	13.487
23.443173033333338	13.488
23.459516999999998	13.489
23.476011433333333	13.489
23.492391983333334	13.489
23.508697849999997	13.488
23.5252659	13.488
23.54164613333333	13.488
23.55802796666667	13.49
23.574393433333334	13.491
23.590716116666663	13.491
23.60722941666667	13.492
23.62355445	13.492
23.64019225	13.494
23.65654021666667	13.493
23.672894866666667	13.493
23.68929765	13.493
23.705650383333335	13.493
23.72209938333333	13.492
23.738519599999997	13.492
23.754912500000003	13.492
23.771311066666662	13.493
23.78770001666667	13.493
23.80414388333333	13.494
23.820494683333337	13.494
23.837101466666667	13.495
23.853503449999998	13.495
23.86988231666667	13.496
23.88617513333333	13.496
23.902760183333328	13.496
23.9189108	13.496
23.935594933333334	13.496
23.951981583333335	13.496
23.968365283333334	13.497
23.9847295	13.498
24.001111949999995	13.498
24.0174565	13.498
24.033914850000002	13.498
24.05023658333333	13.499
24.06683293333333	13.499
24.083168433333334	13.499
24.099639749999994	13.5
24.116051499999998	13.501
24.132472883333335	13.502
24.148836433333337	13.501
24.165201850000003	13.5
24.18165908333333	13.501
24.198025433333328	13.501
24.214286583333333	13.501
24.2307317	13.501
24.24713906666667	13.501
24.263639599999998	13.501
24.280163683333335	13.501
24.29653378333333	13.501
24.312931533333334	13.501
24.329238366666665	13.501
24.345754	13.501
24.362178416666666	13.502
24.37838385	13.502
24.395003566666666	13.501
24.411410483333334	13.501
24.427634983333334	13.501
24.444107716666664	13.503
24.46063625	13.504
24.477022283333334	13.505
24.4934187	13.505
24.5097898	13.504
24.526201866666668	13.504
24.5425824	13.504
24.559041549999996	13.505
24.575561333333333	13.505
24.591725883333332	13.506
24.608191050000002	13.507
24.62465615	13.508
24.64110446666666	13.507
24.657573233333338	13.508
24.673979583333335	13.51
24.69025536666667	13.511
24.706722366666668	13.51
24.723187833333334	13.509
24.739615166666667	13.509
24.756054383333336	13.509
24.772505716666664	13.509
24.78873768333333	13.509
24.80516201666667	13.51
24.82152635	13.511
24.837860383333336	13.512
24.854510499999996	13.512
24.870872049999996	13.512
24.887319366666667	13.512
24.903727250000003	13.512
24.919938799999997	13.513
24.9364395	13.513
24.952806583333334	13.514
24.969279616666668	13.514
24.985719216666666	13.514
25.002231466666665	13.513
25.018414533333328	13.514
25.034966349999998	13.515
25.051408949999995	13.516
25.067784433333337	13.516
25.084193616666667	13.517
25.100640249999998	13.518
25.116866583333334	13.516
25.133541633333337	13.516
25.14977315	13.515
25.166238433333334	13.515
25.182601566666662	13.516
25.198933966666665	13.516
25.215302199999996	13.516
25.2319497	13.516
25.248151299999996	13.516
25.264755616666662	13.516
25.28116838333333	13.517
25.297571816666668	13.518
25.313960466666664	13.518
25.330430216666663	13.519
25.346693666666667	13.519
25.363113416666664	13.519
25.379418066666666	13.519
25.39590845	13.519
25.41239375	13.519
25.428878583333336	13.519
25.445109099999996	13.52
25.461543749999997	13.52
25.477973066666664	13.52
25.494466966666664	13.518
25.51097253333333	13.519
25.527126366666664	13.518
25.543542799999997	13.519
25.560051299999998	13.519
25.57642475	13.52
25.592958433333337	13.519
25.609317466666667	13.519
25.625770449999997	13.519
25.6421463	13.521
25.658492016666663	13.521
25.674908600000002	13.522
25.691441283333333	13.521
25.707758166666665	13.523
25.724120566666663	13.523
25.74048238333333	13.524
25.757042783333333	13.524
25.773472249999998	13.524
25.78983578333333	13.523
25.80619445	13.524
25.822609666666665	13.525
25.839045533333334	13.526
25.855563433333337	13.526
25.87180958333333	13.527
25.88817145	13.527
25.90477575	13.528
25.92092841666667	13.528
25.937461633333328	13.528
25.953962866666664	13.528
25.9701472	13.528
25.986824316666663	13.53
26.00304013333333	13.53
26.019468333333336	13.53
26.035952316666666	13.529
26.05241245	13.53
26.068791483333335	13.53
26.085027033333333	13.531
26.101628249999997	13.532
26.118019499999996	13.532
26.134329533333336	13.533
26.15083965	13.533
26.167282466666663	13.532
26.183467083333333	13.532
26.200118966666665	13.531
26.216337083333336	13.531
26.232845883333333	13.531
26.249264000000004	13.532
26.265714233333334	13.533
26.282173550000003	13.534
26.298569983333337	13.533
26.314956816666665	13.533
26.331393766666665	13.533
26.347631	13.535
26.36411495	13.536
26.380622983333332	13.535
26.397012433333337	13.535
26.413392299999998	13.533
26.429615983333335	13.533
26.446311949999995	13.532
26.462684449999998	13.533
26.479120233333333	13.534
26.49529343333333	13.536
26.511787766666664	13.536
26.528259183333333	13.536
26.544698150000002	13.537
26.560889983333333	13.537
26.57759646666667	13.537
26.593775233333332	13.538
26.61014671666667	13.539
26.626623799999997	13.538
26.643015649999995	13.538
26.65949333333333	13.538
26.67586203333333	13.539
26.692327283333334	13.539
26.708684366666667	13.54
26.725082799999996	13.54
26.741524783333332	13.54
26.757852266666667	13.54
26.774214	13.54
26.79060296666667	13.54
26.807209550000003	13.539
26.823650299999997	13.538
26.839966216666667	13.538
26.856326433333336	13.539
26.872719966666665	13.54
26.889151766666664	13.54
26.905622183333335	13.541
26.921942033333337	13.541
26.938555666666666	13.541
26.9546864	13.541
26.97116076666667	13.539
26.987753249999997	13.536
27.004135616666666	13.537
27.020522883333335	13.541
27.036931666666668	13.544
27.053382749999997	13.543
27.06957441666667	13.541
27.08600081666667	13.541
27.1026028	13.543
27.1190062	13.543
27.135350466666665	13.542
27.1517147	13.542
27.16811645	13.543
27.184687966666672	13.545
27.2010925	13.546
27.21748171666667	13.546
27.2338922	13.545
27.250233883333337	13.545
27.266669	13.545
27.283134150000002	13.546
27.29932971666667	13.546
27.315957216666668	13.545
27.332305716666667	13.545
27.34850013333334	13.545
27.365118199999998	13.545
27.381331666666668	13.546
27.397939183333335	13.546
27.414329916666667	13.547
27.43068591666667	13.547
27.447051800000004	13.547
27.46341161666667	13.548
27.479769383333334	13.549
27.496402116666665	13.549
27.51278048333333	13.548
27.529151233333337	13.547
27.545544300000003	13.548
27.561856516666666	13.55
27.57845088333334	13.551
27.594803033333335	13.551
27.611248350000004	13.55
27.627695883333338	13.55
27.6438907	13.551
27.660316450000003	13.551
27.67695653333334	13.551
27.693316966666664	13.551
27.709718683333335	13.552
27.72611531666667	13.553
27.742428966666665	13.552
27.75879056666667	13.551
27.77520391666667	13.55
27.79161918333334	13.551
27.808012483333336	13.551
27.82442245	13.552
27.841024750000003	13.552
27.857374066666665	13.552
27.873623633333338	13.553
27.890256916666665	13.554
27.90655111666667	13.555
27.922858716666667	13.556
27.93924606666667	13.555
27.955852416666673	13.555
27.972271883333335	13.555
27.9886196	13.555
28.0049463	13.555
28.021375966666668	13.554
28.037723033333336	13.555
28.0540783	13.555
28.070653550000003	13.556
28.08705033333333	13.556
28.103422416666668	13.555
28.119831033333334	13.555
28.136228666666668	13.555
28.15256516666667	13.556
28.16920185	13.557
28.185422116666665	13.558
28.20183348333333	13.558
28.21819633333333	13.558
28.234552083333334	13.558
28.251152233333336	13.559
28.267500866666666	13.559
28.283877600000004	13.56
28.300437816666665	13.56
28.316761149999998	13.56
28.33314751666667	13.559
28.349597666666668	13.558
28.365984033333334	13.558
28.38238918333333	13.559
28.398745616666666	13.56
28.415313850000004	13.56
28.43169258333333	13.56
28.448083866666664	13.56
28.464390783333336	13.561
28.480764900000004	13.56
28.497157299999998	13.561
28.513784816666664	13.561
28.53013478333333	13.563
28.54646301666667	13.563
28.562919533333336	13.564
28.579292200000005	13.564
28.5956611	13.563
28.612072266666665	13.561
28.628469066666668	13.562
28.644830850000005	13.562
28.661434533333335	13.563
28.677829316666667	13.562
28.694207833333337	13.563
28.710549683333333	13.563
28.727110866666663	13.563
28.743453100000004	13.563
28.759840533333332	13.562
28.776213166666665	13.563
28.792642333333333	13.564
28.80901875	13.565
28.82538995	13.565
28.841719383333334	13.566
28.858089383333336	13.565
28.87450116666667	13.565
28.890884616666668	13.565
28.90753896666667	13.565
28.923887550000003	13.566
28.94032945	13.565
28.956701533333337	13.565
28.973088266666664	13.566
28.98939455	13.566
29.005998183333332	13.567
29.02216048333333	13.567
29.038731250000005	13.569
29.055061200000004	13.569
29.07145261666667	13.569
29.087852633333334	13.568
29.10444281666667	13.569
29.120745433333333	13.569
29.1370931	13.569
29.153672066666665	13.568
29.170027216666668	13.568
29.186419700000002	13.569
29.202778950000003	13.57
29.219132666666667	13.57
29.235532750000004	13.571
29.25194916666667	13.571
29.268345100000005	13.571
29.284747133333333	13.571
29.3013197	13.572
29.31764413333334	13.571
29.334092283333334	13.572
29.350431850000007	13.572
29.366742799999997	13.573
29.383329033333332	13.574
29.399671866666672	13.574
29.416036050000002	13.574
29.432348816666668	13.574
29.44894733333333	13.573
29.465270916666668	13.574
29.481671350000006	13.575
29.49804315	13.577
29.514552950000002	13.577
29.53089655000001	13.576
29.547295650000002	13.576
29.56366101666667	13.576
29.580318183333333	13.577
29.59659475	13.576
29.612897483333334	13.576
29.629494649999998	13.576
29.645767683333332	13.578
29.66218828333333	13.577
29.67852945	13.578
29.69488231666667	13.577
29.711379700000002	13.578
29.727750216666664	13.578
29.744102950000006	13.578
29.760678666666664	13.578
29.777074783333333	13.577
29.793446949999996	13.576
29.809875600000005	13.576
29.826279399999997	13.578
29.842850133333336	13.578
29.859180416666668	13.58
29.875483716666672	13.58
29.891853733333335	13.581
29.908435000000004	13.58
29.924802750000005	13.581
29.941096200000004	13.581
29.95750746666667	13.582
29.9738714	13.583
29.99041676666667	13.583
30.00676716666667	13.582
30.023309966666673	13.581
30.03967255	13.582
30.05603706666667	13.583
30.072366516666662	13.583
30.08900293333334	13.583
30.105362516666666	13.583
30.12170115	13.583
30.138056433333333	13.583
30.15438926666667	13.583
30.170778300000002	13.582
30.187190299999997	13.581
30.20376531666667	13.581
30.220083983333332	13.58
30.23653635	13.581
30.252921883333336	13.582
30.269287533333333	13.582
30.2856571	13.583
30.3023039	13.582
30.31862301666667	13.582
30.3349439	13.583
30.351316366666666	13.584
30.367737000000005	13.584
30.38410065	13.584
30.400551400000005	13.584
30.41714743333334	13.584
30.433553950000004	13.584
30.44994368333333	13.584
30.466306116666672	13.584
30.48263318333334	13.585
30.498964283333336	13.586
30.515607950000003	13.587
30.53200386666667	13.587
30.54821006666667	13.587
30.564735133333336	13.588
30.581091533333336	13.589
30.597527616666667	13.589
30.613905116666672	13.589
30.630451233333332	13.588
30.646837866666672	13.588
30.663109883333334	13.589
30.67963015	13.591
30.69594671666667	13.592
30.71249958333334	13.592
30.7288561	13.592
30.74518461666667	13.592
30.761577699999997	13.593
30.778162633333338	13.592
30.794528650000004	13.591
30.810889116666665	13.59
30.827268783333338	13.59
30.843642783333337	13.591
30.86002693333333	13.592
30.876407783333335	13.593
30.892787466666668	13.593
30.909430316666665	13.593
30.92576636666667	13.592
30.9421545	13.593
30.95852826666667	13.593
30.97494295	13.595
30.991326899999997	13.595
31.00790468333333	13.595
31.02427213333334	13.595
31.040649799999997	13.595
31.056978550000004	13.594
31.073317266666663	13.594
31.089909383333335	13.594
31.106303949999997	13.594
31.122657466666674	13.594
31.138994683333337	13.594
31.155364283333334	13.596
31.17172346666667	13.597
31.188260866666667	13.598
31.204670800000002	13.597
31.221015166666668	13.598
31.237386883333336	13.598
31.253857583333335	13.598
31.270247349999998	13.596
31.286802766666668	13.595
31.303185866666666	13.597
31.319587499999997	13.598
31.335933283333333	13.599
31.352252016666668	13.598
31.368633700000004	13.598
31.385198316666667	13.597
31.40162433333333	13.597
31.418038050000007	13.597
31.43422203333334	13.596
31.45067305	13.596
31.467178266666664	13.597
31.4835292	13.597
31.500087950000008	13.597
31.51644245	13.598
31.532797283333338	13.598
31.549225416666665	13.599
31.56560736666667	13.599
31.582058149999995	13.599
31.598443350000004	13.599
31.614829650000004	13.6
31.63122668333333	13.6
31.64754681666667	13.601
31.663933750000005	13.601
31.680575683333338	13.601
31.696930266666662	13.601
31.713188583333334	13.602
31.72966505	13.603
31.74596951666667	13.604
31.762403016666667	13.603
31.778891633333338	13.602
31.795355299999997	13.602
31.811805283333335	13.603
31.828139000000007	13.604
31.844581583333337	13.605
31.861109483333337	13.604
31.877478966666665	13.604
31.893833299999997	13.604
31.910278883333334	13.603
31.92651981666667	13.603
31.94298913333334	13.603
31.959544450000003	13.604
31.97576096666667	13.603
31.992242866666672	13.603
32.00859315	13.603
32.024916233333336	13.604
32.04142503333333	13.605
32.05779651666667	13.605
32.0741961	13.605
32.090569433333336	13.605
32.10718601666667	13.607
32.123591483333335	13.607
32.13993828333333	13.609
32.15625731666667	13.609
32.17261065	13.609
32.1889969	13.608
32.20544435	13.607
32.22207231666666	13.607
32.2382684	13.608
32.25487686666667	13.607
32.27128536666667	13.607
32.28763991666666	13.607
32.304021516666666	13.607
32.32032941666667	13.608
32.33680456666667	13.609
32.353133650000004	13.609
32.36947983333334	13.609
32.386136183333335	13.609
32.40252923333333	13.61
32.41889621666667	13.61
32.4352672	13.61
32.45165451666667	13.61
32.46799191666667	13.61
32.484438383333334	13.611
32.50081411666667	13.612
32.51744655	13.612
32.533762616666664	13.611
32.55009745	13.611
32.5665116	13.611
32.58287438333333	13.612
32.599494066666665	13.612
32.615855200000006	13.612
32.63221265	13.612
32.64861388333334	13.612
32.66502478333334	13.611
32.6814741	13.611
32.69785796666667	13.612
32.71425786666667	13.613
32.73060088333334	13.614
32.74700548333334	13.614
32.76333051666666	13.613
32.77987601666667	13.613
32.796164516666664	13.612
32.81250626666667	13.611
32.82912786666667	13.611
32.8454886	13.611
32.86181378333333	13.613
32.87836206666667	13.613
32.894758216666666	13.613
32.91109323333333	13.612
32.92740848333334	13.613
32.9440041	13.615
32.9603338	13.616
32.976687999999996	13.617
32.993077883333335	13.615
33.00970025	13.616
33.026003683333336	13.615
33.042342133333335	13.616
33.058669200000004	13.616
33.07526815000001	13.617
33.09153111666667	13.616
33.10788121666667	13.617
33.12430326666667	13.616
33.1408957	13.617
33.15730566666667	13.618
33.173506966666665	13.618
33.19019406666666	13.618
33.20637416666667	13.618
33.22276588333334	13.619
33.23918450000001	13.618
33.25553486666667	13.618
33.272212716666665	13.617
33.2883765	13.618
33.304955650000004	13.618
33.32131805	13.619
33.33770148333333	13.619
33.3540873	13.62
33.370456133333334	13.621
33.38686353333333	13.621
33.40321006666667	13.621
33.41982435	13.62
33.436217316666664	13.62
33.45256513333333	13.621
33.46888251666667	13.622
33.48544356666667	13.622
33.50180071666667	13.622
33.51820943333333	13.622
33.534571533333335	13.623
33.550911633333335	13.621
33.567511116666665	13.621
33.583869400000005	13.621
33.60026546666666	13.622
33.616625133333336	13.623
33.633031083333336	13.623
33.64936685	13.623
33.666031933333336	13.624
33.68219125	13.624
33.698659016666674	13.625
33.71508263333334	13.625
33.731458849999996	13.625
33.747825150000004	13.625
33.76447041666667	13.625
33.7806167	13.625
33.79722316666666	13.626
33.813585350000004	13.626
33.82991841666667	13.627
33.84627448333333	13.627
33.8629077	13.627
33.87925211666666	13.627
33.89560795	13.626
33.911986033333335	13.626
33.92841056666667	13.626
33.94480235	13.626
33.96116068333333	13.627
33.97776455	13.627
33.994154116666664	13.627
34.01054105	13.628
34.02691135	13.628
34.043303300000005	13.628
34.059754033333334	13.628
34.076075233333334	13.626
34.09241578333333	13.627
34.10896448333333	13.626
34.12524048333333	13.626
34.14176728333334	13.627
34.15813036666667	13.628
34.174466683333335	13.628
34.191027383333335	13.629
34.20725865	13.629
34.22363171666667	13.628
34.24027946666667	13.628
34.256652216666666	13.627
34.272957383333335	13.627
34.28936421666667	13.628
34.30575568333334	13.63
34.32214715	13.631
34.338518433333334	13.631
34.3549251	13.632
34.37155586666667	13.632
34.38787471666667	13.634
34.40429276666667	13.634
34.4207083	13.635
34.437078883333335	13.634
34.45344708333334	13.634
34.469793800000005	13.634
34.486448683333336	13.633
34.50283145	13.633
34.519002533333335	13.634
34.535690466666665	13.634
34.55209588333333	13.633
34.56845956666667	13.633
34.58483115	13.633
34.601226233333335	13.634
34.617591700000006	13.633
34.6339749	13.633
34.65038091666667	13.632
34.6669835	13.633
34.6831242	13.633
34.69978886666667	13.634
34.715968100000005	13.634
34.7325763	13.635
34.74891541666667	13.635
34.76525133333334	13.634
34.78184291666667	13.634
34.79821091666667	13.634
34.81453773333334	13.634
34.83089641666666	13.634
34.84722661666667	13.636
34.86387713333334	13.637
34.88026515	13.636
34.89660008333334	13.637
34.913017266666664	13.637
34.929297516666665	13.637
34.94587016666667	13.634
34.96219168333334	13.635
34.978614283333336	13.635
34.99495285	13.636
35.0115221	13.636
35.02786438333334	13.635
35.044184800000004	13.634
35.06078350000001	13.634
35.07715588333333	13.636
35.0935391	13.637
35.109913066666664	13.637
35.126251	13.638
35.14259783333334	13.638
35.15923691666667	13.638
35.1755409	13.639
35.19192013333333	13.639
35.20829855	13.639
35.22469655	13.638
35.24130413333333	13.638
35.2576965	13.638
35.27403315	13.639
35.29049010000001	13.639
35.30684265	13.639
35.32314795	13.638
35.33958416666667	13.637
35.35603316666666	13.638
35.372446483333334	13.639
35.38887185	13.64
35.40529135	13.639
35.4216152	13.639
35.437960100000005	13.639
35.45444548333333	13.641
35.4709468	13.641
35.48740096666667	13.641
35.503786350000006	13.641
35.520170633333336	13.641
35.536580433333334	13.641
35.55295998333334	13.642
35.569320450000006	13.643
35.5857425	13.644
35.6021078	13.645
35.61851561666667	13.645
35.634904350000006	13.645
35.65156991666667	13.643
35.6679312	13.643
35.68423966666667	13.643
35.70063605000001	13.643
35.71709306666667	13.642
35.73353423333333	13.643
35.74996493333333	13.644
35.766286683333334	13.645
35.782690683333335	13.645
35.799052216666674	13.646
35.8155247	13.646
35.831885633333336	13.646
35.84844995	13.646
35.86478726666667	13.647
35.881290066666665	13.648
35.89749845	13.648
35.913943583333335	13.648
35.93040076666667	13.647
35.94686443333333	13.647
35.96310826666667	13.648
35.97976586666667	13.649
35.99604188333333	13.649
36.012539816666674	13.65
36.029020583333335	13.649
36.04525506666666	13.649
36.0617751	13.648
36.07820385	13.648
36.09447681666666	13.647
36.110992249999995	13.647
36.12728485	13.647
36.143760783333335	13.648
36.16019858333333	13.65
36.176656699999995	13.65
36.19311015	13.65
36.20932453333333	13.649
36.225739716666666	13.649
36.24226491666667	13.649
36.25869736666667	13.65
36.27516156666667	13.651
36.2914559	13.651
36.30789776666666	13.653
36.324243616666664	13.653
36.340666283333334	13.653
36.35704093333333	13.652
36.37354716666667	13.653
36.38980721666667	13.652
36.406307	13.653
36.42281441666667	13.652
36.43905813333333	13.652
36.45557091666667	13.652
36.47209298333333	13.653
36.48838153333334	13.653
36.504839749999995	13.654
36.52121448333333	13.654
36.537583049999995	13.655
36.553986800000004	13.654
36.570443850000004	13.654
36.586935483333335	13.654
36.60339006666666	13.655
36.61958391666667	13.654
36.6359719	13.654
36.652426383333335	13.653
36.66901503333334	13.653
36.68527003333334	13.654
36.70176083333333	13.654
36.71818178333333	13.654
36.73448705	13.654
36.75106263333333	13.654
36.76742058333333	13.654
36.783809833333336	13.655
36.80025135	13.656
36.8166575	13.657
36.83299836666667	13.657
36.84939205	13.657
36.865850216666665	13.656
36.88216231666667	13.657
36.89878098333334	13.657
36.9151304	13.658
36.93144566666667	13.658
36.94802185	13.657
36.9641675	13.657
36.98071065	13.656
36.997068383333335	13.657
37.01346306666667	13.658
37.02987533333334	13.659
37.04626895	13.659
37.062675633333335	13.659
37.079060283333334	13.659
37.095448966666666	13.657
37.112093533333336	13.658
37.128485383333334	13.658
37.144839450000006	13.66
37.16121151666667	13.66
37.177682600000004	13.66
37.194129583333336	13.66
37.210363466666664	13.659
37.226998116666664	13.659
37.24326136666667	13.659
37.25959841666667	13.659
37.2761346	13.659
37.292374450000004	13.66
37.30880691666667	13.661
37.32534163333333	13.661
37.34174831666667	13.661
37.35822161666667	13.66
37.37465648333334	13.661
37.390845399999996	13.661
37.40727948333333	13.661
37.42372873333334	13.661
37.44015856666667	13.661
37.456536766666666	13.661
37.47293238333334	13.662
37.489353783333335	13.662
37.50586831666667	13.662
37.5223168	13.662
37.53856676666667	13.662
37.55505933333333	13.662
37.571521383333334	13.662
37.58792833333334	13.662
37.60424153333334	13.664
37.620808233333335	13.665
37.63719078333334	13.665
37.65346506666667	13.664
37.67004171666667	13.664
37.686320183333336	13.665
37.702706316666664	13.665
37.71908736666667	13.664
37.73572251666667	13.665
37.751892	13.666
37.7683485	13.667
37.78492766666667	13.668
37.80129095	13.668
37.81769225	13.668
37.8341153	13.668
37.85049268333333	13.668
37.86683888333334	13.668
37.88322456666667	13.667
37.89962671666667	13.667
37.916006816666666	13.666
37.93243265	13.667
37.94898353333333	13.667
37.965350416666666	13.668
37.98171838333334	13.668
37.99812536666667	13.668
38.01446046666667	13.667
38.03085648333333	13.668
38.04726003333334	13.668
38.063897516666664	13.667
38.080189483333335	13.668
38.09658218333333	13.669
38.113025183333335	13.67
38.12941635	13.669
38.145754600000004	13.669
38.16211531666667	13.67
38.178605250000004	13.669
38.1949679	13.67
38.21134061666667	13.67
38.227932816666666	13.671
38.244222900000004	13.669
38.26061563333334	13.669
38.27703103333334	13.669
38.2933808	13.671
38.31008475	13.67
38.32624056666667	13.669
38.342680066666674	13.669
38.35908795	13.67
38.375489933333334	13.671
38.39210873333333	13.671
38.40845201666667	13.671
38.42481588333334	13.67
38.4412556	13.669
38.45767626666667	13.67
38.474161433333336	13.67
38.4904384	13.671
38.50682808333334	13.67
38.52317481666667	13.671
38.53955995	13.671
38.5561476	13.672
38.57245136666666	13.672
38.5888137	13.672
38.60546093333333	13.672
38.62182713333333	13.672
38.63817425	13.672
38.65455545	13.673
38.670917700000004	13.672
38.68728963333333	13.673
38.703661233333335	13.673
38.72032118333333	13.673
38.736538816666666	13.673
38.75291405	13.673
38.769551400000005	13.674
38.7859424	13.674
38.80231441666667	13.673
38.81873506666667	13.673
38.835076283333336	13.672
38.851540416666666	13.673
38.86790143333334	13.673
38.884297950000004	13.674
38.90068695	13.675
38.91703433333333	13.675
38.9334532	13.674
38.94980015	13.674
38.96643466666667	13.674
38.98276618333334	13.675
38.99907928333334	13.677
39.01549743333334	13.677
39.031863316666666	13.677
39.04847741666667	13.677
39.0648154	13.677
39.08128238333334	13.678
39.0976664	13.679
39.11403561666667	13.679
39.130393649999995	13.678
39.146766299999996	13.677
39.163165266666674	13.677
39.1798165	13.679
39.19616551666667	13.68
39.2125627	13.68
39.229046483333335	13.68
39.24520056666667	13.679
39.2616316	13.68
39.27799725	13.68
39.29442026666666	13.68
39.31106973333334	13.681
39.3274692	13.68
39.34375756666667	13.681
39.360144383333335	13.682
39.37646881666667	13.682
39.39314413333334	13.681
39.4094268	13.68
39.42582925	13.68
39.442222083333334	13.68
39.45851671666667	13.681
39.47513895	13.681
39.49154106666667	13.682
39.50792716666667	13.682
39.524341400000004	13.681
39.54072151666667	13.681
39.55719145	13.681
39.573524283333334	13.681
39.58998063333333	13.682
39.606309483333334	13.681
39.6227185	13.681
39.63910335	13.682
39.65562161666667	13.683
39.671993	13.683
39.68828835	13.682
39.70464653333334	13.682
39.7212588	13.683
39.73766583333334	13.684
39.75405225	13.685
39.77038855	13.685
39.786790800000006	13.685
39.80318976666667	13.684
39.81976818333334	13.684
39.836117800000004	13.685
39.85249148333333	13.687
39.86886943333333	13.686
39.885293700000005	13.686
39.90163016666667	13.685
39.918002900000005	13.686
39.934485233333334	13.686
39.951039050000006	13.687
39.96744253333333	13.687
39.983819600000004	13.686
40.00017261666667	13.686
40.01659856666667	13.687
40.03300086666667	13.687
40.04935945	13.686
40.065733433333335	13.687
40.082067716666664	13.688
40.098720650000004	13.688
40.115107566666666	13.688
40.13141725	13.687
40.1478083	13.688
40.16414425	13.688
40.18075495	13.689
40.19709923333333	13.688
40.21347873333333	13.69
40.229836416666664	13.691
40.24622373333334	13.691
40.26259028333333	13.691
40.2792024	13.69
40.295571233333334	13.691
40.31193391666667	13.691
40.32829233333334	13.692
40.34490831666667	13.691
40.36124406666667	13.69
40.37761571666667	13.689
40.39402561666667	13.689
40.410358583333334	13.691
40.426799333333335	13.691
40.44322785	13.691
40.4596311	13.691
40.476030466666664	13.691
40.49240925	13.69
40.50877488333333	13.691
40.52535278333333	13.691
40.54172051666667	13.692
40.558101283333336	13.692
40.57442566666667	13.693
40.59097516666667	13.692
40.60721026666667	13.693
40.623677183333335	13.693
40.64018261666667	13.693
40.656636750000004	13.692
40.673094383333336	13.692
40.68936265	13.691
40.70589258333334	13.692
40.7224899	13.693
40.73857675	13.693
40.755184783333334	13.693
40.771522966666666	13.692
40.78792773333333	13.693
40.8042901	13.693
40.8206039	13.692
40.837177800000006	13.693
40.853560466666664	13.693
40.869875400000005	13.694
40.88623975	13.694
40.90269851666667	13.695
40.919292716666675	13.694
40.935670550000005	13.693
40.95181971666667	13.692
40.96824736666667	13.692
40.984676283333336	13.691
41.00111021666667	13.692
41.017548733333335	13.692
41.03402795	13.693
41.05040601666667	13.692
41.06681308333334	13.692
41.08317371666667	13.692
41.099705433333334	13.694
41.11591971666667	13.694
41.132423683333336	13.695
41.14885855	13.694
41.165232583333335	13.693
41.18159146666667	13.693
41.198148833333335	13.695
41.214503916666665	13.696
41.23093418333334	13.697
41.24717205	13.696
41.2638426	13.696
41.28020405	13.696
41.29644141666667	13.696
41.312889766666665	13.697
41.32932838333334	13.698
41.3457959	13.698
41.36219235	13.698
41.3786185	13.698
41.39507403333334	13.698
41.411474483333336	13.698
41.42785358333333	13.698
41.44432846666667	13.699
41.46073573333333	13.699
41.47716825	13.7
41.493326350000004	13.702
41.50982446666667	13.702
41.52630391666667	13.702
41.54274018333333	13.7
41.55915868333334	13.7
41.575564633333336	13.7
41.59201111666666	13.7
41.60824971666667	13.7
41.624692933333336	13.7
41.64111971666667	13.701
41.657602233333336	13.701
41.67397566666667	13.702
41.69042243333333	13.701
41.70679865	13.702
41.72319985	13.704
41.73956531666667	13.705
41.75604308333333	13.705
41.77246686666667	13.703
41.78884175	13.703
41.80535295	13.703
41.82175426666667	13.705
41.83820498333334	13.705
41.854602549999996	13.705
41.870881450000006	13.704
41.887372516666666	13.704
41.903601683333335	13.706
41.92008036666667	13.706
41.93652553333333	13.706
41.95291173333334	13.705
41.96942408333334	13.706
41.985899333333336	13.706
42.002093566666666	13.706
42.01862858333333	13.705
42.03499911666667	13.706
42.0513363	13.706
42.0678116	13.706
42.08422803333334	13.706
42.10063628333333	13.706
42.117133700000004	13.707
42.1335375	13.707
42.14975656666667	13.707
42.16619738333333	13.706
42.18263433333333	13.706
42.19906923333333	13.705
42.2155825	13.706
42.231977183333335	13.707
42.24845456666667	13.707
42.26485545	13.707
42.2812322	13.707
42.297633350000005	13.707
42.31404886666667	13.708
42.33041846666667	13.709
42.34685796666667	13.709
42.363074250000004	13.709
42.3795295	13.709
42.39611433333334	13.709
42.41252633333334	13.71
42.4289292	13.709
42.445327	13.709
42.461805766666664	13.709
42.478014466666664	13.709
42.49442355000001	13.71
42.510856600000004	13.71
42.52732975	13.709
42.54381303333333	13.709
42.5601653	13.709
42.57656313333334	13.709
42.592984050000005	13.71
42.60949196666667	13.711
42.62568485	13.711
42.64214896666667	13.711
42.65857351666667	13.711
42.67495996666667	13.711
42.69157406666667	13.711
42.7077362	13.711
42.72423	13.712
42.7406166	13.712
42.75706111666667	13.713
42.7735616	13.713
42.78982931666667	13.713
42.8062175	13.713
42.82274756666666	13.712
42.83922963333334	13.712
42.85566435	13.711
42.872007133333334	13.712
42.88826971666667	13.712
42.90468368333333	13.712
42.92114408333334	13.711
42.93766875	13.712
42.95387595	13.712
42.97032801666667	13.714
42.986939383333336	13.714
43.00333315	13.714
43.01975813333333	13.715
43.03605166666667	13.715
43.052530000000004	13.715
43.06897625	13.715
43.085144050000004	13.715
43.10176383333334	13.715
43.1180047	13.716
43.13461863333334	13.716
43.15099098333334	13.717
43.16734781666667	13.717
43.183693866666665	13.717
43.20007723333333	13.717
43.2164647	13.717
43.23310368333334	13.718
43.249480250000005	13.718
43.26582508333333	13.719
43.28220948333333	13.719
43.29859516666667	13.719
43.31494513333334	13.719
43.33153573333333	13.719
43.347894933333336	13.72
43.36438355000001	13.719
43.38060531666667	13.719
43.397001816666666	13.718
43.413453516666664	13.719
43.430027083333336	13.719
43.44642363333333	13.719
43.46282333333334	13.72
43.4791894	13.719
43.495577383333334	13.718
43.51194551666667	13.717
43.52832178333333	13.718
43.544775566666665	13.718
43.56126868333333	13.718
43.57758605	13.718
43.5940346	13.719
43.610444083333334	13.719
43.62683620000001	13.718
43.64321181666667	13.718
43.65955033333333	13.719
43.67613421666667	13.719
43.69252458333334	13.719
43.70890011666667	13.719
43.72530336666667	13.721
43.741637116666666	13.721
43.75800983333334	13.72
43.774539833333336	13.72
43.791028716666666	13.719
43.8073872	13.719
43.823837133333335	13.719
43.840261000000005	13.72
43.85665395	13.721
43.87313941666667	13.722
43.889519633333336	13.722
43.905685416666664	13.723
43.92235461666667	13.723
43.938527216666664	13.723
43.9551782	13.723
43.97147916666667	13.722
43.98791441666667	13.722
44.0043917	13.722
44.02073135	13.722
44.037114550000005	13.723
44.053496216666666	13.722
44.069914016666665	13.723
44.08633593333333	13.722
44.102721700000004	13.723
44.1191139	13.723
44.135487766666664	13.724
44.15200435	13.725
44.16840013333333	13.725
44.184757	13.725
44.20115011666667	13.725
44.2175162	13.725
44.2341808	13.725
44.25033416666667	13.726
44.266954416666664	13.725
44.283368800000005	13.725
44.299729166666665	13.724
44.316131150000004	13.723
44.33246235	13.722
44.34889161666667	13.723
44.36527015	13.725
44.38167298333334	13.726
44.398155233333334	13.726
44.41451188333333	13.727
44.43089531666667	13.727
44.447506133333334	13.727
44.46385035	13.726
44.480023116666665	13.725
44.49658983333334	13.725
44.512995133333334	13.724
44.52936775	13.724
44.545697200000006	13.726
44.562309883333334	13.728
44.57855193333333	13.728
44.59516058333334	13.729
44.6115252	13.729
44.62777205	13.729
44.64436465000001	13.728
44.660762616666666	13.729
44.677205416666666	13.728
44.69345706666667	13.728
44.70997551666667	13.729
44.72639325	13.729
44.7427373	13.728
44.75914348333333	13.727
44.77552336666667	13.727
44.79189661666667	13.727
44.80824593333334	13.729
44.82484963333333	13.729
44.841195250000006	13.73
44.857552416666664	13.73
44.87392568333333	13.73
44.89047793333334	13.729
44.906813150000005	13.73
44.92320605	13.73
44.93955568333333	13.73
44.95615156666667	13.731
44.972533483333336	13.732
44.98891065	13.732
45.00523515	13.731
45.021663116666666	13.731
45.03802558333334	13.732
45.05461571666667	13.732
45.07076753333333	13.732
45.087345	13.731
45.10360848333333	13.732
45.12019696666667	13.732
45.13654531666667	13.732
45.152985783333335	13.733
45.16933083333333	13.733
45.185682066666665	13.734
45.202284416666664	13.733
45.218630000000005	13.734
45.235000500000005	13.734
45.251331916666665	13.734
45.26770413333334	13.734
45.28429798333333	13.734
45.3006642	13.733
45.31696408333333	13.733
45.33331961666667	13.733
45.34988118333333	13.734
45.36622473333334	13.734
45.38279286666667	13.734
45.39912081666667	13.733
45.41564101666667	13.733
45.43199393333334	13.734
45.4483431	13.735
45.46482145	13.735
45.48111888333334	13.735
45.497698983333336	13.734
45.51410166666667	13.734
45.53039243333333	13.735
45.54692888333334	13.734
45.563253700000004	13.735
45.57957533333333	13.735
45.59595945	13.736
45.612491366666674	13.735
45.6288919	13.735
45.64520331666667	13.736
45.66151893333333	13.737
45.678115049999995	13.738
45.69439056666667	13.738
45.7109394	13.739
45.72743883333334	13.739
45.743804716666666	13.739
45.76014465	13.739
45.77649925	13.737
45.79306031666667	13.737
45.80937143333333	13.736
45.82570805	13.737
45.84221873333333	13.737
45.85854725	13.738
45.87494423333334	13.738
45.89150961666667	13.738
45.90782968333333	13.739
45.92415355	13.738
45.94075661666667	13.739
45.9570919	13.739
45.973527849999996	13.739
45.989850700000005	13.738
46.006304549999996	13.738
46.02268346666666	13.739
46.039025050000006	13.74
46.05546006666667	13.739
46.0718058	13.739
46.088402116666664	13.739
46.10467021666667	13.739
46.12103043333333	13.74
46.13768255	13.739
46.15403905	13.739
46.17030953333334	13.739
46.186736233333335	13.739
46.2031798	13.74
46.21955043333333	13.74
46.235898033333335	13.741
46.252288883333335	13.741
46.268956816666666	13.741
46.28517453333333	13.741
46.30156335	13.741
46.31814725	13.741
46.33448456666667	13.74
46.35089786666667	13.741
46.367257216666665	13.742
46.38359251666667	13.743
46.400171666666665	13.742
46.41646831666667	13.742
46.43283825	13.742
46.44919376666667	13.743
46.46574781666666	13.742
46.48205971666666	13.743
46.4986162	13.743
46.51494293333334	13.744
46.531289799999996	13.742
46.54787415	13.743
46.56420250000001	13.744
46.5805533	13.746
46.59712888333333	13.746
46.61343551666666	13.745
46.62978086666667	13.744
46.6463205	13.744
46.66265241666667	13.745
46.67900113333334	13.745
46.695583633333335	13.745
46.7118665	13.746
46.728216550000006	13.747
46.744771883333335	13.747
46.76105355	13.747
46.77757051666667	13.746
46.79387381666666	13.745
46.81046953333334	13.745
46.82680898333333	13.744
46.84313568333334	13.745
46.859703583333335	13.746
46.87600101666667	13.749
46.89230198333333	13.75
46.90892673333334	13.75
46.925202983333335	13.75
46.941541183333335	13.749
46.95806303333333	13.749
46.97441081666667	13.748
46.99077173333333	13.748
47.007295283333335	13.749
47.02364226666667	13.749
47.0399742	13.749
47.056543600000005	13.75
47.07283331666667	13.75
47.08918688333333	13.749
47.10579785	13.749
47.12214656666667	13.75
47.13857230000001	13.75
47.15505665	13.75
47.17143143333334	13.75
47.187833850000004	13.75
47.2041779	13.75
47.22056866666667	13.75
47.23689923333333	13.75
47.25330155	13.75
47.26971081666667	13.749
47.286096150000006	13.749
47.302712033333336	13.749
47.31906806666667	13.749
47.335426283333334	13.75
47.35183753333333	13.75
47.368252983333335	13.749
47.38476768333334	13.748
47.401146016666665	13.748
47.41751076666667	13.749
47.43385643333334	13.75
47.45043773333334	13.751
47.46677643333334	13.751
47.483171733333336	13.751
47.499506483333334	13.751
47.51605528333334	13.751
47.532419600000004	13.75
47.548789316666664	13.75
47.56513713333333	13.75
47.58167091666667	13.75
47.59803506666667	13.751
47.61435458333334	13.751
47.63071586666667	13.753
47.64730325	13.753
47.663606533333336	13.754
47.679972516666666	13.754
47.69686786666667	13.754
47.712739133333336	13.754
47.72930336666667	13.753
47.74561695	13.753
47.761985550000006	13.752
47.778616283333335	13.752
47.79489758333334	13.753
47.81147098333334	13.753
47.82763188333333	13.754
47.84422006666667	13.756
47.86061765	13.757
47.876967183333335	13.757
47.8932916	13.756
47.9098909	13.756
47.92625705	13.756
47.942564749999995	13.756
47.95891195	13.756
47.975478599999995	13.755
47.99184415	13.756
48.008273450000004	13.756
48.024800516666666	13.757
48.04095778333334	13.756
48.057529716666664	13.756
48.073925949999996	13.757
48.09028225	13.758
48.10685911666667	13.759
48.12308651666667	13.759
48.139589083333334	13.758
48.15595608333333	13.757
48.172344599999995	13.756
48.188691250000005	13.756
48.20526748333334	13.756
48.221656100000004	13.755
48.23803323333333	13.756
48.25438375	13.755
48.270756350000006	13.755
48.287128716666665	13.755
48.303780716666665	13.756
48.31993405	13.757
48.33656441666667	13.757
48.35294231666667	13.758
48.36930565	13.758
48.385647283333334	13.758
48.402025933333334	13.757
48.41840776666666	13.758
48.434997333333335	13.758
48.451238100000005	13.758
48.46779768333334	13.758
48.484122166666666	13.759
48.5004707	13.759
48.517101116666666	13.76
48.533384483333336	13.76
48.54972241666667	13.761
48.56609443333333	13.761
48.58246855	13.76
48.599096616666664	13.76
48.615437283333335	13.76
48.63183908333333	13.761
48.6482028	13.762
48.664526583333334	13.763
48.6811681	13.763
48.69756098333333	13.762
48.71392276666666	13.762
48.730305666666666	13.761
48.7466474	13.762
48.76324198333334	13.762
48.779441483333336	13.762
48.795816716666664	13.762
48.812416383333336	13.762
48.8287411	13.762
48.84532981666667	13.761
48.861678033333334	13.76
48.87784365	13.759
48.89449295	13.76
48.910790399999996	13.759
48.927201233333335	13.76
48.943621300000004	13.76
48.9600316	13.76
48.976447166666674	13.761
48.9929807	13.761
49.00934471666667	13.762
49.025748	13.761
49.04210916666667	13.76
49.05843493333334	13.761
49.07503616666667	13.76
49.09140455	13.761
49.10778905	13.76
49.12409943333334	13.761
49.14048581666667	13.76
49.1568405	13.76
49.17347885	13.759
49.189861433333334	13.758
49.206248333333335	13.758
49.22264966666667	13.757
49.239047883333335	13.758
49.255368516666664	13.758
49.27175606666667	13.759
49.288339533333335	13.758
49.30471883333333	13.759
49.32108911666667	13.758
49.337511283333335	13.758
49.353867	13.758
49.37025486666666	13.759
49.38661155	13.76
49.40301231666667	13.761
49.41938246666667	13.761
49.43600943333333	13.761
49.45237291666667	13.761
49.468698350000004	13.761
49.48505453333333	13.761
49.50142588333333	13.762
49.5180918	13.761
49.53447091666667	13.761
49.550846533333335	13.761
49.567180183333335	13.76
49.58354788333334	13.759
49.59994673333333	13.76
49.6165505	13.761
49.632915366666666	13.761
49.64927911666667	13.76
49.665648583333336	13.76
49.68194388333333	13.759
49.698596	13.757
49.714980266666664	13.756
49.73131188333333	13.753
49.74771488333334	13.76
49.764162400000004	13.763
49.780512	13.771
49.796891666666674	13.769
49.813273366666664	13.767
49.82965096666667	13.763
49.84602576666667	13.761
49.8626808	13.761
49.879023233333335	13.763
49.895331766666665	13.763
49.91172096666667	13.764
49.92815605	13.765
49.9447136	13.766
49.9609953	13.764
49.97731543333334	13.764
49.99374736666667	13.763
50.01016871666667	13.764
50.02653905	13.762
50.043004249999996	13.761
50.05938776666667	13.76
50.07604483333334	13.761
50.09242126666666	13.761
50.108759883333335	13.762
50.12511356666666	13.762
50.14142846666667	13.762
50.15782275	13.761
50.174219083333334	13.761
