0.125	0.023140781966700167
0.25	0.018500642429648936
0.375	0.014439688171971311
0.5	0.01370738494517691
0.625	0.012322666116329688
0.75	0.01142393033799128
0.875	0.01073157092356729
1.0	0.011157638255520484
1.125	0.011190924765829287
1.25	0.010871374266864485
1.375	0.010585110278208486
1.5	0.012089660544167697
1.625	0.011370671921496893
1.75	0.011004520308099694
1.875	0.01109772253696449
2.0	0.010591767580270472
2.125	0.010698284413258489
2.25	0.011324070807064495
2.375	0.010957919193667294
2.5	0.009979295790587685
2.625	0.010991205703976475
2.75	0.011037806818408494
2.875	0.009639773385437677
3.0	0.01105777872459408
3.125	0.010385391216355674
3.25	0.011077750630779285
3.375	0.010871374266864485
3.5	0.011889941482314885
3.625	0.011550419077164878
3.75	0.011477188754485286
3.875	0.011510475264794089
4.0	0.011856654972006083
4.125	0.011989801013241291
4.25	0.011310756202941277
4.375	0.010305503591614473
4.5	0.009313565584411267
4.625	0.008900812856581668
4.75	0.007309717663819648
4.875	0.0077624142040196575
5.0	0.007030110977225257
5.125	0.006544127926716445
5.25	0.007396262590622457
5.375	0.00722317273701646
5.5	0.006224577427751644
5.625	0.006584071739086856
5.75	0.007196543528769267
5.875	0.0072165154349548505
6.0	0.007163257018460465
6.125	0.007735784995772464
6.25	0.008761009513284472
6.375	0.008721065700914061
6.5	0.009533256552449285
6.625	0.009513284646264079
6.75	0.009293593678225683
6.875	0.009360166698843665
7.0	0.008940756668952079
7.125	0.00946668353183168
7.25	0.008534661243184468
7.375	0.009866121655537682
7.5	0.00970634640605528
7.625	0.009173762241114072
7.75	0.008721065700914061
7.875	0.009719661010178878
8.0	0.009573200364820074
8.125	0.010045868811205666
8.25	0.010072498019452482
8.375	0.009566543062758464
8.5	0.00856129045143166
8.625	0.009839492447290868
8.75	0.00962645878131408
8.875	0.008647835378234471
9.0	0.008907470158643278
9.125	0.009033958897816876
9.25	0.008887498252458072
9.375	0.008907470158643278
9.5	0.009366824000905273
9.625	0.008621206169987277
9.75	0.00799541977618127
9.875	0.007529408631857665
10.0	0.008015391682366854
10.125	0.007436206402992868
10.25	0.006337751562801646
10.375	0.006497526812284047
10.5	0.005944970741157254
10.625	0.00649086951022206
10.75	0.006311122354554453
10.875	0.005632077544254439
11.0	0.0057452516793044415
11.125	0.0060781167823928395
11.25	0.005865083116416053
11.375	0.0062046055215660605
11.5	0.0069701952586692624
11.625	0.006098088688578045
11.75	0.0060914313865160575
11.875	0.006697245874136859
12.0	0.006604043645272062
12.125	0.007123313206090054
12.25	0.006297807750430857
12.375	0.007196543528769267
12.5	0.006863678425681247
12.625	0.006410981885480859
12.75	0.006876993029804465
12.875	0.007522751329796056
13.0	0.007516094027734069
13.125	0.008002077078243259
13.25	0.008787638721531666
13.375	0.009253649865855272
13.5	0.009207048751422874
13.625	0.009732975614302475
13.75	0.00958651496894367
13.875	0.008614548867925668
14.0	0.008508032034937276
14.125	0.008940756668952079
14.25	0.008075307400922471
14.375	0.007888902943193256
14.5	0.008221768046281655
14.625	0.00783564452669887
14.75	0.008022048984428464
14.875	0.008508032034937276
15.0	0.008541318545246077
15.125	0.007842301828760858
15.25	0.007908874849378461
15.375	0.007855616432884453
15.5	0.007402919892684066
15.625	0.005831796606107251
15.75	0.0065108414164076435
15.875	0.005865083116416053
16.0	0.005152751795807237
16.125	0.005026263056633638
16.25	0.004746656370039248
16.375	0.004813229390657229
16.5	0.005072864171066036
16.625	0.0036548588319096345
16.75	0.004333903642210027
16.875	0.00432058903808643
17.0	0.004999633848386445
17.125	0.004560251912310032
17.25	0.005319184347351247
17.375	0.005399071972092447
17.5	0.005219324816424841
17.625	0.004214072205098038
17.75	0.005252611326733643
17.875	0.005299212441166041
18.0	0.005052892264880831
18.125	0.004180785694789235
18.25	0.00485317320302764
18.375	0.004247358715406839
18.5	0.0036881453422184366
18.625	0.004646796839112842
18.75	0.0048065720885952425
18.875	0.004766628276224831
19.0	0.004540280006124448
19.125	0.00473334176591603
19.25	0.0032554207082036326
19.375	0.0029491848133624274
19.5	0.0028559825844976304
19.625	0.003275392614388838
19.75	0.002802724168003623
19.875	0.002376656836050428
20.0	0.0028360106783124252
20.125	0.004014353143245226
20.25	0.0029891286257332167
20.375	0.0037480610607744315
20.5	0.003768032966959637
20.625	0.0032487634061420237
20.75	0.0037880048731448426
20.875	0.0025763758979036183
21.0	0.0027294938453240316
21.125	0.004040982351492041
21.25	0.0035217127906744267
21.375	0.0032554207082036326
21.5	0.003994381237059642
21.625	0.0037813475710832337
21.75	0.004307274433962834
21.875	0.004060954257677624
22.0	0.004034325049430431
22.125	0.004506993495815646
22.25	0.0035350273947980233
22.375	0.004227386809221634
22.5	0.005206010212301244
22.625	0.005458987690648442
22.75	0.005805167397860436
22.875	0.004107555372109644
23.0	0.0048065720885952425
23.125	0.00452696540200123
23.25	0.004107555372109644
23.375	0.004493678891692428
23.5	0.0042606733195304355
23.625	0.003761375664898028
23.75	0.0037813475710832337
23.875	0.005565504523636835
24.0	0.004833201296842435
24.125	0.005146094493745249
24.25	0.0056587067525012535
24.375	0.005372442763845254
24.5	0.0061779763133192455
24.625	0.0058451112102308475
24.75	0.00571196516899564
24.875	0.005345813555598439
25.0	0.005432358482401249
25.125	0.004680083349421643
25.25	0.005219324816424841
25.375	0.004833201296842435
25.5	0.005146094493745249
25.625	0.005319184347351247
25.75	0.004799914786533633
25.875	0.00416081378860403
26.0	0.004506993495815646
26.125	0.004307274433962834
26.25	0.004440420475198042
26.375	0.004786600182410037
26.5	0.004027667747368444
26.625	0.004726684463854042
26.75	0.003734746456650835
26.875	0.0023034265133712152
27.0	0.0026229770123360166
27.125	0.0022901119092476187
27.25	0.0006857021123620017
27.375	0.001637696307194419
27.5	0.0014978929638972238
27.625	0.001111769444314818
27.75	0.0012515727876120134
27.875	0.0011983143711180061
28.0	0.0005924998834972048
28.125	0.0
28.25	0.0006790448103000142
28.375	0.0004194100298912075
28.5	0.0004926403525707989
28.625	0.0009653087989560139
28.75	0.0008055335494736131
28.875	0.000798876247412004
29.0	0.001664325515441612
29.125	0.0012915165999824246
29.25	0.0019439322020356241
29.375	0.001670982817503221
29.5	0.0008787638721532044
29.625	0.0019905333164680224
29.75	0.0027694376576948214
29.875	0.002003847920591619
30.0	0.002156965868012411
30.125	0.002196909680382822
30.25	0.0025098028772860144
30.375	0.002070420941209223
30.5	0.0023899714401740247
30.625	0.0029558421154240364
30.75	0.002536432085532829
30.875	0.0030557016463508206
31.0	0.003029072438103628
31.125	0.0035217127906744267
31.25	0.0047067125576688365
31.375	0.0044603923813832476
31.5	0.004640139537051232
31.625	0.005518903409204437
31.75	0.004147499184480433
31.875	0.00412086997623324
32.0	0.004194100298912832
32.125	0.003395224051500828
32.25	0.0039011790081952234
32.375	0.004220729507160025
32.5	0.0030423870422272245
32.625	0.003361937541192026
32.75	0.0018507299731708273
32.875	0.0021436512638888143
33.0	0.003515055488612439
33.125	0.0024565444607916286
33.25	0.002536432085532829
33.375	0.003388566749439219
33.5	0.0024765163669772123
33.625	0.0028160387721272197
33.75	0.0035416846968596323
33.875	0.003515055488612439
34.0	0.004127527278295228
34.125	0.004886459713336443
34.25	0.005458987690648442
34.375	0.0041874429968508445
34.5	0.005405729274154434
34.625	0.005638734846316048
34.75	0.004646796839112842
34.875	0.00615800440713404
35.0	0.007103341299904848
35.125	0.006650644759704461
35.25	0.008508032034937276
35.375	0.008694436492666869
35.5	0.009886093561723265
35.625	0.010451964236973277
35.75	0.01065168329882609
35.875	0.011570390983350083
36.0	0.010751542829752873
36.125	0.010924632683358493
36.25	0.011157638255520484
36.375	0.010991205703976475
36.5	0.01011909913388488
36.625	0.01015904294625567
36.75	0.010771514735938079
36.875	0.00934685209472007
37.0	0.010139071040070086
37.125	0.01134404271325008
37.25	0.010798143944185273
37.375	0.010738228225629278
37.5	0.011903256086438482
37.625	0.011630306701906078
37.75	0.011730166232832484
37.875	0.012142918960662084
38.0	0.011796739253450088
38.125	0.0129684244163209
38.25	0.012928480603950491
38.375	0.013953705121462498
38.5	0.015371710460618523
38.625	0.01399364893383291
38.75	0.015857693511127712
38.875	0.017069322486368936
39.0	0.016297075447204126
39.125	0.017794968411101727
39.25	0.017941429056460532
39.375	0.01742215949564254
39.5	0.01652342371730413
39.625	0.01762187855749573
39.75	0.017888170639966526
39.875	0.01770842348429854
40.0	0.01933280518736974
40.125	0.01981878823787855
40.25	0.020704209412093742
40.375	0.020757467828587752
40.5	0.021216821670849748
40.625	0.02260154049969697
40.75	0.021909181085273358
40.875	0.022461737156399774
41.0	0.02467861874296818
41.125	0.024911624315129794
41.25	0.024898309711006577
41.375	0.024831736690388594
41.5	0.025603983729553782
41.625	0.026123253290371396
41.75	0.02583033199965379
41.875	0.02521120290790939
42.0	0.026982045256339394
42.125	0.02553741070893618
42.25	0.023573506600714972
42.375	0.02521120290790939
42.5	0.026662494757374595
42.625	0.02599010724913619
42.75	0.027175107016130597
42.875	0.027800893409936606
43.0	0.027581202441898208
43.125	0.028446651709927818
43.25	0.028939292062498616
43.375	0.02826690455426021
43.5	0.031089600628449038
43.625	0.03168210051194662
43.75	0.032121482448023035
43.875	0.03262743740471743
44.0	0.03306016203873224
44.125	0.03358608890161146
44.25	0.03449148198201186
44.375	0.03492420661602666
44.5	0.03528370092736225
44.625	0.03592280192529147
44.75	0.03568313905106825
44.875	0.03782013301289508
45.0	0.03926476756029829
45.125	0.03882538562422188
45.25	0.0406827728994547
45.375	0.039957126974722285
45.5	0.04137513231387831
45.625	0.0422938399984023
45.75	0.04174128392727551
45.875	0.04161479518810191
46.0	0.0408292335448135
46.125	0.041095525627284295
46.25	0.04202754791593151
46.375	0.0411288121375931
46.5	0.04226721079015511
46.625	0.04331240721385232
46.75	0.04317926117261711
46.875	0.045522631498358744
47.0	0.04625493472515314
47.125	0.04607518756948553
47.25	0.048458501707597954
47.375	0.04997636657768076
47.5	0.04988982165087757
47.625	0.05133445619828116
47.75	0.053052040130216783
47.875	0.05391083209618478
48.0	0.053657854617837585
48.125	0.056600382129138406
48.25	0.05670024166006481
48.375	0.05817816271777683
48.5	0.06030849937754205
48.625	0.05934319057858603
48.75	0.062279060787824865
48.875	0.06419636378161367
49.0	0.06582740278674648
49.125	0.06414310536511966
49.25	0.06737189686507648
49.375	0.0684170932887737
49.5	0.06893636284959131
49.625	0.07157265446605092
49.75	0.07219178355779532
49.875	0.07315043505468972
50.0	0.07620613670104055
50.125	0.07569352444228454
50.25	0.07713815898968776
50.375	0.07929512485770017
50.5	0.07776394538349377
50.625	0.08077970321747417
50.75	0.08157857946488581
50.875	0.0813655457989094
51.0	0.08344928134424222
51.125	0.08338936562568659
51.25	0.08685781999986664
51.375	0.08836237026582584
51.5	0.08695102222873144
51.625	0.08921450492973224
51.75	0.09048604962352946
51.875	0.08878178029571744
52.0	0.09224357736783587
52.125	0.09214371783690946
52.25	0.09107854950702667
52.375	0.09428736910079827
52.5	0.09358169508225068
52.625	0.09259641437710947
52.75	0.0949064981925423
52.875	0.0950662734420247
53.0	0.09501301502553068
53.125	0.0975694190172491
53.25	0.09987950283268192
53.375	0.09834166605641391
53.5	0.10039877239349954
53.625	0.10319483925944155
53.75	0.10269554160480915
53.875	0.10498565351405677
54.0	0.10715593398619278
54.125	0.10802804055628398
54.25	0.10750877099546638
54.375	0.1113034331706732
54.5	0.11266152279127362
54.625	0.11350700015311802
54.75	0.11530447170979484
54.875	0.11544427505309203
55.0	0.11732829153657166
55.125	0.11999786966334007
55.25	0.11951854391489287
55.375	0.12035070667261367
55.5	0.12533036861481492
55.625	0.12200837488599368
55.75	0.12718775589004774
55.875	0.12943126668486332
56.0	0.12931809254981333
56.125	0.13320595695388496
56.25	0.13305283900646417
56.375	0.1361285125590002
56.5	0.1392241580177218
56.625	0.13805247285485062
56.75	0.1397101410682306
56.875	0.139530393912563
57.0	0.13956368042287182
57.125	0.14182716312387222
57.25	0.14111483180326342
57.375	0.14219331473726943
57.5	0.14647395996298546
57.625	0.14387761215889625
57.75	0.14734606653307666
57.875	0.15100758266704828
58.0	0.15058817263715707
58.125	0.15130716125982788
58.25	0.15534148630925831
58.375	0.15761828361438235
58.5	0.15540805932987592
58.625	0.15827069921643555
58.75	0.16191890074628357
58.875	0.1626179174627688
59.0	0.16263788936895437
59.125	0.1653673832142784
59.25	0.16811684896578802
59.375	0.1663926077317904
59.5	0.17089960122760645
59.625	0.17300330867912445
59.75	0.17243078070181284
59.875	0.17527344868218686
60.0	0.17509370152651926
60.125	0.17527344868218686
60.25	0.17800294252751128
60.375	0.1776833920285465
60.5	0.1793743467522349
60.625	0.1805726611233529
60.75	0.1825631944398213
60.875	0.18404777279959494
61.0	0.18769597432944296
61.125	0.18726324969542815
61.25	0.19138411967166177
61.375	0.19183015890980018
61.5	0.1922761981479386
61.625	0.19645032654066621
61.75	0.1956647648973774
61.875	0.19580456824067463
62.0	0.19874043844991382
62.125	0.19787498918188423
62.25	0.20351372402820028
62.375	0.20593032467662148
62.5	0.20677580203846588
62.625	0.21208832908375552
62.75	0.21622917096617397
62.875	0.21885880528057197
63.0	0.22125543402280798
63.125	0.2222473720300112
63.25	0.22684091045263002
63.375	0.23295897104739327
63.5	0.2345434089380937
63.625	0.2354687739246793
63.75	0.24355739592972536
63.875	0.2474319457296734
64.0	0.24759837828121778
64.125	0.25432891066566343
64.25	0.2573446684996438
64.375	0.2584298087357115
64.5	0.25739126961407627
64.625	0.26749039684177595
64.75	0.2653334309737635
64.875	0.2671641890407491
65.0	0.2746403392561128
65.125	0.271930817316974
65.25	0.2770502826024724
65.375	0.28297528143744444
65.5	0.28113120876633524
65.625	0.28519882032607446
65.75	0.2899787632064229
65.875	0.2901917968723993
66.0	0.29585050362490095
66.125	0.29915252544753695
66.25	0.3011164295557582
66.375	0.3064822150175418
66.5	0.3046115131381854
66.625	0.31241387115457586
66.75	0.3160487580803003
66.875	0.3149702751462943
67.0	0.32155434688538115
67.125	0.3208353582627103
67.25	0.32453681820905234
67.375	0.3303419856069128
67.5	0.3293500475997096
67.625	0.3338037826790312
67.75	0.3379179953532032
67.875	0.3408272363541949
68.0	0.3469519542510201
68.125	0.35066672880148575
68.25	0.3513790601220949
68.375	0.3589417552642614
68.5	0.36405456324769825
68.625	0.36503984395283945
68.75	0.3721964436692383
68.875	0.37826124584750753
69.0	0.37873391429389314
69.125	0.3818761608670468
69.25	0.39386596188028844
69.375	0.3896851761854988
69.5	0.39699489384931846
69.625	0.40717390870175935
69.75	0.40982351492234254
69.875	0.4106756495862486
70.0	0.4238038492520519
70.125	0.4296090166499123
70.25	0.4264334835664499
70.375	0.443988789103328
70.5	0.44931463075274086
70.625	0.45060614735272364
70.75	0.4590476063670437
70.875	0.469326480750411
71.0	0.469379739166905
71.125	0.47954543941522226
71.25	0.4880534714501599
71.375	0.48814001637696314
71.5	0.5022801259561548
71.625	0.5075793383973208
71.75	0.5081318944684476
71.875	0.5222520321414542
72.0	0.526565963877479
72.125	0.5272117221774703
72.25	0.537623742602073
72.375	0.5407926183834739
72.5	0.5487880381596552
72.625	0.5544866887245272
72.75	0.5569432331853192
72.875	0.565930590968704
73.0	0.5732469659345854
73.125	0.5762427518623802
73.25	0.5864350813189446
73.375	0.5869676654838858
73.5	0.5902563727023986
73.625	0.5996498259115511
73.75	0.6036242352424256
73.875	0.6088701892670976
74.0	0.6112069022907776
74.125	0.6115663966021128
74.25	0.6204405802504477
74.375	0.6224910292854717
74.5	0.6213393160287861
74.625	0.6355859424409662
74.75	0.6429289466150946
74.875	0.6378361105378434
75.0	0.6476955748913195
75.125	0.6526153211149647
75.25	0.6552715846376095
75.375	0.666375964476636
75.5	0.6729733508198464
75.625	0.6676674810766188
75.75	0.6800900067238749
75.875	0.6883051174680945
76.0	0.6827196410382725
76.125	0.6949025038113054
76.25	0.7017661822369866
76.375	0.7016396934978131
76.5	0.7062265746183699
76.625	0.7135629214904368
76.75	0.7132833148038423
76.875	0.7190152518790232
77.0	0.7224304478367096
77.125	0.7207994088315768
77.25	0.7267110930624252
77.375	0.7315842381716384
77.5	0.7291143791067228
77.625	0.7338676927788245
77.75	0.7347997150674717
77.875	0.7347864004633481
78.0	0.7410309497972849
78.125	0.7392800793550405
78.25	0.7451251905652714
78.375	0.7484671562002781
78.5	0.7477148810672986
78.625	0.7514030264095171
78.75	0.7512565657641582
78.875	0.7550512279393651
79.0	0.7557036435414183
79.125	0.756249542310483
79.25	0.7629933892990527
79.375	0.7616619288866991
79.5	0.7637057206196615
79.625	0.7712284719494575
79.75	0.7673206356392007
79.875	0.7719141740618196
80.0	0.7767207461504148
80.125	0.7729993142978876
80.25	0.7766208866194884
80.375	0.779084088382342
80.5	0.7786447064462656
80.625	0.7834379639307373
80.75	0.7863139184214205
80.875	0.7845497333750524
81.0	0.7887172044657181
81.125	0.7935104619501897
81.25	0.7874656316781061
81.375	0.7902350693358009
81.5	0.7953478773192374
81.625	0.7933040855862753
81.75	0.7883044517378884
81.875	0.7926982710986545
82.0	0.7913734679883629
82.125	0.7903815299811597
82.25	0.7904281310955921
82.375	0.7887238617677796
82.5	0.7941162764378106
82.625	0.7942427651769841
82.75	0.7904214737935301
82.875	0.7980174554460058
83.0	0.7972851522192114
83.125	0.7930311362017429
83.25	0.7968124837728261
83.375	0.7995153484099033
83.5	0.7990426799635177
83.625	0.7997683258882505
83.75	0.7963997310449965
83.875	0.8032367802624306
84.0	0.8016390277676065
84.125	0.8001145055954622
84.25	0.8036695048964454
84.375	0.8031435780335658
84.5	0.8066652908242402
84.625	0.8066719481263022
84.75	0.8094214138778119
84.875	0.8085759365159674
85.0	0.8102535766355327
85.125	0.813202761448895
85.25	0.8111722843200563
85.375	0.8136088568746627
85.5	0.8137353456138363
85.625	0.8102069755211002
85.75	0.8147539128292867
85.875	0.8172970022168815
86.0	0.8112987730592298
86.125	0.8151067498385602
86.25	0.8169574798117315
86.375	0.811718183089121
86.5	0.8135955422705394
86.625	0.8162318338869987
86.75	0.8135023400416747
86.875	0.8114186044963418
87.0	0.8169907663220403
87.125	0.8141547556437275
87.25	0.8161586035643195
87.375	0.8190412153570643
87.5	0.8192675636271644
87.625	0.8176564965282167
87.75	0.8187150075560375
87.875	0.818675063743667
88.0	0.8211116362982736
88.125	0.8208453442158031
88.25	0.8190811591694347
88.375	0.8256119724920276
88.5	0.8250793883270864
88.625	0.8200664398745763
88.75	0.8265506520827368
88.875	0.8274227586528283
89.0	0.8246200344848243
89.125	0.8289406235229108
89.25	0.8299192469259907
89.375	0.8283481236394136
89.5	0.829706213260014
89.625	0.8297661289785699
89.75	0.8318898083362736
89.875	0.828228292202302
90.0	0.8285145561909579
90.125	0.8319763532630764
90.25	0.8275891912043724
90.375	0.8287142752528108
90.5	0.8316368308579264
90.625	0.8274627024651988
90.75	0.8323092183661648
90.875	0.830045735665164
91.0	0.8292202302095052
91.125	0.8340334596001624
91.25	0.831357224171332
91.375	0.8335741057579004
91.5	0.8342930943805712
91.625	0.8327552576043032
91.75	0.837515228578466
91.875	0.8346792179001536
92.0	0.8365898635918805
92.125	0.8409503964423377
92.25	0.8386070261165957
92.375	0.8360173356145688
92.5	0.8416427558567613
92.625	0.8415628682320201
92.75	0.8368628129764129
92.875	0.8384006497526812
93.0	0.8388799755011285
93.125	0.837515228578466
93.25	0.8375285431825896
93.375	0.8362902849991012
93.5	0.8384539081691752
93.625	0.8389864923341165
93.75	0.835977391802198
93.875	0.8410968570876964
94.0	0.838939891219684
94.125	0.8372356218918721
94.25	0.8414962952114025
94.375	0.8406774470578052
94.5	0.8417825592000585
94.625	0.8460765190298977
94.75	0.8416627277629465
94.875	0.8413897783784141
95.0	0.8458035696453653
95.125	0.8420421939804673
95.25	0.8452443562721769
95.375	0.8466690189133949
95.5	0.8446318844824945
95.625	0.8472482041927685
95.75	0.8493385970401633
95.875	0.8512692146380757
96.0	0.8490523330515073
96.125	0.8485397207927513
96.25	0.854138511826697
96.375	0.8496048891226341
96.5	0.8487660690628513
96.625	0.8521612931143522
96.75	0.8527937368102202
96.875	0.8495649453102633
97.0	0.8485064342824425
97.125	0.8482601141061573
97.25	0.8496514902370665
97.375	0.8481802264814161
97.5	0.8479272490030689
97.625	0.8524076132906377
97.75	0.8508165180978754
97.875	0.8496980913514989
98.0	0.8562555338823385
98.125	0.8565750843813034
98.25	0.851974888656623
98.375	0.858132893063757
98.5	0.8595575557049749
98.625	0.8535792984535086
98.75	0.8585123592812774
98.875	0.8587986232699334
99.0	0.854198427545253
99.125	0.8595176118926042
99.25	0.8605428364101162
99.375	0.860403033066819
99.5	0.8644639873244966
99.625	0.8624401674977198
99.75	0.8655158410502558
99.875	0.8672134530760063
100.0	0.8645571895533615
100.125	0.8644373581162498
100.25	0.863145841516267
100.375	0.8651829759471674
100.5	0.8677660091471331
100.625	0.8658953072677766
100.75	0.8684517112594947
100.875	0.8671202508471415
101.0	0.8626132573513258
101.125	0.8662082004646795
101.25	0.8627730326008082
101.375	0.8614149429802078
101.5	0.8589184547070454
101.625	0.8614282575843311
101.75	0.8644373581162498
101.875	0.860689297055475
102.0	0.8604163476709427
102.125	0.8658487061533442
102.25	0.8633455605781198
102.375	0.8639114312533702
102.5	0.8622204765296814
102.625	0.8651763186451058
102.75	0.8680323012296035
102.875	0.8649299984688202
103.0	0.8682786214058891
103.125	0.8728588452243843
103.25	0.8675063743667238
103.375	0.8693637616419567
103.5	0.8757947154336231
103.625	0.8714008960728574
103.75	0.8718203061027486
103.875	0.8771994061686559
104.0	0.8756016536738319
104.125	0.8741903056367375
104.25	0.8801951920964507
104.375	0.8765802770769116
104.5	0.8763539288068115
104.625	0.8796026922129535
104.75	0.8737775529089079
104.875	0.8761076086305263
105.0	0.8779716532078208
105.125	0.8746430021769375
105.25	0.8740505022934403
105.375	0.8730785361924223
105.5	0.8757347997150672
105.625	0.8750224683944583
105.75	0.8720666262790339
105.875	0.8779250520933883
106.0	0.8765736197748499
106.125	0.8766801366078383
106.25	0.8763073276923792
106.375	0.8775788723861767
106.5	0.8821324669964248
106.625	0.8782312879882296
106.75	0.8766135635872203
106.875	0.8800687033572772
107.0	0.881300304238704
107.125	0.882325528756216
107.25	0.8789835631212092
107.375	0.8846822136860816
107.5	0.8833374386696048
107.625	0.8804348549706743
107.75	0.8864131122221408
107.875	0.884775415914946
108.0	0.8838433936262988
108.125	0.8866727470025496
108.25	0.8880508085293352
108.375	0.887518224364394
108.5	0.887118786240688
108.625	0.8870988143345028
108.75	0.8903076339282741
108.875	0.890360892344768
109.0	0.8871920165633672
109.125	0.8876114265932588
109.25	0.8858805280571992
109.375	0.8857340674118404
109.5	0.8853945450066903
109.625	0.884382635093302
109.75	0.8857274101097787
109.875	0.8873051906984172
110.0	0.8854744326314316
110.125	0.8854944045376167
110.25	0.8914060887684656
110.375	0.8875315389685176
110.5	0.885754039318026
110.625	0.8922781953385568
110.75	0.8862866234829672
110.875	0.8878111456551117
111.0	0.8917788976839244
111.125	0.8918521280066041
111.25	0.89127294272723
111.375	0.890081285658174
111.5	0.8928374087117452
111.625	0.8954004700055253
111.75	0.8892890667128236
111.875	0.8947480544034725
112.0	0.8972179134683876
112.125	0.8924313132859776
112.25	0.8970714528230289
112.375	0.8990486715353733
112.5	0.8957399924106757
112.625	0.8974575763426113
112.75	0.8953006104745989
112.875	0.8962193181591228
113.0	0.8955069868385137
113.125	0.8975374639673525
113.25	0.8979768459034289
113.375	0.8940623522911104
113.5	0.8992683625034117
113.625	0.9015251879023505
113.75	0.8958598238477873
113.875	0.8979968178096145
114.0	0.8957067059003665
114.125	0.8957799362230461
114.25	0.8975840650817849
114.375	0.8927908075973129
114.5	0.8939957792704928
114.625	0.894987717277696
114.75	0.8943353016756428
114.875	0.8970647955209669
115.0	0.8954404138178961
115.125	0.894981059975634
115.25	0.8993149636178441
115.375	0.8974043179261173
115.5	0.8964123799189141
115.625	0.8995945703044381
115.75	0.8995213399817589
115.875	0.8959330541704669
116.0	0.9016716485477093
116.125	0.901878024911624
116.25	0.8989022108900144
116.375	0.9018247664951301
116.5	0.9054529961187929
116.625	0.9007928846755561
116.75	0.9031096257930509
116.875	0.9054396815146694
117.0	0.9050668725992101
117.125	0.9048138951208633
117.25	0.9029165640332597
117.375	0.9078163383507197
117.5	0.9073902710187669
117.625	0.9024239236806889
117.75	0.9043944850909718
117.875	0.9037753559992278
118.0	0.8998142612724765
118.125	0.9033892324796453
118.25	0.9029565078456305
118.375	0.9003668173436032
118.5	0.903222799928101
118.625	0.898229823381776
118.75	0.9013188115384357
118.875	0.9056394005765221
119.0	0.9005265925930857
119.125	0.8985560311828029
119.25	0.8996611433250561
119.375	0.9046075187569486
119.5	0.9013520980487445
119.625	0.9014652721837945
119.75	0.9054663107229162
119.875	0.9040017042693277
120.0	0.9063051307826989
120.125	0.9045276311322074
120.25	0.9104925737795497
120.375	0.9087483606393669
120.5	0.9062452150641429
120.625	0.9119571802331385
120.75	0.9144669831104246
120.875	0.9061187263249694
121.0	0.9091810852733818
121.125	0.9075700181744345
121.25	0.9068377149476401
121.375	0.9074368721331989
121.5	0.9071306362383578
121.625	0.9090412819300849
121.75	0.910632377122847
121.875	0.9102063097908941
122.0	0.9072238384672225
122.125	0.9102995120197586
122.25	0.9099133885001761
122.375	0.9110118433403678
122.5	0.9096337818135821
122.625	0.9092876021063702
122.75	0.9138944551331126
122.875	0.9151260560145394
123.0	0.9114445679743826
123.125	0.9171964769557486
123.25	0.9159049603557662
123.375	0.9131288653960093
123.5	0.9166638927908074
123.625	0.9128226295011682
123.75	0.9109452703197501
123.875	0.9125896239290062
124.0	0.9101131075620293
124.125	0.9106656636331558
124.25	0.9097136694383233
124.375	0.9070108048012462
124.5	0.9081026023393758
124.625	0.9036422099579922
124.75	0.9012988396322505
124.875	0.9012588958198797
125.0	0.8993349355240293
125.125	0.8965322113560257
125.25	0.8979568739972437
125.375	0.8994880534714501
125.5	0.8985227446724937
125.625	0.9004733341765913
125.75	0.9008195138838033
125.875	0.9002270140003061
126.0	0.8985760030889881
126.125	0.9006064802178269
126.25	0.9004267330621589
126.375	0.8986758626199145
126.5	0.9007196543528769
126.625	0.9029298786373833
126.75	0.9003668173436032
126.875	0.9001670982817501
127.0	0.9024838393992449
127.125	0.9011856654972005
127.25	0.8995612837941293
127.375	0.9002403286044297
127.5	0.9010392048518416
127.625	0.9004001038539121
127.75	0.9009460026229769
127.875	0.9007662554673093
128.0	0.9000805533549473
128.125	0.9008528003941121
128.25	0.8975707504776612
128.375	0.8941622118220368
128.5	0.8955069868385137
128.625	0.8952540093601664
128.75	0.8945683072478045
128.875	0.8929239536385485
129.0	0.8925644593272128
129.125	0.8937161725838985
129.25	0.8936629141674044
129.375	0.8944018746962604
129.5	0.8941622118220368
129.625	0.8929106390344248
129.75	0.891226341612798
129.875	0.8933034198560689
130.0	0.8953338969849076
130.125	0.8953006104745989
130.25	0.8937428017921456
130.375	0.8960728575137636
130.5	0.8980434189240465
130.625	0.8951008914127461
130.75	0.8943685881859517
130.875	0.8995279972838205
131.0	0.8983496548188881
131.125	0.8974908628529201
131.25	0.8998542050848473
131.375	0.8983030537044556
131.5	0.8934165939911188
131.625	0.8930770715859688
131.75	0.894581621851928
131.875	0.8915592067158861
132.0	0.8929971839612276
132.125	0.8920984481828892
132.25	0.8933034198560689
132.375	0.8929971839612276
132.5	0.8931436446065865
132.625	0.8923980267756688
132.75	0.8937627736983308
132.875	0.8950143464859429
133.0	0.892983869357104
133.125	0.8933367063663776
133.25	0.8953338969849076
133.375	0.8947081105911017
133.5	0.8934765097096748
133.625	0.8939092343436896
133.75	0.8942554140509017
133.875	0.8950210037880049
134.0	0.8934099366890572
134.125	0.8975574358735376
134.25	0.9035223785208805
134.375	0.9110185006424294
134.5	0.9124231913774622
134.625	0.9113846522558265
134.75	0.9128758879176622
134.875	0.9080826304331906
135.0	0.9065381363548606
135.125	0.910173023280585
135.25	0.9049536984641602
135.375	0.9052066759425074
135.5	0.9060388387002282
135.625	0.9076632204032994
135.75	0.9069908328950609
135.875	0.9048471816311722
136.0	0.9090812257424553
136.125	0.9087017595249349
136.25	0.9044477435074662
136.375	0.9076033046847434
136.5	0.910059849145535
136.625	0.9078629394651522
136.75	0.9097070121362614
136.875	0.9121635565970534
137.0	0.9082823494950434
137.125	0.9130423204692065
137.25	0.9138744832269274
137.375	0.9089081358888493
137.5	0.9115710567135562
137.625	0.9147798763073274
137.75	0.9112847927249002
137.875	0.9125363655125122
138.0	0.9141274607052746
138.125	0.9128093148970445
138.25	0.9151526852227866
138.375	0.9158983030537042
138.5	0.912682826157871
138.625	0.9146067864537217
138.75	0.9113779949537649
138.875	0.9128625733135389
139.0	0.9137812809980626
139.125	0.909327545918741
139.25	0.9070707205198021
139.375	0.910459287269241
139.5	0.9074169002270137
139.625	0.9062585296682665
139.75	0.9056327432744605
139.875	0.9054862826291017
140.0	0.9057925185239429
140.125	0.9025770416281097
140.25	0.9066779396981577
140.375	0.9091943998775054
140.5	0.9030563673765569
140.625	0.9062319004600193
140.75	0.9082424056826729
140.875	0.9080227147146346
141.0	0.9088748493785406
141.125	0.9077031642156698
141.25	0.9112182197042825
141.375	0.9103727423424381
141.5	0.9108720399970706
141.625	0.9144603258083626
141.75	0.9130023766568358
141.875	0.9158916457516426
142.0	0.9152924885660834
142.125	0.9129824047506506
142.25	0.9153856907949482
142.375	0.9179953532031606
142.5	0.914966280765057
142.625	0.9154855503258746
142.75	0.9204452403618907
142.875	0.9176225442877018
143.0	0.9190139204186111
143.125	0.923627430747415
143.25	0.922888470218559
143.375	0.9203054370185938
143.5	0.9231414476969062
143.625	0.9233145375505123
143.75	0.9216568693371322
143.875	0.9233145375505123
144.0	0.919073836137167
144.125	0.919806139363961
144.25	0.9215303805979587
144.375	0.9179487520887283
144.5	0.9178089487454314
144.625	0.921636897430947
144.75	0.9183814767227431
144.875	0.9210976559639439
145.0	0.9219497906278499
145.125	0.9222826557309383
145.25	0.9207381616526086
145.375	0.9197195944371582
145.5	0.9271890873504602
145.625	0.9234676554979326
145.75	0.9219497906278499
145.875	0.9272356884648927
146.0	0.9264434695195423
146.125	0.9270426267051015
146.25	0.9292262217813607
146.375	0.9278548175566367
146.5	0.9318891426060671
146.625	0.9335401535173855
146.75	0.9307640585576287
146.875	0.933353749059656
147.0	0.9336067265380031
147.125	0.9347850690029356
147.25	0.9334602658926443
147.375	0.9300117834246491
147.5	0.9317826257730791
147.625	0.9312766708163848
147.75	0.9263369526865539
147.875	0.9296589464153755
148.0	0.9318425414916351
148.125	0.9279280478793163
148.25	0.9282609129824047
148.375	0.9323018953338967
148.5	0.9337398725792383
148.625	0.9309371484112348
148.75	0.9334802377988295
148.875	0.9333271198514087
149.0	0.933014226654506
149.125	0.9340128219637708
149.25	0.9312300697019523
149.375	0.9379539447843364
149.5	0.9383001244915483
149.625	0.9326680469472939
149.75	0.9395516972791603
149.875	0.9410895340554284
150.0	0.9343456870668592
150.125	0.9401109106523488
150.25	0.942241247312114
150.375	0.9391922029678251
150.5	0.9400842814441019
150.625	0.9391322872492692
150.75	0.9429668932368468
150.875	0.9431333257883908
151.0	0.9413491688358375
151.125	0.9420348709481992
151.25	0.9394917815606048
151.375	0.9440387188687912
151.5	0.9412426520028492
151.625	0.9379339728781512
151.75	0.9389658546977252
151.875	0.9368155461317743
152.0	0.9377009673059895
152.125	0.9349581588565415
152.25	0.9368421753400216
152.375	0.9398845623822488
152.5	0.9369886359853804
152.625	0.9371617258389864
152.75	0.9391589164575164
152.875	0.9370418944018744
153.0	0.9363229057792035
153.125	0.9388127367503044
153.25	0.9385198154595867
153.375	0.937341472994654
153.5	0.9390257704162808
153.625	0.9388593378647367
153.75	0.9403772027348196
153.875	0.9409630453162547
154.0	0.9391256299472076
154.125	0.943725825671888
154.25	0.9441186064935324
154.375	0.9386329895946368
154.5	0.9417552642616052
154.625	0.9428603764038584
154.75	0.9380604616173248
154.875	0.9436592526512704
155.0	0.9456897297801092
155.125	0.9425208539987084
155.25	0.947034504796586
155.375	0.943779084088382
155.5	0.9439788031502352
155.625	0.9493445886120189
155.75	0.9450306568759944
155.875	0.9435660504224056
156.0	0.9480930158244069
156.125	0.9446312187522884
156.25	0.9453302354687736
156.375	0.9455432691347504
156.5	0.9469879036821536
156.625	0.9456298140615532
156.75	0.9454633815100092
156.875	0.9520807397594049
157.0	0.9470145328904008
157.125	0.9459959656749504
157.25	0.9472209092543152
157.375	0.947493858638848
157.5	0.9464286903089653
157.625	0.9407500116502784
157.75	0.943446218985294
157.875	0.9465618363502004
158.0	0.94019079827709
158.125	0.9412892531172816
158.25	0.942128073177064
158.375	0.9414223991585168
158.5	0.942986865143032
158.625	0.9389791693018483
158.75	0.9423477641451024
158.875	0.9453368927708357
159.0	0.942813775289426
159.125	0.9461956847368033
159.25	0.9469346452656596
159.375	0.9460825106017532
159.5	0.9450173422718708
159.625	0.9473340833893656
159.75	0.9463820891945328
159.875	0.9463354880801004
160.0	0.9474206283161685
160.125	0.9460425667893828
160.25	0.9464553195172124
160.375	0.9494910492573777
160.5	0.94618237013268
160.625	0.9458295331234065
160.75	0.9489850943006837
160.875	0.9433996178708616
161.0	0.9459826510708268
161.125	0.95119531858519
161.25	0.9463288307780389
161.375	0.9480331001058508
161.5	0.9500835491408749
161.625	0.9523736610501224
161.75	0.953019419350114
161.875	0.9496375099027364
162.0	0.9504963018687045
162.125	0.9546304864490613
162.25	0.9509157118985957
162.375	0.9493778751223276
162.5	0.9494910492573777
162.625	0.9510621725439549
162.75	0.9495176784656248
162.875	0.9438722863172468
163.0	0.9462156566429888
163.125	0.9474272856182301
163.25	0.943898915525494
163.375	0.945383493885268
163.5	0.946402061100718
163.625	0.9460159375811357
163.75	0.9454966680203181
163.875	0.9429735505389084
164.0	0.9460159375811357
164.125	0.9448908535326972
164.25	0.9424409663739672
164.375	0.9475604316594656
164.5	0.9474272856182301
164.625	0.9437391402760116
164.75	0.9492713582893396
164.875	0.9471876227440065
165.0	0.9451238591048589
165.125	0.949830571662528
165.25	0.9475670889615272
165.375	0.9445047300131149
165.5	0.9485723415728541
165.625	0.9493778751223276
165.75	0.945270319750218
165.875	0.9493379313099573
166.0	0.9482527910738893
166.125	0.9479731843872948
166.25	0.9522937734253812
166.375	0.9499504030996396
166.5	0.9486722011037805
166.625	0.9538316102016496
166.75	0.9497240548295397
166.875	0.9475338024512184
167.0	0.9529129025171257
167.125	0.9527264980593965
167.25	0.953019419350114
167.375	0.9540579584717497
167.5	0.952786413777952
167.625	0.9526998688511492
167.75	0.9520740824573433
167.875	0.9515082117820929
168.0	0.9542177337212321
168.125	0.95119531858519
168.25	0.949597566090366
168.375	0.9540313292635024
168.5	0.9484125663233717
168.625	0.9485257404584216
168.75	0.95085579618004
168.875	0.9476136900759596
169.0	0.9473939991079212
169.125	0.9470877632130801
169.25	0.9478600102522449
169.375	0.9453368927708357
169.5	0.9445047300131149
169.625	0.9489917516027453
169.75	0.946461976819274
169.875	0.9446511906584736
170.0	0.9507625939511752
170.125	0.9495775941841809
170.25	0.946402061100718
170.375	0.9488452909573865
170.5	0.9501634367656161
170.625	0.9483393360006921
170.75	0.949597566090366
170.875	0.9496774537151073
171.0	0.9501434648594309
171.125	0.9524069475604316
171.25	0.9518810206975521
171.375	0.9497972851522188
171.5	0.954270992137726
171.625	0.9546571156573085
171.75	0.9505562175872605
171.875	0.9534454866820669
172.0	0.9572800926696445
172.125	0.9529794755377433
172.25	0.9539181551284525
172.375	0.9553361604676088
172.5	0.9562681827562561
172.625	0.9569805140768649
172.75	0.9553827615820413
172.875	0.9546438010531849
173.0	0.9561949524335766
173.125	0.949830571662528
173.25	0.94965082450686
173.375	0.9539847281490701
173.5	0.9482527910738893
173.625	0.9494910492573777
173.75	0.9527065261532108
173.875	0.9532191384119669
174.0	0.9511553747728193
174.125	0.9451571456151681
174.25	0.9464952633295828
174.375	0.9473607125976125
174.5	0.9511820039810664
174.625	0.9536052619315493
174.75	0.9550498964789529
174.875	0.9582653733747861
175.0	0.957606300470671
175.125	0.9536718349521672
175.25	0.9529528463294965
175.375	0.9496108806944896
175.5	0.9519009926037373
175.625	0.9502566389944809
175.75	0.9485390550625452
175.875	0.9538981832222673
176.0	0.9582387441665389
176.125	0.9536318911397965
176.25	0.9530327339542377
176.375	0.954503997709888
176.5	0.9552562728428676
176.625	0.9548834639274085
176.75	0.9584184913222065
176.875	0.9560285198820325
177.0	0.9543641943665909
177.125	0.9590043339036421
177.25	0.9589510754871478
177.375	0.9557622277995617
177.5	0.9597699236407453
177.625	0.9594037720273482
177.75	0.9553761042799793
177.875	0.9592506540799273
178.0	0.9639174228252257
178.125	0.9614941648747426
178.25	0.960914979595369
178.375	0.9618203726757694
178.5	0.9586980980088009
178.625	0.9598830977757953
178.75	0.9594237439335334
178.875	0.9558887165387353
179.0	0.9544973404078261
179.125	0.9560618063923413
179.25	0.9544307673872084
179.375	0.9568873118480005
179.5	0.9557688851016237
179.625	0.9520008521346637
179.75	0.9554293626964733
179.875	0.9561017502047117
180.0	0.95375837987897
180.125	0.9560484917882177
180.25	0.9566742781820237
180.375	0.9614009626458782
180.5	0.9575863285644857
180.625	0.9554027334882265
180.75	0.9595435753706453
180.875	0.9592439967778658
181.0	0.9591241653407537
181.125	0.9606220583046513
181.25	0.9606553448149602
181.375	0.9652888270499498
181.5	0.9633182656396666
181.625	0.9620267490396841
181.75	0.9676255400736298
181.875	0.9649759338530466
182.0	0.9597432944324982
182.125	0.9636844172530638
182.25	0.9644766361984142
182.375	0.9582254295624153
182.5	0.9591707664551862
182.625	0.9613477042293838
182.75	0.9593704855170393
182.875	0.9588112721438509
183.0	0.9594503731417805
183.125	0.9578859071572653
183.25	0.9593571709129157
183.375	0.9632783218272961
183.5	0.9586315249881833
183.625	0.9592506540799273
183.75	0.9620733501541165
183.875	0.9630586308592577
184.0	0.9626059343190577
184.125	0.9631052319736901
184.25	0.9585649519675653
184.375	0.9645298946149081
184.5	0.9636045296283225
184.625	0.960455625753107
184.75	0.9625393612984401
184.875	0.961254502000519
185.0	0.965528489924173
185.125	0.967412506407653
185.25	0.9633914959623462
185.375	0.9657415235901498
185.5	0.9653554000705673
185.625	0.968264641071559
185.75	0.9668599503365266
185.875	0.9648361305097494
186.0	0.9671395570231206
186.125	0.9642436306262522
186.25	0.9642369733241906
186.375	0.9660677313911762
186.5	0.9596833787139422
186.625	0.9617138558427809
186.75	0.9639706812417198
186.875	0.9601427325562041
187.0	0.9628855410056517
187.125	0.9590376204139509
187.25	0.9612478446984574
187.375	0.9633715240561609
187.5	0.9595568899747685
187.625	0.9608350919706278
187.75	0.9638508498046081
187.875	0.9644633215942906
188.0	0.9647162990726378
188.125	0.9649559619468614
188.25	0.9615407659891749
188.375	0.9653487427685054
188.5	0.9664804841190058
188.625	0.962912170213899
188.75	0.9621399231747342
188.875	0.9699955396076186
189.0	0.9672261019499238
189.125	0.9662075347344734
189.25	0.9684510455292886
189.375	0.9693963824220594
189.5	0.9708743034797718
189.625	0.9687905679344386
189.75	0.9658680123293234
189.875	0.9715600055921334
190.0	0.9707944158550306
190.125	0.9673326187829118
190.25	0.9702485170859654
190.375	0.9693298094014418
190.5	0.9721924492880014
190.625	0.9704948372622509
190.75	0.9701952586694714
190.875	0.971972758319963
191.0	0.9673459333870353
191.125	0.9702884608983362
191.25	0.9702285451797802
191.375	0.964676355260267
191.5	0.9659212707458174
191.625	0.9661809055262262
191.75	0.9657681527983966
191.875	0.9659678718602498
192.0	0.9625593332046254
192.125	0.9643701193654257
192.25	0.9669132087530206
192.375	0.9647229563746994
192.5	0.9656017202468525
192.625	0.9654419449973701
192.75	0.9626059343190577
192.875	0.9690502027148478
193.0	0.968271298373621
193.125	0.9628389398912194
193.25	0.9658347258190145
193.375	0.969689303712777
193.5	0.9644899508025377
193.625	0.9650957652901582
193.75	0.9667534335035382
193.875	0.967638854677753
194.0	0.9665870009519941
194.125	0.967412506407653
194.25	0.9658879842355086
194.375	0.9690768319230946
194.5	0.9692565790787622
194.625	0.9643767766674878
194.75	0.970887618083895
194.875	0.9713336573220334
195.0	0.9638508498046081
195.125	0.9688305117468093
195.25	0.971000792218945
195.375	0.9670396974921942
195.5	0.9689037420694886
195.625	0.968723994913821
195.75	0.970035483419989
195.875	0.9697159329210242
196.0	0.9660810459952998
196.125	0.9730312693477838
196.25	0.9703550339189538
196.375	0.9687373095179446
196.5	0.9691700341519593
196.625	0.9653620573726289
196.75	0.9693231520993801
196.875	0.9695095565571094
197.0	0.9648827316241818
197.125	0.964616439541711
197.25	0.9639640239396582
197.375	0.9674191637097149
197.5	0.9662874223592146
197.625	0.9619868052273134
197.75	0.965248883237579
197.875	0.970321747408645
198.0	0.9665803436499322
198.125	0.967698770396309
198.25	0.966959809867453
198.375	0.9668932368468354
198.5	0.9720127021323338
198.625	0.9711672247704894
198.75	0.968038292801459
198.875	0.971573320196257
199.0	0.9734440220756134
199.125	0.9689636577880446
199.25	0.9725253143910898
199.375	0.9759072238384671
199.5	0.970781101250907
199.625	0.973344162544687
199.75	0.977445060614735
199.875	0.973743600668393
200.0	0.9731577580869574
200.125	0.978989554693065
200.25	0.9791759591507943
200.375	0.9760736563900111
200.5	0.9774583752188587
200.625	0.9753213812570315
200.75	0.9762733754518642
200.875	0.9784037121116295
201.0	0.9731644153890194
201.125	0.9746356791446699
201.25	0.9754811565065138
201.375	0.9768858472415467
201.5	0.976759358502373
201.625	0.973117814274587
201.75	0.9760137406714554
201.875	0.9784503132260619
202.0	0.9741030949797282
202.125	0.9754345553920815
202.25	0.9735771681168486
202.375	0.9746223645405462
202.5	0.9739832635426167
202.625	0.9700288261179274
202.75	0.9727649772653134
202.875	0.9734506793776754
203.0	0.9701886013674098
203.125	0.9715533482900718
203.25	0.9736637130436518
203.375	0.974196297208593
203.5	0.9704482361478186
203.625	0.9707411574385362
203.75	0.9770389651889675
203.875	0.9741630106982843
204.0	0.9721658200797542
204.125	0.976473094513717
204.25	0.9744492746869402
204.375	0.9729180952127339
204.5	0.9774783471250439
204.625	0.9754079261838347
204.75	0.9765529821384582
204.875	0.9786766614961618
205.0	0.9783504536951354
205.125	0.9778644706446262
205.25	0.978756549120903
205.375	0.9756542463601199
205.5	0.9788364367456442
205.625	0.9820186271311687
205.75	0.9782639087683322
205.875	0.9764930664199026
206.0	0.9827442730559011
206.125	0.9808868857806683
206.25	0.9774184314064879
206.375	0.9800280938147007
206.5	0.9828441325868279
206.625	0.9814860429662274
206.75	0.9813062958105595
206.875	0.9782905379765795
207.0	0.9815659305909686
207.125	0.9841955649053663
207.25	0.9786633468920383
207.375	0.9793423917023386
207.5	0.983256885314657
207.625	0.9804741330528387
207.75	0.9803343297095418
207.875	0.9835431493033131
208.0	0.9824513517651835
208.125	0.9829306775136307
208.25	0.9833900313558926
208.375	0.9835631212094983
208.5	0.9857467162857579
208.625	0.9809468014992243
208.75	0.9805939644899506
208.875	0.9838760144064015
209.0	0.9799082623775887
209.125	0.9805340487713947
209.25	0.9820718855476627
209.375	0.981432784549733
209.5	0.9818721664858099
209.625	0.9763998641910379
209.75	0.9763998641910379
209.875	0.9751549487054875
210.0	0.9722656796106807
210.125	0.9755011284126994
210.25	0.9757807350992934
210.375	0.9749685442477578
210.5	0.978417026715753
210.625	0.9740365219591106
210.75	0.9763932068889758
210.875	0.9792358748693503
211.0	0.9749818588518815
211.125	0.9753746396735258
211.25	0.9787964929332739
211.375	0.978696633402347
211.5	0.9770922236054614
211.625	0.9778977571549351
211.75	0.9768459034291762
211.875	0.9810666329363359
212.0	0.9805939644899506
212.125	0.9750351172683758
212.25	0.9783437963930735
212.375	0.9843287109466015
212.5	0.9806538802085066
212.625	0.9783238244868883
212.75	0.9828840763991983
212.875	0.9826710427332219
213.0	0.982065228245601
213.125	0.9813595542270539
213.25	0.9828574471909511
213.375	0.9834432897723867
213.5	0.9808469419682979
213.625	0.9803543016157271
213.75	0.985806632004314
213.875	0.9808735711765447
214.0	0.9798949477734651
214.125	0.9787831783291503
214.25	0.9830638235548659
214.375	0.9861794409197727
214.5	0.9855203680156579
214.625	0.9843153963424779
214.75	0.9839425874270191
214.875	0.9839825312393898
215.0	0.9889821650877764
215.125	0.9835231773971279
215.25	0.9858598904208079
215.375	0.9875508451444968
215.5	0.9892417998681852
215.625	0.9891419403372588
215.75	0.9856668286610167
215.875	0.98888230555685
216.0	0.991957979109386
216.125	0.9872712384579023
216.25	0.9884695528290204
216.375	0.9900406761155971
216.5	0.988309777579538
216.625	0.9882831483712907
216.75	0.9878304518310908
216.875	0.9890953392228263
217.0	0.9865123060228611
217.125	0.9813595542270539
217.25	0.9848013793929871
217.375	0.9864657049084287
217.5	0.9815060148724126
217.625	0.9845018008002075
217.75	0.9877905080187203
217.875	0.985313991651743
218.0	0.9812064362796331
218.125	0.9864457330022435
218.25	0.9871846935310995
218.375	0.9810400037280891
218.5	0.9823182057239482
218.625	0.9838027840837219
218.75	0.9849411827362843
218.875	0.9869583452609995
219.0	0.9827442730559011
219.125	0.9861927555238963
219.25	0.9901072491362147
219.375	0.9882964629754143
219.5	0.9877572215084115
219.625	0.9903735412186856
219.75	0.9889222493692204
219.875	0.99155854098568
220.0	0.9885694123599468
220.125	0.9892950582846796
220.25	0.9928234283774156
220.375	0.9896146087836444
220.5	0.990812923154762
220.625	0.9899474738867323
220.75	0.9897078110125087
220.875	0.9933493552402951
221.0	0.9864324183981199
221.125	0.9890154515980851
221.25	0.9885893842661323
221.375	0.9847281490703075
221.5	0.9892684290764323
221.625	0.9880501427991292
221.75	0.9839226155208339
221.875	0.9892884009826175
222.0	0.9902736816877591
222.125	0.9862127274300815
222.25	0.9894348616279763
222.375	0.9900606480217824
222.5	0.9884961820372675
222.625	0.9888956201609735
222.75	0.9871846935310995
222.875	0.9876174181651143
223.0	0.9909394118939355
223.125	0.9898476143558059
223.25	0.9863325588671932
223.375	0.9915385690794948
223.5	0.9938686248011128
223.625	0.9901738221568327
223.75	0.9930231474392688
223.875	0.9930564339495775
224.0	0.9933892990526656
224.125	0.9949071639227484
224.25	0.9906797771135267
224.375	0.9940750011650276
224.5	0.997596713955702
224.625	0.9928167710753539
224.75	0.9920178948279419
224.875	0.9945476696114132
225.0	0.9925704508990684
225.125	0.9926769677320567
225.25	0.9891685695455059
225.375	0.9888956201609735
225.5	0.9934225855629748
225.625	0.9886959010991203
225.75	0.987910339455832
225.875	0.9900340188135356
226.0	0.9891153111290115
226.125	0.9905666029784768
226.25	0.9892085133578763
226.375	0.9885161539434527
226.5	0.9917649173495947
226.625	0.9897743840331267
226.75	0.9898742435640532
226.875	0.9882165753506731
227.0	0.9880368281950055
227.125	0.9922309284939184
227.25	0.9882232326527352
227.375	0.9888889628589115
227.5	0.9927235688464892
227.625	0.9901937940630179
227.75	0.9911990466743448
227.875	0.9947806751835748
228.0	0.9930098328351451
228.125	0.9927568553567979
228.25	0.994747388673266
228.375	0.9950269953598604
228.5	0.9931829226887512
228.625	0.9953132593485163
228.75	0.9930497766475156
228.875	0.9930963777619479
229.0	0.997430281404158
229.125	0.9939951135402864
229.25	0.9943279786433747
229.375	1.0
229.5	0.996464972605202
229.625	0.9964183714907696
229.75	0.9959057592320135
229.875	0.9942813775289424
230.0	0.9965914613443756
230.125	0.9946208999340924
230.25	0.9974103094979728
230.375	0.9971173882072548
230.5	0.9901605075527091
230.625	0.9926836250341183
230.75	0.9969376410515872
230.875	0.9898609289599295
231.0	0.9911857320702211
231.125	0.9888090752341704
231.25	0.9897677267310647
231.375	0.9927701699609216
231.5	0.9868318565218259
231.625	0.9881300304238704
231.75	0.9886426426826264
231.875	0.9872645811558407
232.0	0.9899874176991031
232.125	0.9863192442630699
232.25	0.9870315755836787
232.375	0.9877705361125347
232.5	0.9869849744692463
232.625	0.9889222493692204
232.75	0.9886226707764412
232.875	0.9898076705434355
233.0	0.9926037374093771
233.125	0.9883364067877851
233.25	0.9911990466743448
233.375	0.9957459839825312
233.5	0.9922841869104123
233.625	0.9924040183475243
233.75	0.9973903375917872
233.875	0.9932894395217392
234.0	0.9921177543588684
234.125	0.9952932874423308
234.25	0.9957060401701604
234.375	0.9942281191124483
234.5	0.9964782872093252
234.625	0.99645831530314
234.75	0.9959789895546928
234.875	0.995719354774284
235.0	0.9951268548907868
235.125	0.9961054782938664
235.25	0.9956394671495428
235.375	0.99321620919906
235.5	0.9970508151866372
235.625	0.9927701699609216
235.75	0.9859863791599816
235.875	0.9924040183475243
236.0	0.9903535693125003
236.125	0.9876041035609907
236.25	0.9890820246187028
236.375	0.9866121655537875
236.5	0.988076772007376
236.625	0.9874576429156319
236.75	0.9873710979888287
236.875	0.9879036821537703
237.0	0.9834100032620778
237.125	0.9877239349981023
237.25	0.993269467615554
237.375	0.9881899461424263
237.5	0.9896212660857059
237.625	0.9886359853805643
237.75	0.993841995592866
237.875	0.9931962372928743
238.0	0.9897277829186943
238.125	0.9942414337165719
238.25	0.9935690462083335
238.375	0.9898809008661147
238.5	0.9926237093155628
238.625	0.9933560125423567
238.75	0.994973736943366
238.875	0.9955196357124312
239.0	0.9948272762980072
239.125	0.9957992423990252
239.25	0.9959723322526312
239.375	0.9951068829846016
239.5	0.993955169727916
239.625	0.9958591581175812
239.75	0.993722164155754
239.875	0.9919246925990771
240.0	0.991731630839286
240.125	0.9901605075527091
240.25	0.9899075300743619
240.375	0.9906198613949707
240.5	0.9889222493692204
240.625	0.9900406761155971
240.75	0.9910925298413563
240.875	0.9878703956434615
241.0	0.9870315755836787
241.125	0.9928567148877243
241.25	0.9893749459094208
241.375	0.9875907889568671
241.5	0.9930564339495775
241.625	0.9900007323032267
241.75	0.9865256206269847
241.875	0.9892284852640616
242.0	0.9904667434475504
242.125	0.9887092157032439
242.25	0.9854404803909167
242.375	0.9872645811558407
242.5	0.9919446645052623
242.625	0.9867652835012083
242.75	0.9895214065547795
242.875	0.9926569958258715
243.0	0.9913921084341359
243.125	0.9915319117774327
243.25	0.9923640745351535
243.375	0.9938885967072983
243.5	0.9958791300237664
243.625	0.9902869962918828
243.75	0.9884895247352056
243.875	0.9908395523630091
244.0	0.9891352830351972
244.125	0.9868917722403815
244.25	0.9912589623929003
244.375	0.9906731198114651
244.5	0.990812923154762
244.625	0.9943412932474983
244.75	0.9919113779949535
244.875	0.9894881200444707
245.0	0.995433090785628
245.125	0.9930697485537008
245.25	0.9928900013980332
245.375	0.9968976972392167
245.5	0.9954930065041839
245.625	0.9916783724227919
245.75	0.9943945516639924
245.875	0.9937021922495688
246.0	0.9845484019146399
246.125	0.9874110418011995
246.25	0.9917050016310388
246.375	0.9863458734713167
246.5	0.9845883457270103
246.625	0.9871247778125435
246.75	0.9892617717743707
246.875	0.9898609289599295
247.0	0.9872512665517171
247.125	0.989794355939312
247.25	0.9940550292588424
247.375	0.9884162944125263
247.5	0.991045928726924
247.625	0.9960189333670636
247.75	0.9933759844485424
247.875	0.9924772486702036
248.0	0.9928900013980332
248.125	0.994467781986672
248.25	0.9946009280279072
248.375	0.9922109565877332
248.5	0.9941016303732748
248.625	0.9923307880248448
248.75	0.9887225303073676
248.875	0.992983203626898
249.0	0.9883830079022176
249.125	0.9876573619774848
249.25	0.9946208999340924
249.375	0.9897743840331267
249.5	0.9880235135908819
249.625	0.9933560125423567
249.75	0.9912722769970239
249.875	0.991325535413518
250.0	0.995093568380478
250.125	0.9906731198114651
250.25	0.9915718555898035
250.375	0.994181517998016
250.5	0.99344255746916
250.625	0.9940483719567808
250.75	0.9954131188794427
250.875	0.9945476696114132
251.0	0.9941482314877071
251.125	0.9924905632743272
251.25	0.9879502832682027
251.375	0.9874176991032612
251.5	0.99121901858053
251.625	0.9898409570537443
251.75	0.9875841316548055
251.875	0.9929632317207128
252.0	0.9932894395217392
252.125	0.9879902270805732
252.25	0.9909726984042444
252.375	0.9926037374093771
252.5	0.9891951987537527
252.625	0.9906864344155887
252.75	0.9929898609289596
252.875	0.9925371643887596
253.0	0.99321620919906
253.125	0.9948938493186248
253.25	0.9945077257990423
253.375	0.9946275572361544
253.5	0.9946475291423396
253.625	0.993841995592866
253.75	0.9925704508990684
253.875	0.98956135036715
254.0	0.9952400290258367
254.125	0.9888756482547879
254.25	0.9855203680156579
254.375	0.9881100585176851
254.5	0.9859264634414255
254.625	0.9874043844991375
254.75	0.9866720812723435
254.875	0.9875441878424347
255.0	0.9876640192795467
255.125	0.9843753120610339
255.25	0.9899874176991031
255.375	0.9892750863784939
255.5	0.9864723622104903
255.625	0.9912989062052712
255.75	0.993948512425854
255.875	0.9882565191630439
256.0	0.9886293280785027
256.125	0.9916051421001123
256.25	0.9912523050908387
256.375	0.9909394118939355
256.5	0.9908728388733179
256.625	0.9893749459094208
256.75	0.992357417233092
256.875	0.9923374453269067
257.0	0.9871780362290375
257.125	0.991278934299086
257.25	0.9955862087330488
257.375	0.9909993276124915
257.5	0.9914387095485684
257.625	0.9981426127247668
257.75	0.9928633721897864
257.875	0.9911990466743448
258.0	0.9945676415175984
258.125	0.9902736816877591
258.25	0.9910392714248624
258.375	0.9919712937135096
258.5	0.9837228964589807
258.625	0.9871380924166672
258.75	0.9898276424496207
258.875	0.9831037673672367
259.0	0.9847680928826783
259.125	0.9889688504836527
259.25	0.9844884861960839
259.375	0.9836829526466103
259.5	0.983549806605375
259.625	0.9877505642063495
259.75	0.9865189633249227
259.875	0.9847015198620607
260.0	0.9898342997516824
260.125	0.9882298899547968
260.25	0.985513710713596
260.375	0.9865256206269847
260.5	0.9907530074362063
260.625	0.9890420808063324
260.75	0.9890753673166411
260.875	0.9874110418011995
261.0	0.9934691866774068
261.125	0.990413485031056
261.25	0.9884495809228351
261.375	0.9938686248011128
261.5	0.9946142426320308
261.625	0.9887558168176763
261.75	0.991278934299086
261.875	0.9940683438629659
262.0	0.9889755077857147
262.125	0.9893483167011735
262.25	0.9927235688464892
262.375	0.9898742435640532
262.5	0.9884429236207731
262.625	0.9933560125423567
262.75	0.9878104799249056
262.875	0.9885161539434527
263.0	0.9941548887897688
263.125	0.9871780362290375
263.25	0.9851275871940135
263.375	0.9899607884908559
263.5	0.9859730645558579
263.625	0.9842421660197987
263.75	0.9857334016816343
263.875	0.9854138511826696
264.0	0.9851542164022608
264.125	0.9852474186311255
264.25	0.9851409017981371
264.375	0.9866853958764671
264.5	0.9848945816218518
264.625	0.9849278681321607
264.75	0.98733781147852
264.875	0.9831170819713603
265.0	0.9840890480723778
265.125	0.9858332612125608
265.25	0.9852474186311255
265.375	0.9862060701280199
265.5	0.985234104027002
265.625	0.9884495809228351
265.75	0.9868518284280111
265.875	0.987058204791926
266.0	0.9943945516639924
266.125	0.9901139064382767
266.25	0.9883430640898467
266.375	0.9922708723062892
266.5	0.9914253949444447
266.625	0.9894215470238531
266.75	0.9890687100145792
266.875	0.9911790747681591
267.0	0.9922775296083508
267.125	0.9912589623929003
267.25	0.9937621079681248
267.375	0.995040309963984
267.5	0.9918847487867064
267.625	0.9911857320702211
267.75	0.9944344954763632
267.875	0.9930164901372067
268.0	0.9906198613949707
268.125	0.9894282043259147
268.25	0.9928833440959716
268.375	0.9914387095485684
268.5	0.9865788790434787
268.625	0.9869383733548139
268.75	0.9871514070207907
268.875	0.9867253396888375
269.0	0.9845350873105163
269.125	0.9830505089507423
269.25	0.9874975867280024
269.375	0.9869383733548139
269.5	0.9838360705940307
269.625	0.9882898056733527
269.75	0.987970255174388
269.875	0.9831769976899158
270.0	0.9850809860795811
270.125	0.9867386542929611
270.25	0.9876107608630523
270.375	0.9860063510661667
270.5	0.9822316607971451
270.625	0.9898675862619911
270.75	0.9867785981053315
270.875	0.9837228964589807
271.0	0.9844285704775283
271.125	0.9875641597486199
271.25	0.9891153111290115
271.375	0.9881699742362408
271.5	0.9895347211589032
271.625	0.9943346359454368
271.75	0.9909793557063064
271.875	0.9895014346485943
272.0	0.9945143831011044
272.125	0.9899807603970412
272.25	0.9879436259661407
272.375	0.990986013008368
272.5	0.9873844125929523
272.625	0.9860928959929699
272.75	0.9895014346485943
272.875	0.9854138511826696
273.0	0.9846615760496898
273.125	0.9895480357630263
273.25	0.9839093009167102
273.375	0.9824114079528127
273.5	0.9890420808063324
273.625	0.9879369686640791
273.75	0.9818521945796247
273.875	0.9868385138238875
274.0	0.9886093561723175
274.125	0.984741463674431
274.25	0.9859264634414255
274.375	0.9906265186970328
274.5	0.9880368281950055
274.625	0.9898875581681768
274.75	0.9879835697785115
274.875	0.989454833534162
275.0	0.990986013008368
275.125	0.9858199466084371
275.25	0.9824580090672451
275.375	0.987630732769238
275.5	0.9847814074868019
275.625	0.9826777000352835
275.75	0.9844485423837135
275.875	0.9874176991032612
276.0	0.9893682886073587
276.125	0.9845484019146399
276.25	0.985913148837302
276.375	0.9907197209258976
276.5	0.9863059296589463
276.625	0.9881832888403643
276.75	0.9927701699609216
276.875	0.9897078110125087
277.0	0.9917982038599036
277.125	0.9934225855629748
277.25	0.9901937940630179
277.375	0.9942014899042012
277.5	0.9912922489032091
277.625	0.9882432045589203
277.75	0.9914187376423828
277.875	0.9888090752341704
278.0	0.9848812670177283
278.125	0.9875841316548055
278.25	0.9869117441465671
278.375	0.9836163796259927
278.5	0.9849411827362843
278.625	0.985313991651743
278.75	0.9854604522971019
278.875	0.9863525307733787
279.0	0.9855203680156579
279.125	0.9854937388074108
279.25	0.987058204791926
279.375	0.986086238690908
279.5	0.9809534588012859
279.625	0.9861860982218343
279.75	0.9894015751176676
279.875	0.9852740478393723
280.0	0.9854471376929783
280.125	0.9892551144723087
280.25	0.9856734859630784
280.375	0.9874110418011995
280.5	0.9849012389239135
280.625	0.9890154515980851
280.75	0.9895014346485943
280.875	0.9852141321208167
281.0	0.9927901418671068
281.125	0.9925438216908216
281.25	0.9871314351146051
281.375	0.9905732602805384
281.5	0.9919646364114476
281.625	0.9894881200444707
281.75	0.9922109565877332
281.875	0.9860462948785375
282.0	0.9852407613290635
282.125	0.9868851149383199
282.25	0.9828973910033219
282.375	0.9846216322373195
282.5	0.9857600308898815
282.625	0.9849678119445311
282.75	0.9855869410362755
282.875	0.9834699189806339
283.0	0.9864590476063667
283.125	0.9852673905373107
283.25	0.9813795261332391
283.375	0.9857067724733871
283.5	0.987570817050682
283.625	0.9851741883084459
283.75	0.9873577833847055
283.875	0.9869583452609995
284.0	0.9861128678991551
284.125	0.9888157325362323
284.25	0.9851875029125695
284.375	0.9867120250847139
284.5	0.9927302261485508
284.625	0.9901072491362147
284.75	0.9873178395723348
284.875	0.994927135828934
285.0	0.9919313499011387
285.125	0.9900140469073503
285.25	0.9923907037434008
285.375	0.9927235688464892
285.5	0.9878504237372759
285.625	0.9893150301908648
285.75	0.9915119398712475
285.875	0.9865056487207992
286.0	0.9851009579857667
286.125	0.9850343849651487
286.25	0.9861994128259579
286.375	0.9855802837342135
286.5	0.9849212108300988
286.625	0.9873710979888287
286.75	0.9886093561723175
286.875	0.9864989914187375
287.0	0.9880168562888203
287.125	0.9873511260826435
287.25	0.9872645811558407
287.375	0.9907862939465152
287.5	0.9884362663187115
287.625	0.9880101989867583
287.75	0.9904068277289944
287.875	0.9886359853805643
288.0	0.9896012941795207
288.125	0.991957979109386
288.25	0.9895813222733352
288.375	0.9894015751176676
288.5	0.984741463674431
288.625	0.9882698337671675
288.75	0.989055395410456
288.875	0.9834366324703251
289.0	0.9850610141733959
289.125	0.9852074748187547
289.25	0.9850943006837047
289.375	0.9864790195125523
289.5	0.9819054529961186
289.625	0.9831037673672367
289.75	0.9878304518310908
289.875	0.9857267443795728
290.0	0.9819187676002423
290.125	0.988482867433144
290.25	0.9876507046754232
290.375	0.9839958458435131
290.5	0.9890753673166411
290.625	0.9888689909527263
290.75	0.9844219131754663
290.875	0.9878237945290291
291.0	0.9915518836836184
291.125	0.9852740478393723
291.25	0.9888157325362323
291.375	0.9927302261485508
291.5	0.9881966034444879
291.625	0.9913188781114564
291.75	0.9917982038599036
291.875	0.9868518284280111
292.0	0.9894748054403472
292.125	0.9886626145888116
292.25	0.9872912103640875
292.375	0.9891951987537527
292.5	0.9869317160527523
292.625	0.9856069129424607
292.75	0.9897677267310647
292.875	0.9851941602146311
293.0	0.9833101437311514
293.125	0.9861594690135875
293.25	0.9827376157538394
293.375	0.9824979528796158
293.5	0.9829306775136307
293.625	0.9830105651383719
293.75	0.9835697785115602
293.875	0.9803409870116034
294.0	0.9835764358136219
294.125	0.9823847787445659
294.25	0.9815393013827215
294.375	0.9850410422672107
294.5	0.9840491042600075
294.625	0.986425761096058
294.75	0.9852740478393723
294.875	0.9866055082517259
295.0	0.9877971653207819
295.125	0.9867785981053315
295.25	0.9872512665517171
295.375	0.9894415189300383
295.5	0.9840424469579455
295.625	0.9862659858465755
295.75	0.991957979109386
295.875	0.9873844125929523
296.0	0.98699828907337
296.125	0.9906132040929091
296.25	0.990247052479512
296.375	0.9860995532950315
296.5	0.9915452263815564
296.625	0.9930098328351451
296.75	0.9886959010991203
296.875	0.9897810413351883
297.0	0.9950469672660456
297.125	0.9907996085506388
297.25	0.9867852554073935
297.375	0.9892151706599384
297.5	0.9909926703104299
297.625	0.9890087942960235
297.75	0.9878371091331527
297.875	0.9847880647888635
298.0	0.9874376710094467
298.125	0.9845217727063927
298.25	0.9806472229064447
298.375	0.9859863791599816
298.5	0.9874376710094467
298.625	0.9815659305909686
298.75	0.9850144130589635
298.875	0.9855802837342135
299.0	0.9841289918847487
299.125	0.9857001151713255
299.25	0.9847348063723695
299.375	0.9854737669012255
299.5	0.9870515474898639
299.625	0.984401941269281
299.75	0.9859664072537963
299.875	0.9869849744692463
300.0	0.9872246373434699
300.125	0.9911324736537268
300.25	0.9864191037939963
300.375	0.9849877838507163
300.5	0.9896279233877675
300.625	0.9839292728228956
300.75	0.9819121102981803
300.875	0.9868784576362583
301.0	0.9833434302414603
301.125	0.9796020264827474
301.25	0.9841423064888722
301.375	0.9873178395723348
301.5	0.979502166951821
301.625	0.9805673352817035
301.75	0.9857267443795728
301.875	0.9832768572208427
302.0	0.9816990766322039
302.125	0.9836629807404251
302.25	0.9862659858465755
302.375	0.9841223345826867
302.5	0.9834765762826955
302.625	0.9805540206775799
302.75	0.986086238690908
302.875	0.987737249602226
303.0	0.9814594137579803
303.125	0.9834632616785719
303.25	0.9891219684310735
303.375	0.9847747501847399
303.5	0.9860263229723519
303.625	0.9895347211589032
303.75	0.9893283447949883
303.875	0.9885094966413911
304.0	0.9867253396888375
304.125	0.9884362663187115
304.25	0.9898742435640532
304.375	0.9852008175166931
304.5	0.9869117441465671
304.625	0.9896146087836444
304.75	0.9869783171671848
304.875	0.9900207042094119
305.0	0.9875641597486199
305.125	0.9889621931815912
305.25	0.9921177543588684
305.375	0.9874975867280024
305.5	0.9874509856135699
305.625	0.9877239349981023
305.75	0.9867253396888375
305.875	0.9862926150548227
306.0	0.9823381776301335
306.125	0.9814993575703507
306.25	0.9855070534115343
306.375	0.9819387395064275
306.5	0.9825578685981718
306.625	0.9862859577527611
306.75	0.9831170819713603
306.875	0.983489890886819
307.0	0.9858266039104991
307.125	0.9840357896558839
307.25	0.9833168010332131
307.375	0.9856202275465843
307.5	0.9848080366950487
307.625	0.9841156772806251
307.75	0.9870648620939875
307.875	0.9841356491868103
308.0	0.9856135702445227
308.125	0.9889289066712823
308.25	0.9875042440300643
308.375	0.9856069129424607
308.5	0.9897277829186943
308.625	0.9875575024465583
308.75	0.9865788790434787
308.875	0.9857067724733871
309.0	0.9825378966919863
309.125	0.9811265486548919
309.25	0.9806938240208771
309.375	0.9825112674837395
309.5	0.9848546378094811
309.625	0.9801412679497506
309.75	0.9821451158703423
309.875	0.9841822503012427
310.0	0.9819054529961186
310.125	0.9854471376929783
310.25	0.9852940197455579
310.375	0.9845617165187635
310.5	0.9838959863125867
310.625	0.9854604522971019
310.75	0.9892684290764323
310.875	0.9861062105970931
311.0	0.9839026436146486
311.125	0.9905998894887855
311.25	0.9869450306568759
311.375	0.9876174181651143
311.5	0.9871713789269759
311.625	0.9863858172836875
311.75	0.9884362663187115
311.875	0.986825199219764
312.0	0.9826777000352835
312.125	0.9866787385744051
312.25	0.9869783171671848
312.375	0.9807404251353095
312.5	0.979841689356971
312.625	0.9858598904208079
312.75	0.9828641044930131
312.875	0.9811798070713863
313.0	0.9881100585176851
313.125	0.98500109845484
313.25	0.9834699189806339
313.375	0.9871247778125435
313.5	0.9868917722403815
313.625	0.9870249182816171
313.75	0.990812923154762
313.875	0.9881233731218083
314.0	0.9884096371104644
314.125	0.9898409570537443
314.25	0.9847747501847399
314.375	0.9829639640239395
314.5	0.9817190485383891
314.625	0.981665790121895
314.75	0.9838959863125867
314.875	0.9800214365126386
315.0	0.9806006217920122
315.125	0.9838760144064015
315.25	0.9806339083023211
315.375	0.9834100032620778
315.5	0.9838160986878455
315.625	0.9836363515321779
315.75	0.9839559020311427
315.875	0.9803343297095418
316.0	0.9803476443136655
316.125	0.9788031502353355
316.25	0.9771920831363878
316.375	0.9810000599157183
316.5	0.9815592732889067
316.625	0.981492700268289
316.75	0.9808935430827302
316.875	0.9807737116456183
317.0	0.9843220536445398
317.125	0.9812130935816951
317.25	0.9783903975075059
317.375	0.9859996937641051
317.5	0.9827575876600246
317.625	0.9817523350486979
317.75	0.9889022774630352
317.875	0.9865988509496639
318.0	0.9827709022641483
318.125	0.9865455925331699
318.25	0.9889355639733439
318.375	0.9828774190971367
318.5	0.9876773338836703
318.625	0.9876640192795467
318.75	0.9831303965754835
318.875	0.9851009579857667
319.0	0.9819986552249834
319.125	0.977165453928141
319.25	0.9819520541105511
319.375	0.9798882904714035
319.5	0.974655651050855
319.625	0.9786500322879147
319.75	0.9796219983889327
319.875	0.9771854258343262
320.0	0.9783171671848266
320.125	0.9795820545765622
320.25	0.9782372795600854
320.375	0.9786833187982239
320.5	0.9750218026642522
320.625	0.9808535992703594
320.75	0.9793423917023386
320.875	0.9760669990879495
321.0	0.9780042739879234
321.125	0.9788830378600767
321.25	0.9810533183322127
321.375	0.9784436559240003
321.5	0.9753812969755874
321.625	0.9829905932321866
321.75	0.9788497513497678
321.875	0.9776314650724647
322.0	0.9805473633755183
322.125	0.9807870262497419
322.25	0.9820252844332303
322.375	0.9809268295930391
322.5	0.9836563234383631
322.625	0.9856268848486459
322.75	0.9838027840837219
322.875	0.9839425874270191
323.0	0.9850476995692723
323.125	0.9807670543435567
323.25	0.9829639640239395
323.375	0.9856202275465843
323.5	0.9828574471909511
323.625	0.9845550592167015
323.75	0.9831769976899158
323.875	0.9783770829033822
324.0	0.9846748906538135
324.125	0.9862127274300815
324.25	0.9800280938147007
324.375	0.9824580090672451
324.5	0.9881167158197467
324.625	0.9831703403878543
324.75	0.9800414084188239
324.875	0.9873178395723348
325.0	0.9840557615620691
325.125	0.9802943858971711
325.25	0.9808935430827302
325.375	0.9812596946961271
325.5	0.9812730093002506
325.625	0.9794888523476974
325.75	0.9750417745704374
325.875	0.9796219983889327
326.0	0.9805007622610858
326.125	0.9755277576209462
326.25	0.9771521393240175
326.375	0.9803742735219123
326.5	0.9783637682992591
326.625	0.9769990213765967
326.75	0.9779243863631822
326.875	0.9819121102981803
327.0	0.978929638974509
327.125	0.9792957905879063
327.25	0.9857001151713255
327.375	0.9797618017322298
327.5	0.9820519136414775
327.625	0.9833833740538307
327.75	0.9802344701786151
327.875	0.9834100032620778
328.0	0.9793956501188327
328.125	0.9773918021982411
328.25	0.9802544420848006
328.375	0.9774716898229823
328.5	0.9751216621951786
328.625	0.9787831783291503
328.75	0.9785102289446178
328.875	0.979388992816771
329.0	0.977564892051847
329.125	0.9775382628435998
329.25	0.9813728688311775
329.375	0.9814660710600419
329.5	0.9754412126941434
329.625	0.9838826717084631
329.75	0.9829573067218779
329.875	0.9795554253683151
330.0	0.9815792451950919
330.125	0.9872845530620259
330.25	0.9828441325868279
330.375	0.9808602565724215
330.5	0.9833700594497071
330.625	0.9851875029125695
330.75	0.984401941269281
330.875	0.9855869410362755
331.0	0.9838227559899075
331.125	0.9847880647888635
331.25	0.9822782619115775
331.375	0.978929638974509
331.5	0.9802810712930474
331.625	0.9787432345167795
331.75	0.9758406508178494
331.875	0.9781507346332823
332.0	0.9766128978570142
332.125	0.9775515774477235
332.25	0.9809800880095331
332.375	0.9770389651889675
332.5	0.9784636278301855
332.625	0.9817123912363275
332.75	0.9796752568054267
332.875	0.9814594137579803
333.0	0.9820718855476627
333.125	0.9804208746363446
333.25	0.9832502280125955
333.375	0.9823381776301335
333.5	0.9845816884249488
333.625	0.9802744139909859
333.75	0.9775981785621558
333.875	0.9839093009167102
334.0	0.9788630659538915
334.125	0.9740365219591106
334.25	0.9787299199126559
334.375	0.9791093861301766
334.5	0.9753812969755874
334.625	0.9789496108806942
334.75	0.9769191337518555
334.875	0.9771255101157702
335.0	0.9794622231394503
335.125	0.9803742735219123
335.25	0.9798350320549091
335.375	0.9827842168682719
335.5	0.9807337678332478
335.625	0.9821784023806511
335.75	0.984974469246593
335.875	0.9814793856641655
336.0	0.9854205084847311
336.125	0.988143345027994
336.25	0.9849078962259751
336.375	0.9847281490703075
336.5	0.9877505642063495
336.625	0.9826843573373455
336.75	0.9822849192136395
336.875	0.9862127274300815
337.0	0.9804874476569623
337.125	0.9758073643075407
337.25	0.9806805094167534
337.375	0.9768259315229907
337.5	0.9782905379765795
337.625	0.9815393013827215
337.75	0.9790095265992502
337.875	0.9800746949291327
338.0	0.9815859024971538
338.125	0.9808802284786067
338.25	0.9785568300590503
338.375	0.9751549487054875
338.5	0.9762334316394935
338.625	0.9794222793270798
338.75	0.9808402846662359
338.875	0.9794755377435739
339.0	0.9839958458435131
339.125	0.9825911551084807
339.25	0.9798217174507858
339.375	0.9854205084847311
339.5	0.9828774190971367
339.625	0.9795554253683151
339.75	0.9761402294106291
339.875	0.9749019712271403
340.0	0.9765796113467055
340.125	0.9756875328704286
340.25	0.972545286297275
340.375	0.9764597799095939
340.5	0.9782039930497767
340.625	0.9743028140415814
340.75	0.9794888523476974
340.875	0.9805939644899506
341.0	0.9765995832528906
341.125	0.9809867453115947
341.25	0.983256885314657
341.375	0.9764864091178407
341.5	0.9805673352817035
341.625	0.9848479805074195
341.75	0.9802078409703683
341.875	0.9792159029631651
342.0	0.9837095818548575
342.125	0.9827908741703335
342.25	0.9837162391569191
342.375	0.9861994128259579
342.5	0.9858798623269931
342.625	0.9841223345826867
342.75	0.9827642449620867
342.875	0.9807803689476803
343.0	0.9820186271311687
343.125	0.9794222793270798
343.25	0.973690342251899
343.375	0.9820385990373539
343.5	0.9796619422013034
343.625	0.977331886479685
343.75	0.9781640492374059
343.875	0.9770922236054614
344.0	0.9790760996198679
344.125	0.9761069429003202
344.25	0.9727316907550047
344.375	0.9787831783291503
344.5	0.9746955948632254
344.625	0.9754278980900198
344.75	0.9763466057745435
344.875	0.9759405103487758
345.0	0.9773984595003027
345.125	0.9764930664199026
345.25	0.978417026715753
345.375	0.9795820545765622
345.5	0.974369387062199
345.625	0.976706100085879
345.75	0.9818788237878715
345.875	0.9763798922848527
346.0	0.9794755377435739
346.125	0.9809734307074714
346.25	0.9778711279466883
346.375	0.9810067172177803
346.5	0.9818055934651923
346.625	0.9763199765662967
346.75	0.9795687399724387
346.875	0.9838760144064015
347.0	0.9792425321714119
347.125	0.9765796113467055
347.25	0.9814128126435478
347.375	0.9814860429662274
347.5	0.9782439368621471
347.625	0.9811065767487067
347.75	0.9824446944631219
347.875	0.9804475038445919
348.0	0.983150368481669
348.125	0.9819653687146747
348.25	0.9803676162198507
348.375	0.9837694975734131
348.5	0.9775116336353527
348.625	0.9797551444301679
348.75	0.9830238797424955
348.875	0.9816591328198331
349.0	0.9792292175672886
349.125	0.9817856215590067
349.25	0.9820385990373539
349.375	0.9844152558734047
349.5	0.9798483466590326
349.625	0.984168935697119
349.75	0.9848080366950487
349.875	0.9823248630260099
350.0	0.9885028393393291
350.125	0.9871780362290375
350.25	0.9825512112961099
350.375	0.9867120250847139
350.5	0.9872978676661495
350.625	0.9837828121775367
350.75	0.9858598904208079
350.875	0.9854804242032871
351.0	0.9822183461930215
351.125	0.9846149749352575
351.25	0.9813728688311775
351.375	0.9800214365126386
351.5	0.9818987956940567
351.625	0.9797152006177975
351.75	0.9792558467755355
351.875	0.9796819141074886
352.0	0.9776248077704026
352.125	0.9802610993868622
352.25	0.9811664924672626
352.375	0.9786700041941002
352.5	0.9788430940477059
352.625	0.9814860429662274
352.75	0.9779310436652439
352.875	0.9781041335188498
353.0	0.9825179247858011
353.125	0.9803210151054182
353.25	0.9784902570384323
353.375	0.9835231773971279
353.5	0.9833567448455839
353.625	0.9811198913528303
353.75	0.9810666329363359
353.875	0.9816258463095243
354.0	0.9829439921177543
354.125	0.9803210151054182
354.25	0.9784037121116295
354.375	0.9850610141733959
354.5	0.9784835997363707
354.625	0.9796752568054267
354.75	0.9854338230888547
354.875	0.9791892737549178
355.0	0.9811731497693242
355.125	0.9840224750517603
355.25	0.9810266891239655
355.375	0.9830371943466191
355.5	0.9826244416187895
355.625	0.9830039078363099
355.75	0.9863858172836875
355.875	0.9837029245527955
356.0	0.9820785428497246
356.125	0.9810400037280891
356.25	0.9822982338177627
356.375	0.9854737669012255
356.5	0.9801745544600594
356.625	0.9810466610301507
356.75	0.9857467162857579
356.875	0.9840291323538223
357.0	0.983549806605375
357.125	0.9872512665517171
357.25	0.9847747501847399
357.375	0.9841423064888722
357.5	0.9846682333517515
357.625	0.9830105651383719
357.75	0.9842155368115515
357.875	0.9855536545259667
358.0	0.9825911551084807
358.125	0.9803409870116034
358.25	0.9853273062558667
358.375	0.9816724474239567
358.5	0.9774184314064879
358.625	0.9804408465425298
358.75	0.9765662967425819
358.875	0.9767194146900027
359.0	0.9813928407373627
359.125	0.9830238797424955
359.25	0.9794555658373887
359.375	0.9812397227899419
359.5	0.9825179247858011
359.625	0.9845018008002075
359.75	0.9816990766322039
359.875	0.9822516327033303
360.0	0.9848746097156663
360.125	0.9786566895899766
360.25	0.9769524202621642
360.375	0.9816990766322039
360.5	0.9785967738714206
360.625	0.9779643301755531
360.75	0.9808735711765447
360.875	0.9786234030796679
361.0	0.9769524202621642
361.125	0.9763998641910379
361.25	0.9765063810240259
361.375	0.9794622231394503
361.5	0.9758606227240346
361.625	0.9750351172683758
361.75	0.9802744139909859
361.875	0.976766015804435
362.0	0.9781507346332823
362.125	0.9796752568054267
362.25	0.9797418298260446
362.375	0.9831703403878543
362.5	0.9784569705281234
362.625	0.978297195278641
362.75	0.9859264634414255
362.875	0.9806339083023211
363.0	0.9793690209105854
363.125	0.9826111270146659
363.25	0.9844884861960839
363.375	0.9820385990373539
363.5	0.9831303965754835
363.625	0.9827376157538394
363.75	0.982005312527045
363.875	0.9793423917023386
364.0	0.9759671395570231
364.125	0.978756549120903
364.25	0.9792292175672886
364.375	0.979329077098215
364.5	0.9761069429003202
364.625	0.980753739739433
364.75	0.9807737116456183
364.875	0.9795421107641915
365.0	0.9797351725239827
365.125	0.9810400037280891
365.25	0.9834033459600159
365.375	0.9838626998022779
365.5	0.9801945263662447
365.625	0.9812796666023127
365.75	0.9852673905373107
365.875	0.9819587114126127
366.0	0.9812064362796331
366.125	0.9864457330022435
366.25	0.9844085985713427
366.375	0.9834965481888807
366.5	0.9881300304238704
366.625	0.9874643002176935
366.75	0.9863125869610079
366.875	0.9848479805074195
367.0	0.9814793856641655
367.125	0.9856069129424607
367.25	0.9841955649053663
367.375	0.9785634873611119
367.5	0.9827109865455923
367.625	0.9810466610301507
367.75	0.9799482061899595
367.875	0.9810400037280891
368.0	0.9802610993868622
368.125	0.9811332059569539
368.25	0.978357110997197
368.375	0.981153177863139
368.5	0.9821650877765274
368.625	0.9758406508178494
368.75	0.9778910998528735
368.875	0.9821251439641571
369.0	0.9778245268322558
369.125	0.9753812969755874
369.25	0.9789429535786327
369.375	0.9785701446631735
369.5	0.9783038525807031
369.625	0.9778644706446262
369.75	0.9762201170353703
369.875	0.9767194146900027
370.0	0.9802278128765535
370.125	0.9792292175672886
370.25	0.9760536844838258
370.375	0.9820519136414775
370.5	0.9815792451950919
370.625	0.9767793304085586
370.75	0.9800014646064534
370.875	0.9804941049590242
371.0	0.9776980380930822
371.125	0.9785035716425559
371.25	0.9791426726404855
371.375	0.9784503132260619
371.5	0.980414217334283
371.625	0.9762334316394935
371.75	0.9789163243703854
371.875	0.9831170819713603
372.0	0.978530200850803
372.125	0.9773518583858702
372.25	0.9827376157538394
372.375	0.9825512112961099
372.5	0.9824846382754923
372.625	0.9809135149889154
372.75	0.9834100032620778
372.875	0.9849678119445311
373.0	0.9812264081858183
373.125	0.9839226155208339
373.25	0.9837828121775367
373.375	0.9771587966260791
373.5	0.9832768572208427
373.625	0.9836097223239307
373.75	0.9796885714095502
373.875	0.9824979528796158
374.0	0.9827243011497159
374.125	0.9825179247858011
374.25	0.9839226155208339
374.375	0.9807271105311859
374.5	0.9825112674837395
374.625	0.9800946668353182
374.75	0.9789030097662619
374.875	0.9814261272476714
