0.016666666666666666	0.8895
0.03333333333333333	0.9064
0.05	0.909
0.06666666666666667	0.9096
0.08333333333333333	0.91
0.1	0.9102
0.11666666666666667	0.9102
0.13333333333333333	0.9106
0.15	0.9111
0.16666666666666666	0.9116
0.18333333333333332	0.9124
0.2	0.9132
0.21666666666666667	0.9139
0.23333333333333334	0.9146
0.25	0.9153
0.26666666666666666	0.9158
0.2833333333333333	0.9164
0.3	0.917
0.31666666666666665	0.9175
0.3333333333333333	0.9183
0.35	0.9189
0.36666666666666664	0.9194
0.38333333333333336	0.92
0.4	0.9207
0.4166666666666667	0.9212
0.43333333333333335	0.9218
0.45	0.9225
0.4666666666666667	0.923
0.48333333333333334	0.9237
0.5	0.9244
0.5166666666666667	0.9249
0.5333333333333333	0.9255
0.55	0.9262
0.5666666666666667	0.9268
0.5833333333333334	0.9274
0.6	0.9281
0.6166666666666667	0.9286
0.6333333333333333	0.9294
0.65	0.9301
0.6666666666666666	0.9307
0.6833333333333333	0.9314
0.7	0.9321
0.7166666666666667	0.9326
0.7333333333333333	0.9334
0.75	0.9341
0.7666666666666667	0.9346
0.7833333333333333	0.9354
0.8	0.9361
0.8166666666666667	0.9367
0.8333333333333334	0.9374
0.85	0.9381
0.8666666666666667	0.9387
0.8833333333333333	0.9395
0.9	0.9403
0.9166666666666666	0.941
0.9333333333333333	0.9418
0.95	0.9426
0.9666666666666667	0.9433
0.9833333333333333	0.9442
1.0	0.945
1.0166666666666666	0.9458
1.0333333333333334	0.9465
1.05	0.9473
1.0666666666666667	0.9481
1.0833333333333333	0.949
1.1	0.9499
1.1166666666666667	0.9506
1.1333333333333333	0.9515
1.15	0.9523
1.1666666666666667	0.9531
1.1833333333333333	0.954
1.2	0.9549
1.2166666666666666	0.9557
1.2333333333333334	0.9566
1.25	0.9575
1.2666666666666666	0.9584
1.2833333333333334	0.9593
1.3	0.9603
1.3166666666666667	0.9611
1.3333333333333333	0.9621
1.35	0.9631
1.3666666666666667	0.9639
1.3833333333333333	0.9649
1.4	0.9659
1.4166666666666667	0.9667
1.4333333333333333	0.9677
1.45	0.9687
1.4666666666666666	0.9696
1.4833333333333334	0.9706
1.5	0.9716
1.5166666666666666	0.9724
1.5333333333333334	0.9734
1.55	0.9745
1.5666666666666667	0.9754
1.5833333333333333	0.9763
1.6	0.9773
1.6166666666666667	0.9781
1.6333333333333333	0.9791
1.65	0.9801
1.6666666666666667	0.981
1.6833333333333333	0.9818
1.7	0.9827
1.7166666666666666	0.9835
1.7333333333333334	0.9843
1.75	0.9853
1.7666666666666666	0.9861
1.7833333333333334	0.987
1.8	0.9878
1.8166666666666667	0.9886
1.8333333333333333	0.9895
1.85	0.9904
1.8666666666666667	0.9911
1.8833333333333333	0.9919
1.9	0.9927
1.9166666666666667	0.9934
1.9333333333333333	0.9942
1.95	0.995
1.9666666666666666	0.9957
1.9833333333333334	0.9965
2.0	0.9972
2.0166666666666666	0.9978
2.033333333333333	0.9985
2.05	0.9993
2.066666666666667	0.9999
2.0833333333333335	1.001
2.1	1.001
2.1166666666666667	1.002
2.1333333333333333	1.002
2.15	1.003
2.1666666666666665	1.004
2.183333333333333	1.004
2.2	1.005
2.216666666666667	1.005
2.2333333333333334	1.006
2.25	1.007
2.2666666666666666	1.007
2.283333333333333	1.008
2.3	1.008
2.316666666666667	1.009
2.3333333333333335	1.01
2.35	1.01
2.3666666666666667	1.011
2.3833333333333333	1.011
2.4	1.012
2.4166666666666665	1.012
2.433333333333333	1.013
2.45	1.013
2.466666666666667	1.013
2.4833333333333334	1.014
2.5	1.015
2.5166666666666666	1.015
2.533333333333333	1.016
2.55	1.016
2.566666666666667	1.017
2.5833333333333335	1.017
2.6	1.017
2.6166666666666667	1.018
2.6333333333333333	1.018
2.65	1.019
2.6666666666666665	1.019
2.683333333333333	1.02
2.7	1.02
2.716666666666667	1.021
2.7333333333333334	1.021
2.75	1.021
2.7666666666666666	1.022
2.783333333333333	1.022
2.8	1.023
2.816666666666667	1.023
2.8333333333333335	1.023
2.85	1.024
2.8666666666666667	1.024
2.8833333333333333	1.024
2.9	1.025
2.9166666666666665	1.025
2.933333333333333	1.026
2.95	1.026
2.966666666666667	1.026
2.9833333333333334	1.027
3.0	1.027
3.0166666666666666	1.028
3.033333333333333	1.028
3.05	1.028
3.066666666666667	1.029
3.0833333333333335	1.029
3.1	1.029
3.1166666666666667	1.03
3.1333333333333333	1.03
3.15	1.03
3.1666666666666665	1.031
3.183333333333333	1.031
3.2	1.031
3.216666666666667	1.032
3.2333333333333334	1.032
3.25	1.032
3.2666666666666666	1.033
3.283333333333333	1.033
3.3	1.033
3.316666666666667	1.034
3.3333333333333335	1.034
3.35	1.034
3.3666666666666667	1.034
3.3833333333333333	1.035
3.4	1.035
3.4166666666666665	1.035
3.433333333333333	1.036
3.45	1.036
3.466666666666667	1.036
3.4833333333333334	1.037
3.5	1.037
3.5166666666666666	1.037
3.533333333333333	1.037
3.55	1.038
3.566666666666667	1.038
3.5833333333333335	1.038
3.6	1.039
3.6166666666666667	1.039
3.6333333333333333	1.039
3.65	1.039
3.6666666666666665	1.04
3.683333333333333	1.04
3.7	1.04
3.716666666666667	1.04
3.7333333333333334	1.041
3.75	1.041
3.7666666666666666	1.041
3.783333333333333	1.041
3.8	1.042
3.816666666666667	1.042
3.8333333333333335	1.042
3.85	1.042
3.8666666666666667	1.043
3.8833333333333333	1.043
3.9	1.043
3.9166666666666665	1.043
3.933333333333333	1.044
3.95	1.044
3.966666666666667	1.044
3.9833333333333334	1.045
4.0	1.045
4.016666666666667	1.045
4.033333333333333	1.045
4.05	1.045
4.066666666666666	1.046
4.083333333333333	1.046
4.1	1.046
4.116666666666666	1.046
4.133333333333334	1.047
4.15	1.047
4.166666666666667	1.047
4.183333333333334	1.047
4.2	1.048
4.216666666666667	1.048
4.233333333333333	1.048
4.25	1.048
4.266666666666667	1.048
4.283333333333333	1.049
4.3	1.049
4.316666666666666	1.049
4.333333333333333	1.049
4.35	1.05
4.366666666666666	1.05
4.383333333333334	1.05
4.4	1.05
4.416666666666667	1.05
4.433333333333334	1.051
4.45	1.051
4.466666666666667	1.051
4.483333333333333	1.051
4.5	1.052
4.516666666666667	1.052
4.533333333333333	1.052
4.55	1.052
4.566666666666666	1.052
4.583333333333333	1.053
4.6	1.053
4.616666666666666	1.053
4.633333333333334	1.053
4.65	1.053
4.666666666666667	1.053
4.683333333333334	1.054
4.7	1.054
4.716666666666667	1.054
4.733333333333333	1.054
4.75	1.055
4.766666666666667	1.055
4.783333333333333	1.055
4.8	1.055
4.816666666666666	1.055
4.833333333333333	1.055
4.85	1.056
4.866666666666666	1.056
4.883333333333334	1.056
4.9	1.056
4.916666666666667	1.056
4.933333333333334	1.057
4.95	1.057
4.966666666666667	1.057
4.983333333333333	1.057
5.0	1.057
5.016666666666667	1.058
5.033333333333333	1.058
5.05	1.058
5.066666666666666	1.058
5.083333333333333	1.058
5.1	1.059
5.116666666666666	1.059
5.133333333333334	1.059
5.15	1.059
5.166666666666667	1.059
5.183333333333334	1.059
5.2	1.06
5.216666666666667	1.06
5.233333333333333	1.06
5.25	1.06
5.266666666666667	1.06
5.283333333333333	1.06
5.3	1.061
5.316666666666666	1.061
5.333333333333333	1.061
5.35	1.061
5.366666666666666	1.061
5.383333333333334	1.061
5.4	1.062
5.416666666666667	1.062
5.433333333333334	1.062
5.45	1.062
5.466666666666667	1.062
5.483333333333333	1.063
5.5	1.063
5.516666666666667	1.063
5.533333333333333	1.063
5.55	1.063
5.566666666666666	1.063
5.583333333333333	1.064
5.6	1.064
5.616666666666666	1.064
5.633333333333334	1.064
5.65	1.064
5.666666666666667	1.064
5.683333333333334	1.064
5.7	1.065
5.716666666666667	1.065
5.733333333333333	1.065
5.75	1.065
5.766666666666667	1.065
5.783333333333333	1.065
5.8	1.066
5.816666666666666	1.066
5.833333333333333	1.066
5.85	1.066
5.866666666666666	1.066
5.883333333333334	1.066
5.9	1.066
5.916666666666667	1.067
5.933333333333334	1.067
5.95	1.067
5.966666666666667	1.067
5.983333333333333	1.067
6.0	1.067
6.016666666666667	1.068
6.033333333333333	1.068
6.05	1.068
6.066666666666666	1.068
6.083333333333333	1.068
6.1	1.068
6.116666666666666	1.068
6.133333333333334	1.069
6.15	1.069
6.166666666666667	1.069
6.183333333333334	1.069
6.2	1.069
6.216666666666667	1.069
6.233333333333333	1.069
6.25	1.07
6.266666666666667	1.07
6.283333333333333	1.07
6.3	1.07
6.316666666666666	1.07
6.333333333333333	1.07
6.35	1.071
6.366666666666666	1.071
6.383333333333334	1.071
6.4	1.071
6.416666666666667	1.071
6.433333333333334	1.071
6.45	1.071
6.466666666666667	1.072
6.483333333333333	1.072
6.5	1.072
6.516666666666667	1.072
6.533333333333333	1.072
6.55	1.072
6.566666666666666	1.072
6.583333333333333	1.072
6.6	1.073
6.616666666666666	1.073
6.633333333333334	1.073
6.65	1.073
6.666666666666667	1.073
6.683333333333334	1.073
6.7	1.074
6.716666666666667	1.074
6.733333333333333	1.074
6.75	1.074
6.766666666666667	1.074
6.783333333333333	1.074
6.8	1.074
6.816666666666666	1.074
6.833333333333333	1.074
6.85	1.075
6.866666666666666	1.075
6.883333333333334	1.075
6.9	1.075
6.916666666666667	1.075
6.933333333333334	1.075
6.95	1.075
6.966666666666667	1.076
6.983333333333333	1.076
7.0	1.076
7.016666666666667	1.076
7.033333333333333	1.076
7.05	1.076
7.066666666666666	1.076
7.083333333333333	1.076
7.1	1.077
7.116666666666666	1.077
7.133333333333334	1.077
7.15	1.077
7.166666666666667	1.077
7.183333333333334	1.077
7.2	1.077
7.216666666666667	1.077
7.233333333333333	1.078
7.25	1.078
7.266666666666667	1.078
7.283333333333333	1.078
7.3	1.078
7.316666666666666	1.078
7.333333333333333	1.078
7.35	1.079
7.366666666666666	1.079
7.383333333333334	1.079
7.4	1.079
7.416666666666667	1.079
7.433333333333334	1.079
7.45	1.079
7.466666666666667	1.079
7.483333333333333	1.079
7.5	1.08
7.516666666666667	1.08
7.533333333333333	1.08
7.55	1.08
7.566666666666666	1.08
7.583333333333333	1.08
7.6	1.08
7.616666666666666	1.08
7.633333333333334	1.081
7.65	1.081
7.666666666666667	1.081
7.683333333333334	1.081
7.7	1.081
7.716666666666667	1.081
7.733333333333333	1.081
7.75	1.081
7.766666666666667	1.081
7.783333333333333	1.082
7.8	1.082
7.816666666666666	1.082
7.833333333333333	1.082
7.85	1.082
7.866666666666666	1.082
7.883333333333334	1.082
7.9	1.082
7.916666666666667	1.082
7.933333333333334	1.083
7.95	1.083
7.966666666666667	1.083
7.983333333333333	1.083
8.0	1.083
8.016666666666667	1.083
8.033333333333333	1.083
8.05	1.083
8.066666666666666	1.084
8.083333333333334	1.084
8.1	1.084
8.116666666666667	1.084
8.133333333333333	1.084
8.15	1.084
8.166666666666666	1.084
8.183333333333334	1.084
8.2	1.084
8.216666666666667	1.085
8.233333333333333	1.085
8.25	1.085
8.266666666666667	1.085
8.283333333333333	1.085
8.3	1.085
8.316666666666666	1.085
8.333333333333334	1.085
8.35	1.085
8.366666666666667	1.086
8.383333333333333	1.086
8.4	1.086
8.416666666666666	1.086
8.433333333333334	1.086
8.45	1.086
8.466666666666667	1.086
8.483333333333333	1.086
8.5	1.086
8.516666666666667	1.087
8.533333333333333	1.087
8.55	1.087
8.566666666666666	1.087
8.583333333333334	1.087
8.6	1.087
8.616666666666667	1.087
8.633333333333333	1.087
8.65	1.087
8.666666666666666	1.087
8.683333333333334	1.088
8.7	1.088
8.716666666666667	1.088
8.733333333333333	1.088
8.75	1.088
8.766666666666667	1.088
8.783333333333333	1.088
8.8	1.088
8.816666666666666	1.088
8.833333333333334	1.088
8.85	1.089
8.866666666666667	1.089
8.883333333333333	1.089
8.9	1.089
8.916666666666666	1.089
8.933333333333334	1.089
8.95	1.089
8.966666666666667	1.089
8.983333333333333	1.089
9.0	1.09
9.016666666666667	1.09
9.033333333333333	1.09
9.05	1.09
9.066666666666666	1.09
9.083333333333334	1.09
9.1	1.09
9.116666666666667	1.09
9.133333333333333	1.09
9.15	1.09
9.166666666666666	1.09
9.183333333333334	1.091
9.2	1.091
9.216666666666667	1.091
9.233333333333333	1.091
9.25	1.091
9.266666666666667	1.091
9.283333333333333	1.091
9.3	1.091
9.316666666666666	1.091
9.333333333333334	1.092
9.35	1.092
9.366666666666667	1.092
9.383333333333333	1.092
9.4	1.092
9.416666666666666	1.092
9.433333333333334	1.092
9.45	1.092
9.466666666666667	1.092
9.483333333333333	1.092
9.5	1.093
9.516666666666667	1.093
9.533333333333333	1.093
9.55	1.093
9.566666666666666	1.093
9.583333333333334	1.093
9.6	1.093
9.616666666666667	1.093
9.633333333333333	1.093
9.65	1.093
9.666666666666666	1.093
9.683333333333334	1.093
9.7	1.094
9.716666666666667	1.094
9.733333333333333	1.094
9.75	1.094
9.766666666666667	1.094
9.783333333333333	1.094
9.8	1.094
9.816666666666666	1.094
9.833333333333334	1.094
9.85	1.094
9.866666666666667	1.095
9.883333333333333	1.095
9.9	1.095
9.916666666666666	1.095
9.933333333333334	1.095
9.95	1.095
9.966666666666667	1.095
9.983333333333333	1.095
10.0	1.095
10.016666666666667	1.095
10.033333333333333	1.095
10.05	1.096
10.066666666666666	1.096
10.083333333333334	1.096
10.1	1.096
10.116666666666667	1.096
10.133333333333333	1.096
10.15	1.096
10.166666666666666	1.096
10.183333333333334	1.096
10.2	1.096
10.216666666666667	1.096
10.233333333333333	1.097
10.25	1.097
10.266666666666667	1.097
10.283333333333333	1.097
10.3	1.097
10.316666666666666	1.097
10.333333333333334	1.097
10.35	1.097
10.366666666666667	1.097
10.383333333333333	1.097
10.4	1.097
10.416666666666666	1.098
10.433333333333334	1.098
10.45	1.098
10.466666666666667	1.098
10.483333333333333	1.098
10.5	1.098
10.516666666666667	1.098
10.533333333333333	1.098
10.55	1.098
10.566666666666666	1.098
10.583333333333334	1.098
10.6	1.098
10.616666666666667	1.098
10.633333333333333	1.099
10.65	1.099
10.666666666666666	1.099
10.683333333333334	1.099
10.7	1.099
10.716666666666667	1.099
10.733333333333333	1.099
10.75	1.099
10.766666666666667	1.099
10.783333333333333	1.099
10.8	1.1
10.816666666666666	1.1
10.833333333333334	1.1
10.85	1.1
10.866666666666667	1.1
10.883333333333333	1.1
10.9	1.1
10.916666666666666	1.1
10.933333333333334	1.1
10.95	1.1
10.966666666666667	1.1
10.983333333333333	1.1
11.0	1.101
11.016666666666667	1.101
11.033333333333333	1.101
11.05	1.101
11.066666666666666	1.101
11.083333333333334	1.101
11.1	1.101
11.116666666666667	1.101
11.133333333333333	1.101
11.15	1.101
11.166666666666666	1.101
11.183333333333334	1.101
11.2	1.101
11.216666666666667	1.102
11.233333333333333	1.102
11.25	1.102
11.266666666666667	1.102
11.283333333333333	1.102
11.3	1.102
11.316666666666666	1.102
11.333333333333334	1.102
11.35	1.102
11.366666666666667	1.102
11.383333333333333	1.102
11.4	1.103
11.416666666666666	1.103
11.433333333333334	1.103
11.45	1.103
11.466666666666667	1.103
11.483333333333333	1.103
11.5	1.103
11.516666666666667	1.103
11.533333333333333	1.103
11.55	1.103
11.566666666666666	1.103
11.583333333333334	1.103
11.6	1.103
11.616666666666667	1.104
11.633333333333333	1.104
11.65	1.104
11.666666666666666	1.104
11.683333333333334	1.104
11.7	1.104
11.716666666666667	1.104
11.733333333333333	1.104
11.75	1.104
11.766666666666667	1.104
11.783333333333333	1.104
11.8	1.104
11.816666666666666	1.104
11.833333333333334	1.105
11.85	1.105
11.866666666666667	1.105
11.883333333333333	1.105
11.9	1.105
11.916666666666666	1.105
11.933333333333334	1.105
11.95	1.105
11.966666666666667	1.105
11.983333333333333	1.105
12.0	1.105
12.016666666666667	1.105
12.033333333333333	1.106
12.05	1.106
12.066666666666666	1.106
12.083333333333334	1.106
12.1	1.106
12.116666666666667	1.106
12.133333333333333	1.106
12.15	1.106
12.166666666666666	1.106
12.183333333333334	1.106
12.2	1.106
12.216666666666667	1.106
12.233333333333333	1.106
12.25	1.107
12.266666666666667	1.107
12.283333333333333	1.107
12.3	1.107
12.316666666666666	1.107
12.333333333333334	1.107
12.35	1.107
12.366666666666667	1.107
12.383333333333333	1.107
12.4	1.107
12.416666666666666	1.107
12.433333333333334	1.107
12.45	1.108
12.466666666666667	1.108
12.483333333333333	1.108
12.5	1.108
12.516666666666667	1.108
12.533333333333333	1.108
12.55	1.108
12.566666666666666	1.108
12.583333333333334	1.108
12.6	1.108
12.616666666666667	1.108
12.633333333333333	1.108
12.65	1.108
12.666666666666666	1.108
12.683333333333334	1.108
12.7	1.109
12.716666666666667	1.109
12.733333333333333	1.109
12.75	1.109
12.766666666666667	1.109
12.783333333333333	1.109
12.8	1.109
12.816666666666666	1.109
12.833333333333334	1.109
12.85	1.109
12.866666666666667	1.109
12.883333333333333	1.109
12.9	1.109
12.916666666666666	1.109
12.933333333333334	1.11
12.95	1.11
12.966666666666667	1.11
12.983333333333333	1.11
13.0	1.11
13.016666666666667	1.11
13.033333333333333	1.11
13.05	1.11
13.066666666666666	1.11
13.083333333333334	1.11
13.1	1.11
13.116666666666667	1.11
13.133333333333333	1.11
13.15	1.111
13.166666666666666	1.111
13.183333333333334	1.111
13.2	1.111
13.216666666666667	1.111
13.233333333333333	1.111
13.25	1.111
13.266666666666667	1.111
13.283333333333333	1.111
13.3	1.111
13.316666666666666	1.111
13.333333333333334	1.111
13.35	1.111
13.366666666666667	1.111
13.383333333333333	1.112
13.4	1.112
13.416666666666666	1.112
13.433333333333334	1.112
13.45	1.112
13.466666666666667	1.112
13.483333333333333	1.112
13.5	1.112
13.516666666666667	1.112
13.533333333333333	1.112
13.55	1.112
13.566666666666666	1.112
13.583333333333334	1.112
13.6	1.113
13.616666666666667	1.113
13.633333333333333	1.113
13.65	1.113
13.666666666666666	1.113
13.683333333333334	1.113
13.7	1.113
13.716666666666667	1.113
13.733333333333333	1.113
13.75	1.113
13.766666666666667	1.113
13.783333333333333	1.113
13.8	1.113
13.816666666666666	1.113
13.833333333333334	1.114
13.85	1.114
13.866666666666667	1.114
13.883333333333333	1.114
13.9	1.114
13.916666666666666	1.114
13.933333333333334	1.114
13.95	1.114
13.966666666666667	1.114
13.983333333333333	1.114
14.0	1.114
14.016666666666667	1.114
14.033333333333333	1.114
14.05	1.114
14.066666666666666	1.114
14.083333333333334	1.114
14.1	1.115
14.116666666666667	1.115
14.133333333333333	1.115
14.15	1.115
14.166666666666666	1.115
14.183333333333334	1.115
14.2	1.115
14.216666666666667	1.115
14.233333333333333	1.115
14.25	1.115
14.266666666666667	1.115
14.283333333333333	1.115
14.3	1.115
14.316666666666666	1.115
14.333333333333334	1.116
14.35	1.116
14.366666666666667	1.116
14.383333333333333	1.116
14.4	1.116
14.416666666666666	1.116
14.433333333333334	1.116
14.45	1.116
14.466666666666667	1.116
14.483333333333333	1.116
14.5	1.116
14.516666666666667	1.116
14.533333333333333	1.116
14.55	1.117
14.566666666666666	1.117
14.583333333333334	1.117
14.6	1.117
14.616666666666667	1.117
14.633333333333333	1.117
14.65	1.117
14.666666666666666	1.117
14.683333333333334	1.117
14.7	1.117
14.716666666666667	1.117
14.733333333333333	1.117
14.75	1.117
14.766666666666667	1.117
14.783333333333333	1.117
14.8	1.117
14.816666666666666	1.117
14.833333333333334	1.117
14.85	1.118
14.866666666666667	1.118
14.883333333333333	1.118
14.9	1.118
14.916666666666666	1.118
14.933333333333334	1.118
14.95	1.118
14.966666666666667	1.118
14.983333333333333	1.118
15.0	1.118
15.016666666666667	1.118
15.033333333333333	1.118
15.05	1.119
15.066666666666666	1.119
15.083333333333334	1.119
15.1	1.119
15.116666666666667	1.119
15.133333333333333	1.119
15.15	1.119
15.166666666666666	1.119
15.183333333333334	1.119
15.2	1.119
15.216666666666667	1.119
15.233333333333333	1.119
15.25	1.119
15.266666666666667	1.119
15.283333333333333	1.119
15.3	1.119
15.316666666666666	1.119
15.333333333333334	1.119
15.35	1.12
15.366666666666667	1.12
15.383333333333333	1.12
15.4	1.12
15.416666666666666	1.12
15.433333333333334	1.12
15.45	1.12
15.466666666666667	1.12
15.483333333333333	1.12
15.5	1.12
15.516666666666667	1.12
15.533333333333333	1.12
15.55	1.12
15.566666666666666	1.12
15.583333333333334	1.12
15.6	1.121
15.616666666666667	1.121
15.633333333333333	1.121
15.65	1.121
15.666666666666666	1.121
15.683333333333334	1.121
15.7	1.121
15.716666666666667	1.121
15.733333333333333	1.121
15.75	1.121
15.766666666666667	1.121
15.783333333333333	1.121
15.8	1.121
15.816666666666666	1.122
15.833333333333334	1.122
15.85	1.122
15.866666666666667	1.122
15.883333333333333	1.122
15.9	1.122
15.916666666666666	1.122
15.933333333333334	1.122
15.95	1.122
15.966666666666667	1.122
15.983333333333333	1.122
16.0	1.122
16.016666666666666	1.122
16.033333333333335	1.122
16.05	1.122
16.066666666666666	1.122
16.083333333333332	1.122
16.1	1.122
16.116666666666667	1.123
16.133333333333333	1.123
16.15	1.123
16.166666666666668	1.123
16.183333333333334	1.123
16.2	1.123
16.216666666666665	1.123
16.233333333333334	1.123
16.25	1.123
16.266666666666666	1.123
16.283333333333335	1.123
16.3	1.123
16.316666666666666	1.123
16.333333333333332	1.123
16.35	1.124
16.366666666666667	1.124
16.383333333333333	1.124
16.4	1.124
16.416666666666668	1.124
16.433333333333334	1.124
16.45	1.124
16.466666666666665	1.124
16.483333333333334	1.124
16.5	1.124
16.516666666666666	1.124
16.533333333333335	1.124
16.55	1.124
16.566666666666666	1.124
16.583333333333332	1.124
16.6	1.124
16.616666666666667	1.125
16.633333333333333	1.125
16.65	1.125
16.666666666666668	1.125
16.683333333333334	1.125
16.7	1.125
16.716666666666665	1.125
16.733333333333334	1.125
16.75	1.125
16.766666666666666	1.125
16.783333333333335	1.125
16.8	1.125
16.816666666666666	1.125
16.833333333333332	1.125
16.85	1.125
16.866666666666667	1.125
16.883333333333333	1.125
16.9	1.126
16.916666666666668	1.126
16.933333333333334	1.126
16.95	1.126
16.966666666666665	1.126
16.983333333333334	1.126
17.0	1.126
17.016666666666666	1.126
17.033333333333335	1.126
17.05	1.126
17.066666666666666	1.126
17.083333333333332	1.126
17.1	1.126
17.116666666666667	1.126
17.133333333333333	1.126
17.15	1.127
17.166666666666668	1.127
17.183333333333334	1.127
17.2	1.127
17.216666666666665	1.127
17.233333333333334	1.127
17.25	1.127
17.266666666666666	1.127
17.283333333333335	1.127
17.3	1.127
17.316666666666666	1.127
17.333333333333332	1.127
17.35	1.127
17.366666666666667	1.127
17.383333333333333	1.127
17.4	1.127
17.416666666666668	1.127
17.433333333333334	1.128
17.45	1.128
17.466666666666665	1.128
17.483333333333334	1.128
17.5	1.128
17.516666666666666	1.128
17.533333333333335	1.128
17.55	1.128
17.566666666666666	1.128
17.583333333333332	1.128
17.6	1.128
17.616666666666667	1.128
17.633333333333333	1.128
17.65	1.128
17.666666666666668	1.128
17.683333333333334	1.128
17.7	1.129
17.716666666666665	1.129
17.733333333333334	1.129
17.75	1.129
17.766666666666666	1.129
17.783333333333335	1.129
17.8	1.129
17.816666666666666	1.129
17.833333333333332	1.129
17.85	1.129
17.866666666666667	1.129
17.883333333333333	1.129
17.9	1.129
17.916666666666668	1.129
17.933333333333334	1.129
17.95	1.13
17.966666666666665	1.13
17.983333333333334	1.13
18.0	1.13
18.016666666666666	1.13
18.033333333333335	1.13
18.05	1.13
18.066666666666666	1.13
18.083333333333332	1.13
18.1	1.13
18.116666666666667	1.13
18.133333333333333	1.13
18.15	1.13
18.166666666666668	1.13
18.183333333333334	1.13
18.2	1.13
18.216666666666665	1.13
18.233333333333334	1.13
18.25	1.131
18.266666666666666	1.131
18.283333333333335	1.131
18.3	1.131
18.316666666666666	1.131
18.333333333333332	1.131
18.35	1.131
18.366666666666667	1.131
18.383333333333333	1.131
18.4	1.131
18.416666666666668	1.131
18.433333333333334	1.131
18.45	1.131
18.466666666666665	1.131
18.483333333333334	1.131
18.5	1.132
18.516666666666666	1.132
18.533333333333335	1.132
18.55	1.132
18.566666666666666	1.132
18.583333333333332	1.132
18.6	1.132
18.616666666666667	1.132
18.633333333333333	1.132
18.65	1.132
18.666666666666668	1.132
18.683333333333334	1.132
18.7	1.132
18.716666666666665	1.132
18.733333333333334	1.132
18.75	1.132
18.766666666666666	1.132
18.783333333333335	1.133
18.8	1.133
18.816666666666666	1.133
18.833333333333332	1.133
18.85	1.133
18.866666666666667	1.133
18.883333333333333	1.133
18.9	1.133
18.916666666666668	1.133
18.933333333333334	1.133
18.95	1.133
18.966666666666665	1.133
18.983333333333334	1.133
19.0	1.133
19.016666666666666	1.133
19.033333333333335	1.133
19.05	1.133
19.066666666666666	1.134
19.083333333333332	1.134
19.1	1.134
19.116666666666667	1.134
19.133333333333333	1.134
19.15	1.134
19.166666666666668	1.134
19.183333333333334	1.134
19.2	1.134
19.216666666666665	1.134
19.233333333333334	1.134
19.25	1.134
19.266666666666666	1.134
19.283333333333335	1.134
19.3	1.135
19.316666666666666	1.135
19.333333333333332	1.135
19.35	1.135
19.366666666666667	1.135
19.383333333333333	1.135
19.4	1.135
19.416666666666668	1.135
19.433333333333334	1.135
19.45	1.135
19.466666666666665	1.135
19.483333333333334	1.135
19.5	1.135
19.516666666666666	1.135
19.533333333333335	1.135
19.55	1.135
19.566666666666666	1.135
19.583333333333332	1.135
19.6	1.136
19.616666666666667	1.136
19.633333333333333	1.136
19.65	1.136
19.666666666666668	1.136
19.683333333333334	1.136
19.7	1.136
19.716666666666665	1.136
19.733333333333334	1.136
19.75	1.136
19.766666666666666	1.136
19.783333333333335	1.136
19.8	1.136
19.816666666666666	1.136
19.833333333333332	1.136
19.85	1.137
19.866666666666667	1.137
19.883333333333333	1.137
19.9	1.137
19.916666666666668	1.137
19.933333333333334	1.137
19.95	1.137
19.966666666666665	1.137
19.983333333333334	1.137
20.0	1.137
20.016666666666666	1.137
20.033333333333335	1.137
20.05	1.137
20.066666666666666	1.137
20.083333333333332	1.137
20.1	1.137
20.116666666666667	1.138
20.133333333333333	1.138
20.15	1.138
20.166666666666668	1.138
20.183333333333334	1.138
20.2	1.138
20.216666666666665	1.138
20.233333333333334	1.138
20.25	1.138
20.266666666666666	1.138
20.283333333333335	1.138
20.3	1.138
20.316666666666666	1.138
20.333333333333332	1.138
20.35	1.138
20.366666666666667	1.138
20.383333333333333	1.138
20.4	1.138
20.416666666666668	1.139
20.433333333333334	1.139
20.45	1.139
20.466666666666665	1.139
20.483333333333334	1.139
20.5	1.139
20.516666666666666	1.139
20.533333333333335	1.139
20.55	1.139
20.566666666666666	1.139
20.583333333333332	1.139
20.6	1.139
20.616666666666667	1.139
20.633333333333333	1.139
20.65	1.139
20.666666666666668	1.139
20.683333333333334	1.14
20.7	1.14
20.716666666666665	1.14
20.733333333333334	1.14
20.75	1.14
20.766666666666666	1.14
20.783333333333335	1.14
20.8	1.14
20.816666666666666	1.14
20.833333333333332	1.14
20.85	1.14
20.866666666666667	1.14
20.883333333333333	1.14
20.9	1.14
20.916666666666668	1.14
20.933333333333334	1.141
20.95	1.141
20.966666666666665	1.141
20.983333333333334	1.141
21.0	1.141
21.016666666666666	1.141
21.033333333333335	1.141
21.05	1.141
21.066666666666666	1.141
21.083333333333332	1.141
21.1	1.141
21.116666666666667	1.141
21.133333333333333	1.141
21.15	1.141
21.166666666666668	1.141
21.183333333333334	1.141
21.2	1.141
21.216666666666665	1.141
21.233333333333334	1.141
21.25	1.142
21.266666666666666	1.142
21.283333333333335	1.142
21.3	1.142
21.316666666666666	1.142
21.333333333333332	1.142
21.35	1.142
21.366666666666667	1.142
21.383333333333333	1.142
21.4	1.142
21.416666666666668	1.142
21.433333333333334	1.142
21.45	1.143
21.466666666666665	1.143
21.483333333333334	1.143
21.5	1.143
21.516666666666666	1.143
21.533333333333335	1.143
21.55	1.143
21.566666666666666	1.143
21.583333333333332	1.143
21.6	1.143
21.616666666666667	1.143
21.633333333333333	1.143
21.65	1.143
21.666666666666668	1.143
21.683333333333334	1.143
21.7	1.143
21.716666666666665	1.143
21.733333333333334	1.143
21.75	1.144
21.766666666666666	1.144
21.783333333333335	1.144
21.8	1.144
21.816666666666666	1.144
21.833333333333332	1.144
21.85	1.144
21.866666666666667	1.144
21.883333333333333	1.144
21.9	1.144
21.916666666666668	1.144
21.933333333333334	1.144
21.95	1.144
21.966666666666665	1.144
21.983333333333334	1.144
22.0	1.145
22.016666666666666	1.145
22.033333333333335	1.145
22.05	1.145
22.066666666666666	1.145
22.083333333333332	1.145
22.1	1.145
22.116666666666667	1.145
22.133333333333333	1.145
22.15	1.145
22.166666666666668	1.145
22.183333333333334	1.145
22.2	1.145
22.216666666666665	1.145
22.233333333333334	1.145
22.25	1.146
22.266666666666666	1.146
22.283333333333335	1.146
22.3	1.146
22.316666666666666	1.146
22.333333333333332	1.146
22.35	1.146
22.366666666666667	1.146
22.383333333333333	1.146
22.4	1.146
22.416666666666668	1.146
22.433333333333334	1.146
22.45	1.146
22.466666666666665	1.146
22.483333333333334	1.146
22.5	1.146
22.516666666666666	1.146
22.533333333333335	1.147
22.55	1.147
22.566666666666666	1.147
22.583333333333332	1.147
22.6	1.147
22.616666666666667	1.147
22.633333333333333	1.147
22.65	1.147
22.666666666666668	1.147
22.683333333333334	1.147
22.7	1.147
22.716666666666665	1.147
22.733333333333334	1.147
22.75	1.148
22.766666666666666	1.148
22.783333333333335	1.148
22.8	1.148
22.816666666666666	1.148
22.833333333333332	1.148
22.85	1.148
22.866666666666667	1.148
22.883333333333333	1.148
22.9	1.148
22.916666666666668	1.148
22.933333333333334	1.148
22.95	1.148
22.966666666666665	1.148
22.983333333333334	1.148
23.0	1.149
23.016666666666666	1.149
23.033333333333335	1.149
23.05	1.149
23.066666666666666	1.149
23.083333333333332	1.149
23.1	1.149
23.116666666666667	1.149
23.133333333333333	1.149
23.15	1.149
23.166666666666668	1.149
23.183333333333334	1.149
23.2	1.149
23.216666666666665	1.149
23.233333333333334	1.149
23.25	1.15
23.266666666666666	1.15
23.283333333333335	1.15
23.3	1.15
23.316666666666666	1.15
23.333333333333332	1.15
23.35	1.15
23.366666666666667	1.15
23.383333333333333	1.15
23.4	1.15
23.416666666666668	1.15
23.433333333333334	1.15
23.45	1.15
23.466666666666665	1.151
23.483333333333334	1.151
23.5	1.151
23.516666666666666	1.151
23.533333333333335	1.151
23.55	1.151
23.566666666666666	1.151
23.583333333333332	1.151
23.6	1.151
23.616666666666667	1.151
23.633333333333333	1.151
23.65	1.151
23.666666666666668	1.151
23.683333333333334	1.151
23.7	1.151
23.716666666666665	1.151
23.733333333333334	1.152
23.75	1.152
23.766666666666666	1.152
23.783333333333335	1.152
23.8	1.152
23.816666666666666	1.152
23.833333333333332	1.152
23.85	1.152
23.866666666666667	1.152
23.883333333333333	1.152
23.9	1.152
23.916666666666668	1.152
23.933333333333334	1.152
23.95	1.153
23.966666666666665	1.153
23.983333333333334	1.153
24.0	1.153
24.016666666666666	1.153
24.033333333333335	1.153
24.05	1.153
24.066666666666666	1.153
24.083333333333332	1.153
24.1	1.153
24.116666666666667	1.153
24.133333333333333	1.153
24.15	1.153
24.166666666666668	1.154
24.183333333333334	1.154
24.2	1.154
24.216666666666665	1.154
24.233333333333334	1.154
24.25	1.154
24.266666666666666	1.154
24.283333333333335	1.154
24.3	1.154
24.316666666666666	1.154
24.333333333333332	1.154
24.35	1.154
24.366666666666667	1.154
24.383333333333333	1.154
24.4	1.154
24.416666666666668	1.155
24.433333333333334	1.155
24.45	1.155
24.466666666666665	1.155
24.483333333333334	1.155
24.5	1.155
24.516666666666666	1.155
24.533333333333335	1.155
24.55	1.155
24.566666666666666	1.155
24.583333333333332	1.155
24.6	1.155
24.616666666666667	1.156
24.633333333333333	1.156
24.65	1.156
24.666666666666668	1.156
24.683333333333334	1.156
24.7	1.156
24.716666666666665	1.156
24.733333333333334	1.156
24.75	1.156
24.766666666666666	1.156
24.783333333333335	1.156
24.8	1.156
24.816666666666666	1.157
24.833333333333332	1.157
24.85	1.157
24.866666666666667	1.157
24.883333333333333	1.157
24.9	1.157
24.916666666666668	1.157
24.933333333333334	1.157
24.95	1.157
24.966666666666665	1.157
24.983333333333334	1.157
25.0	1.157
25.016666666666666	1.157
25.033333333333335	1.157
25.05	1.158
25.066666666666666	1.158
25.083333333333332	1.158
25.1	1.158
25.116666666666667	1.158
25.133333333333333	1.158
25.15	1.158
25.166666666666668	1.158
25.183333333333334	1.158
25.2	1.158
25.216666666666665	1.158
25.233333333333334	1.159
25.25	1.159
25.266666666666666	1.159
25.283333333333335	1.159
25.3	1.159
25.316666666666666	1.159
25.333333333333332	1.159
25.35	1.159
25.366666666666667	1.159
25.383333333333333	1.159
25.4	1.159
25.416666666666668	1.159
25.433333333333334	1.16
25.45	1.16
25.466666666666665	1.16
25.483333333333334	1.16
25.5	1.16
25.516666666666666	1.16
25.533333333333335	1.16
25.55	1.16
25.566666666666666	1.16
25.583333333333332	1.16
25.6	1.16
25.616666666666667	1.161
25.633333333333333	1.161
25.65	1.161
25.666666666666668	1.161
25.683333333333334	1.161
25.7	1.161
25.716666666666665	1.161
25.733333333333334	1.161
25.75	1.161
25.766666666666666	1.161
25.783333333333335	1.161
25.8	1.162
25.816666666666666	1.162
25.833333333333332	1.162
25.85	1.162
25.866666666666667	1.162
25.883333333333333	1.162
25.9	1.162
25.916666666666668	1.162
25.933333333333334	1.162
25.95	1.162
25.966666666666665	1.162
25.983333333333334	1.162
26.0	1.163
26.016666666666666	1.163
26.033333333333335	1.163
26.05	1.163
26.066666666666666	1.163
26.083333333333332	1.163
26.1	1.163
26.116666666666667	1.163
26.133333333333333	1.163
26.15	1.164
26.166666666666668	1.164
26.183333333333334	1.164
26.2	1.164
26.216666666666665	1.164
26.233333333333334	1.164
26.25	1.164
26.266666666666666	1.164
26.283333333333335	1.164
26.3	1.164
26.316666666666666	1.164
26.333333333333332	1.165
26.35	1.165
26.366666666666667	1.165
26.383333333333333	1.165
26.4	1.165
26.416666666666668	1.165
26.433333333333334	1.165
26.45	1.165
26.466666666666665	1.165
26.483333333333334	1.165
26.5	1.165
26.516666666666666	1.166
26.533333333333335	1.166
26.55	1.166
26.566666666666666	1.166
26.583333333333332	1.166
26.6	1.166
26.616666666666667	1.166
26.633333333333333	1.166
26.65	1.167
26.666666666666668	1.167
26.683333333333334	1.167
26.7	1.167
26.716666666666665	1.167
26.733333333333334	1.167
26.75	1.167
26.766666666666666	1.167
26.783333333333335	1.167
26.8	1.167
26.816666666666666	1.168
26.833333333333332	1.168
26.85	1.168
26.866666666666667	1.168
26.883333333333333	1.168
26.9	1.168
26.916666666666668	1.168
26.933333333333334	1.168
26.95	1.168
26.966666666666665	1.169
26.983333333333334	1.169
27.0	1.169
27.016666666666666	1.169
27.033333333333335	1.169
27.05	1.169
27.066666666666666	1.169
27.083333333333332	1.169
27.1	1.17
27.116666666666667	1.17
27.133333333333333	1.17
27.15	1.17
27.166666666666668	1.17
27.183333333333334	1.17
27.2	1.17
27.216666666666665	1.17
27.233333333333334	1.17
27.25	1.17
27.266666666666666	1.171
27.283333333333335	1.171
27.3	1.171
27.316666666666666	1.171
27.333333333333332	1.171
27.35	1.171
27.366666666666667	1.171
27.383333333333333	1.171
27.4	1.172
27.416666666666668	1.172
27.433333333333334	1.172
27.45	1.172
27.466666666666665	1.172
27.483333333333334	1.172
27.5	1.173
27.516666666666666	1.173
27.533333333333335	1.173
27.55	1.173
27.566666666666666	1.173
27.583333333333332	1.173
27.6	1.173
27.616666666666667	1.173
27.633333333333333	1.173
27.65	1.174
27.666666666666668	1.174
27.683333333333334	1.174
27.7	1.174
27.716666666666665	1.174
27.733333333333334	1.174
27.75	1.175
27.766666666666666	1.175
27.783333333333335	1.175
27.8	1.175
27.816666666666666	1.175
27.833333333333332	1.175
27.85	1.175
27.866666666666667	1.175
27.883333333333333	1.176
27.9	1.176
27.916666666666668	1.176
27.933333333333334	1.176
27.95	1.176
27.966666666666665	1.176
27.983333333333334	1.176
28.0	1.177
28.016666666666666	1.177
28.033333333333335	1.177
28.05	1.177
28.066666666666666	1.177
28.083333333333332	1.177
28.1	1.178
28.116666666666667	1.178
28.133333333333333	1.178
28.15	1.178
28.166666666666668	1.178
28.183333333333334	1.178
28.2	1.178
28.216666666666665	1.179
28.233333333333334	1.179
28.25	1.179
28.266666666666666	1.179
28.283333333333335	1.179
28.3	1.18
28.316666666666666	1.18
28.333333333333332	1.18
28.35	1.18
28.366666666666667	1.18
28.383333333333333	1.18
28.4	1.181
28.416666666666668	1.181
28.433333333333334	1.181
28.45	1.181
28.466666666666665	1.181
28.483333333333334	1.181
28.5	1.182
28.516666666666666	1.182
28.533333333333335	1.182
28.55	1.182
28.566666666666666	1.182
28.583333333333332	1.183
28.6	1.183
28.616666666666667	1.183
28.633333333333333	1.183
28.65	1.183
28.666666666666668	1.184
28.683333333333334	1.184
28.7	1.184
28.716666666666665	1.184
28.733333333333334	1.184
28.75	1.185
28.766666666666666	1.185
28.783333333333335	1.185
28.8	1.185
28.816666666666666	1.186
28.833333333333332	1.186
28.85	1.186
28.866666666666667	1.186
28.883333333333333	1.186
28.9	1.187
28.916666666666668	1.187
28.933333333333334	1.187
28.95	1.187
28.966666666666665	1.187
28.983333333333334	1.188
29.0	1.188
29.016666666666666	1.188
29.033333333333335	1.188
29.05	1.189
29.066666666666666	1.189
29.083333333333332	1.189
29.1	1.189
29.116666666666667	1.19
29.133333333333333	1.19
29.15	1.19
29.166666666666668	1.19
29.183333333333334	1.191
29.2	1.191
29.216666666666665	1.191
29.233333333333334	1.191
29.25	1.192
29.266666666666666	1.192
29.283333333333335	1.192
29.3	1.193
29.316666666666666	1.193
29.333333333333332	1.193
29.35	1.194
29.366666666666667	1.194
29.383333333333333	1.194
29.4	1.194
29.416666666666668	1.195
29.433333333333334	1.195
29.45	1.195
29.466666666666665	1.196
29.483333333333334	1.196
29.5	1.196
29.516666666666666	1.197
29.533333333333335	1.197
29.55	1.197
29.566666666666666	1.198
29.583333333333332	1.198
29.6	1.199
29.616666666666667	1.199
29.633333333333333	1.199
29.65	1.2
29.666666666666668	1.2
29.683333333333334	1.2
29.7	1.201
29.716666666666665	1.201
29.733333333333334	1.202
29.75	1.202
29.766666666666666	1.202
29.783333333333335	1.203
29.8	1.203
29.816666666666666	1.204
29.833333333333332	1.204
29.85	1.205
29.866666666666667	1.205
29.883333333333333	1.205
29.9	1.206
29.916666666666668	1.207
29.933333333333334	1.207
29.95	1.208
29.966666666666665	1.208
29.983333333333334	1.209
30.0	1.209
30.016666666666666	1.21
30.033333333333335	1.21
30.05	1.211
30.066666666666666	1.212
30.083333333333332	1.212
30.1	1.213
30.116666666666667	1.214
30.133333333333333	1.214
30.15	1.215
30.166666666666668	1.216
30.183333333333334	1.216
30.2	1.217
30.216666666666665	1.218
30.233333333333334	1.219
30.25	1.22
30.266666666666666	1.22
30.283333333333335	1.221
30.3	1.222
30.316666666666666	1.223
30.333333333333332	1.224
30.35	1.225
30.366666666666667	1.226
30.383333333333333	1.228
30.4	1.229
30.416666666666668	1.23
30.433333333333334	1.231
30.45	1.233
30.466666666666665	1.234
30.483333333333334	1.236
30.5	1.238
30.516666666666666	1.239
30.533333333333335	1.241
30.55	1.243
30.566666666666666	1.246
30.583333333333332	1.248
30.6	1.25
30.616666666666667	1.253
30.633333333333333	1.256
30.65	1.259
30.666666666666668	1.263
30.683333333333334	1.269
30.7	1.275
30.716666666666665	1.281
30.733333333333334	1.289
30.75	1.298
30.766666666666666	1.31
30.783333333333335	1.326
30.8	1.345
30.816666666666666	1.371
30.816666666666666	1.393
30.833333333333332	1.4
30.85	1.4
30.866666666666667	1.4
30.883333333333333	1.4
30.9	1.4
30.916666666666668	1.4
30.933333333333334	1.4
30.95	1.4
30.966666666666665	1.4
30.983333333333334	1.4
31.0	1.4
31.016666666666666	1.4
31.033333333333335	1.4
31.05	1.4
31.066666666666666	1.4
31.083333333333332	1.4
31.1	1.4
31.116666666666667	1.4
31.133333333333333	1.4
31.15	1.4
31.166666666666668	1.4
31.183333333333334	1.4
31.2	1.4
31.216666666666665	1.4
31.233333333333334	1.4
31.25	1.4
31.266666666666666	1.4
31.283333333333335	1.4
31.3	1.4
31.316666666666666	1.4
31.333333333333332	1.4
31.35	1.4
31.366666666666667	1.4
31.383333333333333	1.4
31.4	1.4
31.416666666666668	1.4
31.433333333333334	1.4
31.45	1.4
31.466666666666665	1.4
31.483333333333334	1.4
31.5	1.4
31.516666666666666	1.4
31.533333333333335	1.4
31.55	1.4
31.566666666666666	1.4
31.583333333333332	1.4
31.6	1.4
31.616666666666667	1.4
31.633333333333333	1.4
31.65	1.4
31.666666666666668	1.4
31.683333333333334	1.4
31.7	1.4
31.716666666666665	1.4
31.733333333333334	1.4
31.75	1.4
31.766666666666666	1.4
31.783333333333335	1.4
31.8	1.4
31.816666666666666	1.4
31.833333333333332	1.4
31.85	1.4
31.866666666666667	1.4
31.883333333333333	1.4
31.9	1.4
31.916666666666668	1.4
31.933333333333334	1.4
31.95	1.4
31.966666666666665	1.4
31.983333333333334	1.4
32.0	1.4
32.016666666666666	1.4
32.03333333333333	1.4
32.05	1.4
32.06666666666667	1.4
32.083333333333336	1.4
32.1	1.4
32.11666666666667	1.4
