0.05	0.952
0.06666666666666667	0.952
0.08333333333333333	0.952
0.1	0.952
0.11666666666666667	0.952
0.13333333333333333	0.952
0.15	0.951
0.16666666666666666	0.951
0.18333333333333332	0.95
0.2	0.95
0.21666666666666667	0.949
0.23333333333333334	0.949
0.25	0.949
0.26666666666666666	0.948
0.2833333333333333	0.948
0.3	0.948
0.31666666666666665	0.947
0.3333333333333333	0.947
0.35	0.947
0.36666666666666664	0.946
0.38333333333333336	0.946
0.4	0.946
0.4166666666666667	0.946
0.43333333333333335	0.945
0.45	0.945
0.4666666666666667	0.945
0.48333333333333334	0.944
0.5	0.944
0.5166666666666667	0.944
0.5333333333333333	0.943
0.55	0.943
0.5666666666666667	0.943
0.5833333333333334	0.942
0.6	0.942
0.6166666666666667	0.942
0.6333333333333333	0.941
0.65	0.941
0.6666666666666666	0.941
0.6833333333333333	0.941
0.7	0.94
0.7166666666666667	0.94
0.7333333333333333	0.94
0.75	0.939
0.7666666666666667	0.939
0.7833333333333333	0.939
0.8	0.938
0.8166666666666667	0.938
0.8333333333333334	0.938
0.85	0.938
0.8666666666666667	0.937
0.8833333333333333	0.937
0.9	0.937
0.9166666666666666	0.936
0.9333333333333333	0.936
0.95	0.936
0.9666666666666667	0.936
0.9833333333333333	0.935
1.0	0.935
1.0166666666666666	0.935
1.0333333333333334	0.934
1.05	0.934
1.0666666666666667	0.934
1.0833333333333333	0.933
1.1	0.933
1.1166666666666667	0.933
1.1333333333333333	0.933
1.15	0.932
1.1666666666666667	0.932
1.1833333333333333	0.932
1.2	0.932
1.2166666666666666	0.931
1.2333333333333334	0.931
1.25	0.931
1.2666666666666666	0.93
1.2833333333333334	0.93
1.3	0.93
1.3166666666666667	0.93
1.3333333333333333	0.929
1.35	0.929
1.3666666666666667	0.929
1.3833333333333333	0.929
1.4	0.928
1.4166666666666667	0.928
1.4333333333333333	0.928
1.45	0.928
1.4666666666666666	0.927
1.4833333333333334	0.927
1.5	0.927
1.5166666666666666	0.926
1.5333333333333334	0.926
1.55	0.926
1.5666666666666667	0.926
1.5833333333333333	0.925
1.6	0.925
1.6166666666666667	0.925
1.6333333333333333	0.925
1.65	0.924
1.6666666666666667	0.924
1.6833333333333333	0.924
1.7	0.924
1.7166666666666666	0.923
1.7333333333333334	0.923
1.75	0.923
1.7666666666666666	0.922
1.7833333333333334	0.922
1.8	0.922
1.8166666666666667	0.922
1.8333333333333333	0.921
1.85	0.921
1.8666666666666667	0.921
1.8833333333333333	0.921
1.9	0.92
1.9166666666666667	0.92
1.9333333333333333	0.92
1.95	0.92
1.9666666666666666	0.919
1.9833333333333334	0.919
2.0	0.919
2.0166666666666666	0.919
2.033333333333333	0.919
2.05	0.918
2.066666666666667	0.918
2.0833333333333335	0.918
2.1	0.918
2.1166666666666667	0.917
2.1333333333333333	0.917
2.15	0.917
2.1666666666666665	0.917
2.183333333333333	0.916
2.2	0.916
2.216666666666667	0.916
2.2333333333333334	0.916
2.25	0.915
2.2666666666666666	0.915
2.283333333333333	0.915
2.3	0.915
2.316666666666667	0.914
2.3333333333333335	0.914
2.35	0.914
2.3666666666666667	0.914
2.3833333333333333	0.913
2.4	0.913
2.4166666666666665	0.913
2.433333333333333	0.913
2.45	0.913
2.466666666666667	0.912
2.4833333333333334	0.912
2.5	0.912
2.5166666666666666	0.912
2.533333333333333	0.911
2.55	0.911
2.566666666666667	0.911
2.5833333333333335	0.911
2.6	0.911
2.6166666666666667	0.91
2.6333333333333333	0.91
2.65	0.91
2.6666666666666665	0.909
2.683333333333333	0.909
2.7	0.909
2.716666666666667	0.909
2.7333333333333334	0.909
2.75	0.908
2.7666666666666666	0.908
2.783333333333333	0.908
2.8	0.908
2.816666666666667	0.907
2.8333333333333335	0.907
2.85	0.907
2.8666666666666667	0.907
2.8833333333333333	0.906
2.9	0.906
2.9166666666666665	0.906
2.933333333333333	0.906
2.95	0.906
2.966666666666667	0.905
2.9833333333333334	0.905
3.0	0.905
3.0166666666666666	0.905
3.033333333333333	0.904
3.05	0.904
3.066666666666667	0.904
3.0833333333333335	0.904
3.1	0.904
3.1166666666666667	0.903
3.1333333333333333	0.903
3.15	0.903
3.1666666666666665	0.903
3.183333333333333	0.903
3.2	0.902
3.216666666666667	0.902
3.2333333333333334	0.902
3.25	0.902
3.2666666666666666	0.901
3.283333333333333	0.901
3.3	0.901
3.316666666666667	0.901
3.3333333333333335	0.901
3.35	0.9
3.3666666666666667	0.9
3.3833333333333333	0.9
3.4	0.9
3.4166666666666665	0.899
3.433333333333333	0.899
3.45	0.899
3.466666666666667	0.899
3.4833333333333334	0.899
3.5	0.898
3.5166666666666666	0.898
3.533333333333333	0.898
3.55	0.898
3.566666666666667	0.898
3.5833333333333335	0.897
3.6	0.897
3.6166666666666667	0.897
3.6333333333333333	0.897
3.65	0.896
3.6666666666666665	0.896
3.683333333333333	0.896
3.7	0.896
3.716666666666667	0.896
3.7333333333333334	0.895
3.75	0.895
3.7666666666666666	0.895
3.783333333333333	0.895
3.8	0.895
3.816666666666667	0.894
3.8333333333333335	0.894
3.85	0.894
3.8666666666666667	0.894
3.8833333333333333	0.893
3.9	0.893
3.9166666666666665	0.893
3.933333333333333	0.893
3.95	0.893
3.966666666666667	0.892
3.9833333333333334	0.892
4.0	0.892
4.016666666666667	0.892
4.033333333333333	0.892
4.05	0.891
4.066666666666666	0.891
4.083333333333333	0.891
4.1	0.891
4.116666666666666	0.891
4.133333333333334	0.89
4.15	0.89
4.166666666666667	0.89
4.183333333333334	0.89
4.2	0.89
4.216666666666667	0.889
4.233333333333333	0.889
4.25	0.889
4.266666666666667	0.889
4.283333333333333	0.888
4.3	0.888
4.316666666666666	0.888
4.333333333333333	0.888
4.35	0.888
4.366666666666666	0.887
4.383333333333334	0.887
4.4	0.887
4.416666666666667	0.887
4.433333333333334	0.887
4.45	0.886
4.466666666666667	0.886
4.483333333333333	0.886
4.5	0.886
4.516666666666667	0.886
4.533333333333333	0.885
4.55	0.885
4.566666666666666	0.885
4.583333333333333	0.885
4.6	0.885
4.616666666666666	0.884
4.633333333333334	0.884
4.65	0.884
4.666666666666667	0.884
4.683333333333334	0.884
4.7	0.883
4.716666666666667	0.883
4.733333333333333	0.883
4.75	0.883
4.766666666666667	0.883
4.783333333333333	0.882
4.8	0.882
4.816666666666666	0.882
4.833333333333333	0.882
4.85	0.882
4.866666666666666	0.881
4.883333333333334	0.881
4.9	0.881
4.916666666666667	0.881
4.933333333333334	0.881
4.95	0.88
4.966666666666667	0.88
4.983333333333333	0.88
5.0	0.88
5.016666666666667	0.88
5.033333333333333	0.879
5.05	0.879
5.066666666666666	0.879
5.083333333333333	0.879
5.1	0.879
5.116666666666666	0.878
5.133333333333334	0.878
5.15	0.878
5.166666666666667	0.878
5.183333333333334	0.877
5.2	0.877
5.216666666666667	0.877
5.233333333333333	0.877
5.25	0.877
5.266666666666667	0.876
5.283333333333333	0.876
5.3	0.876
5.316666666666666	0.876
5.333333333333333	0.876
5.35	0.876
5.366666666666666	0.875
5.383333333333334	0.875
5.4	0.875
5.416666666666667	0.875
5.433333333333334	0.874
5.45	0.874
5.466666666666667	0.874
5.483333333333333	0.874
5.5	0.874
5.516666666666667	0.873
5.533333333333333	0.873
5.55	0.873
5.566666666666666	0.873
5.583333333333333	0.873
5.6	0.872
5.616666666666666	0.872
5.633333333333334	0.872
5.65	0.872
5.666666666666667	0.872
5.683333333333334	0.871
5.7	0.871
5.716666666666667	0.871
5.733333333333333	0.871
5.75	0.871
5.766666666666667	0.87
5.783333333333333	0.87
5.8	0.87
5.816666666666666	0.87
5.833333333333333	0.87
5.85	0.869
5.866666666666666	0.869
5.883333333333334	0.869
5.9	0.869
5.916666666666667	0.869
5.933333333333334	0.868
5.95	0.868
5.966666666666667	0.868
5.983333333333333	0.868
6.0	0.868
6.016666666666667	0.867
6.033333333333333	0.867
6.05	0.867
6.066666666666666	0.867
6.083333333333333	0.866
6.1	0.866
6.116666666666666	0.866
6.133333333333334	0.866
6.15	0.866
6.166666666666667	0.865
6.183333333333334	0.865
6.2	0.865
6.216666666666667	0.865
6.233333333333333	0.865
6.25	0.864
6.266666666666667	0.864
6.283333333333333	0.864
6.3	0.864
6.316666666666666	0.864
6.333333333333333	0.863
6.35	0.863
6.366666666666666	0.863
6.383333333333334	0.863
6.4	0.863
6.416666666666667	0.862
6.433333333333334	0.862
6.45	0.862
6.466666666666667	0.862
6.483333333333333	0.861
6.5	0.861
6.516666666666667	0.861
6.533333333333333	0.861
6.55	0.861
6.566666666666666	0.86
6.583333333333333	0.86
6.6	0.86
6.616666666666666	0.86
6.633333333333334	0.86
6.65	0.859
6.666666666666667	0.859
6.683333333333334	0.859
6.7	0.859
6.716666666666667	0.859
6.733333333333333	0.858
6.75	0.858
6.766666666666667	0.858
6.783333333333333	0.858
6.8	0.858
6.816666666666666	0.857
6.833333333333333	0.857
6.85	0.857
6.866666666666666	0.857
6.883333333333334	0.856
6.9	0.856
6.916666666666667	0.856
6.933333333333334	0.856
6.95	0.856
6.966666666666667	0.855
6.983333333333333	0.855
7.0	0.855
7.016666666666667	0.855
7.033333333333333	0.855
7.05	0.854
7.066666666666666	0.854
7.083333333333333	0.854
7.1	0.854
7.116666666666666	0.853
7.133333333333334	0.853
7.15	0.853
7.166666666666667	0.853
7.183333333333334	0.853
7.2	0.852
7.216666666666667	0.852
7.233333333333333	0.852
7.25	0.852
7.266666666666667	0.851
7.283333333333333	0.851
7.3	0.851
7.316666666666666	0.851
7.333333333333333	0.851
7.35	0.85
7.366666666666666	0.85
7.383333333333334	0.85
7.4	0.85
7.416666666666667	0.85
7.433333333333334	0.849
7.45	0.849
7.466666666666667	0.849
7.483333333333333	0.849
7.5	0.848
7.516666666666667	0.848
7.533333333333333	0.848
7.55	0.848
7.566666666666666	0.848
7.583333333333333	0.847
7.6	0.847
7.616666666666666	0.847
7.633333333333334	0.847
7.65	0.846
7.666666666666667	0.846
7.683333333333334	0.846
7.7	0.846
7.716666666666667	0.845
7.733333333333333	0.845
7.75	0.845
7.766666666666667	0.845
7.783333333333333	0.845
7.8	0.844
7.816666666666666	0.844
7.833333333333333	0.844
7.85	0.844
7.866666666666666	0.843
7.883333333333334	0.843
7.9	0.843
7.916666666666667	0.843
7.933333333333334	0.842
7.95	0.842
7.966666666666667	0.842
7.983333333333333	0.842
8.0	0.842
8.016666666666667	0.841
8.033333333333333	0.841
8.05	0.841
8.066666666666666	0.841
8.083333333333334	0.84
8.1	0.84
8.116666666666667	0.84
8.133333333333333	0.84
8.15	0.84
8.166666666666666	0.839
8.183333333333334	0.839
8.2	0.839
8.216666666666667	0.838
8.233333333333333	0.838
8.25	0.838
8.266666666666667	0.838
8.283333333333333	0.837
8.3	0.837
8.316666666666666	0.837
8.333333333333334	0.837
8.35	0.837
8.366666666666667	0.836
8.383333333333333	0.836
8.4	0.836
8.416666666666666	0.836
8.433333333333334	0.835
8.45	0.835
8.466666666666667	0.835
8.483333333333333	0.835
8.5	0.834
8.516666666666667	0.834
8.533333333333333	0.834
8.55	0.834
8.566666666666666	0.834
8.583333333333334	0.833
8.6	0.833
8.616666666666667	0.833
8.633333333333333	0.832
8.65	0.832
8.666666666666666	0.832
8.683333333333334	0.832
8.7	0.831
8.716666666666667	0.831
8.733333333333333	0.831
8.75	0.831
8.766666666666667	0.83
8.783333333333333	0.83
8.8	0.83
8.816666666666666	0.83
8.833333333333334	0.829
8.85	0.829
8.866666666666667	0.829
8.883333333333333	0.829
8.9	0.828
8.916666666666666	0.828
8.933333333333334	0.828
8.95	0.828
8.966666666666667	0.827
8.983333333333333	0.827
9.0	0.827
9.016666666666667	0.827
9.033333333333333	0.826
9.05	0.826
9.066666666666666	0.826
9.083333333333334	0.825
9.1	0.825
9.116666666666667	0.825
9.133333333333333	0.825
9.15	0.824
9.166666666666666	0.824
9.183333333333334	0.824
9.2	0.824
9.216666666666667	0.823
9.233333333333333	0.823
9.25	0.823
9.266666666666667	0.823
9.283333333333333	0.822
9.3	0.822
9.316666666666666	0.822
9.333333333333334	0.821
9.35	0.821
9.366666666666667	0.821
9.383333333333333	0.821
9.4	0.82
9.416666666666666	0.82
9.433333333333334	0.82
9.45	0.819
9.466666666666667	0.819
9.483333333333333	0.819
9.5	0.819
9.516666666666667	0.818
9.533333333333333	0.818
9.55	0.818
9.566666666666666	0.817
9.583333333333334	0.817
9.6	0.817
9.616666666666667	0.817
9.633333333333333	0.816
9.65	0.816
9.666666666666666	0.816
9.683333333333334	0.815
9.7	0.815
9.716666666666667	0.815
9.733333333333333	0.815
9.75	0.814
9.766666666666667	0.814
9.783333333333333	0.814
9.8	0.813
9.816666666666666	0.813
9.833333333333334	0.813
9.85	0.812
9.866666666666667	0.812
9.883333333333333	0.812
9.9	0.811
9.916666666666666	0.811
9.933333333333334	0.811
9.95	0.811
9.966666666666667	0.81
9.983333333333333	0.81
10.0	0.81
10.016666666666667	0.809
10.033333333333333	0.809
10.05	0.809
10.066666666666666	0.808
10.083333333333334	0.808
10.1	0.808
10.116666666666667	0.807
10.133333333333333	0.807
10.15	0.807
10.166666666666666	0.806
10.183333333333334	0.806
10.2	0.806
10.216666666666667	0.806
10.233333333333333	0.805
10.25	0.805
10.266666666666667	0.805
10.283333333333333	0.804
10.3	0.804
10.316666666666666	0.804
10.333333333333334	0.803
10.35	0.803
10.366666666666667	0.802
10.383333333333333	0.802
10.4	0.802
10.416666666666666	0.801
10.433333333333334	0.801
10.45	0.801
10.466666666666667	0.8
10.483333333333333	0.8
10.5	0.8
10.516666666666667	0.799
10.533333333333333	0.799
10.55	0.799
10.566666666666666	0.798
10.583333333333334	0.798
10.6	0.798
10.616666666666667	0.797
10.633333333333333	0.797
10.65	0.796
10.666666666666666	0.796
10.683333333333334	0.796
10.7	0.795
10.716666666666667	0.795
10.733333333333333	0.794
10.75	0.794
10.766666666666667	0.794
10.783333333333333	0.793
10.8	0.793
10.816666666666666	0.793
10.833333333333334	0.792
10.85	0.792
10.866666666666667	0.792
10.883333333333333	0.791
10.9	0.791
10.916666666666666	0.79
10.933333333333334	0.79
10.95	0.789
10.966666666666667	0.789
10.983333333333333	0.789
11.0	0.788
11.016666666666667	0.788
11.033333333333333	0.787
11.05	0.787
11.066666666666666	0.787
11.083333333333334	0.786
11.1	0.786
11.116666666666667	0.785
11.133333333333333	0.785
11.15	0.785
11.166666666666666	0.784
11.183333333333334	0.784
11.2	0.783
11.216666666666667	0.783
11.233333333333333	0.783
11.25	0.782
11.266666666666667	0.782
11.283333333333333	0.781
11.3	0.781
11.316666666666666	0.78
11.333333333333334	0.78
11.35	0.78
11.366666666666667	0.779
11.383333333333333	0.778
11.4	0.778
11.416666666666666	0.778
11.433333333333334	0.777
11.45	0.777
11.466666666666667	0.776
11.483333333333333	0.776
11.5	0.775
11.516666666666667	0.775
11.533333333333333	0.774
11.55	0.774
11.566666666666666	0.773
11.583333333333334	0.773
11.6	0.772
11.616666666666667	0.772
11.633333333333333	0.771
11.65	0.771
11.666666666666666	0.77
11.683333333333334	0.77
11.7	0.769
11.716666666666667	0.769
11.733333333333333	0.768
11.75	0.768
11.766666666666667	0.767
11.783333333333333	0.767
11.8	0.766
11.816666666666666	0.766
11.833333333333334	0.765
11.85	0.765
11.866666666666667	0.764
11.883333333333333	0.764
11.9	0.763
11.916666666666666	0.763
11.933333333333334	0.762
11.95	0.761
11.966666666666667	0.761
11.983333333333333	0.76
12.0	0.76
12.016666666666667	0.759
12.033333333333333	0.759
12.05	0.758
12.066666666666666	0.757
12.083333333333334	0.757
12.1	0.756
12.116666666666667	0.756
12.133333333333333	0.755
12.15	0.755
12.166666666666666	0.754
12.183333333333334	0.753
12.2	0.753
12.216666666666667	0.752
12.233333333333333	0.751
12.25	0.751
12.266666666666667	0.75
12.283333333333333	0.749
12.3	0.749
12.316666666666666	0.748
12.333333333333334	0.748
12.35	0.747
12.366666666666667	0.746
12.383333333333333	0.746
12.4	0.745
12.416666666666666	0.744
12.433333333333334	0.743
12.45	0.743
12.466666666666667	0.742
12.483333333333333	0.741
12.5	0.741
12.516666666666667	0.74
12.533333333333333	0.739
12.55	0.739
12.566666666666666	0.738
12.583333333333334	0.737
12.6	0.736
12.616666666666667	0.736
12.633333333333333	0.735
12.65	0.734
12.666666666666666	0.733
12.683333333333334	0.733
12.7	0.732
12.716666666666667	0.731
12.733333333333333	0.73
12.75	0.73
12.766666666666667	0.729
12.783333333333333	0.728
12.8	0.727
12.816666666666666	0.726
12.833333333333334	0.725
12.85	0.725
12.866666666666667	0.724
12.883333333333333	0.723
12.9	0.722
12.916666666666666	0.721
12.933333333333334	0.72
12.95	0.719
12.966666666666667	0.719
12.983333333333333	0.718
13.0	0.717
13.016666666666667	0.716
13.033333333333333	0.715
13.05	0.714
13.066666666666666	0.713
13.083333333333334	0.712
13.1	0.711
13.116666666666667	0.71
13.133333333333333	0.709
13.15	0.708
13.166666666666666	0.707
13.183333333333334	0.706
13.2	0.705
13.216666666666667	0.704
13.233333333333333	0.703
13.25	0.702
13.266666666666667	0.701
13.283333333333333	0.7
13.3	0.698
13.316666666666666	0.697
13.333333333333334	0.696
13.35	0.695
13.366666666666667	0.694
13.383333333333333	0.693
13.4	0.692
13.416666666666666	0.69
13.433333333333334	0.689
13.45	0.688
13.466666666666667	0.687
13.483333333333333	0.685
13.5	0.684
13.516666666666667	0.683
13.533333333333333	0.681
13.55	0.68
13.566666666666666	0.679
13.583333333333334	0.677
13.6	0.676
13.616666666666667	0.674
13.633333333333333	0.673
13.65	0.671
13.666666666666666	0.67
13.683333333333334	0.669
13.7	0.667
13.716666666666667	0.665
13.733333333333333	0.664
13.75	0.662
13.766666666666667	0.66
13.783333333333333	0.658
13.8	0.657
13.816666666666666	0.655
13.833333333333334	0.653
13.85	0.651
13.866666666666667	0.65
13.883333333333333	0.648
13.9	0.646
13.916666666666666	0.644
13.933333333333334	0.641
13.95	0.639
13.966666666666667	0.637
13.983333333333333	0.635
14.0	0.633
14.016666666666667	0.631
14.033333333333333	0.628
14.05	0.626
14.066666666666666	0.624
14.083333333333334	0.621
14.1	0.619
14.116666666666667	0.616
14.133333333333333	0.613
14.15	0.611
14.166666666666666	0.608
14.183333333333334	0.605
14.2	0.602
14.216666666666667	0.599
14.233333333333333	0.596
14.25	0.593
14.266666666666667	0.59
14.283333333333333	0.587
14.3	0.584
14.316666666666666	0.581
14.333333333333334	0.577
14.35	0.574
14.366666666666667	0.571
14.383333333333333	0.568
14.4	0.564
14.416666666666666	0.561
14.433333333333334	0.557
14.45	0.553
14.466666666666667	0.55
14.483333333333333	0.547
14.5	0.543
14.516666666666667	0.539
14.533333333333333	0.537
14.55	0.534
14.566666666666666	0.53
14.583333333333334	0.527
14.6	0.524
14.616666666666667	0.521
14.633333333333333	0.518
14.65	0.516
14.666666666666666	0.513
14.683333333333334	0.511
14.7	0.508
14.716666666666667	0.506
14.733333333333333	0.504
14.75	0.502
14.766666666666667	0.5
14.783333333333333	0.498
14.8	0.497
14.816666666666666	0.495
14.833333333333334	0.493
14.85	0.492
14.866666666666667	0.491
14.883333333333333	0.489
14.9	0.488
14.916666666666666	0.487
14.933333333333334	0.485
14.95	0.484
14.966666666666667	0.483
14.983333333333333	0.482
15.0	0.481
15.016666666666667	0.48
15.033333333333333	0.479
15.05	0.479
15.066666666666666	0.478
15.083333333333334	0.477
15.1	0.476
15.116666666666667	0.476
15.133333333333333	0.475
15.15	0.474
15.166666666666666	0.474
15.183333333333334	0.473
15.2	0.473
15.216666666666667	0.472
15.233333333333333	0.471
15.25	0.471
15.266666666666667	0.47
15.283333333333333	0.469
15.3	0.469
15.316666666666666	0.469
15.333333333333334	0.468
15.35	0.467
15.366666666666667	0.467
15.383333333333333	0.467
15.4	0.466
15.416666666666666	0.466
15.433333333333334	0.465
15.45	0.465
15.466666666666667	0.465
15.483333333333333	0.464
15.5	0.464
15.516666666666667	0.463
15.533333333333333	0.463
15.55	0.463
15.566666666666666	0.462
15.583333333333334	0.462
15.6	0.461
15.616666666666667	0.461
15.633333333333333	0.461
15.65	0.46
15.666666666666666	0.46
15.683333333333334	0.46
15.7	0.459
15.716666666666667	0.459
15.733333333333333	0.459
15.75	0.459
15.766666666666667	0.458
15.783333333333333	0.458
15.8	0.458
15.816666666666666	0.457
15.833333333333334	0.457
15.85	0.457
15.866666666666667	0.457
15.883333333333333	0.456
15.9	0.456
15.916666666666666	0.456
15.933333333333334	0.455
15.95	0.455
15.966666666666667	0.455
15.983333333333333	0.455
16.0	0.454
16.016666666666666	0.454
16.033333333333335	0.454
16.05	0.454
16.066666666666666	0.453
16.083333333333332	0.453
16.1	0.453
16.116666666666667	0.453
16.133333333333333	0.452
16.15	0.452
16.166666666666668	0.452
16.183333333333334	0.452
16.2	0.451
16.216666666666665	0.451
16.233333333333334	0.451
16.25	0.451
16.266666666666666	0.451
16.283333333333335	0.45
16.3	0.45
16.316666666666666	0.45
16.333333333333332	0.45
16.35	0.449
16.366666666666667	0.449
16.383333333333333	0.449
16.4	0.449
16.416666666666668	0.448
16.433333333333334	0.448
16.45	0.448
16.466666666666665	0.448
16.483333333333334	0.448
16.5	0.447
16.516666666666666	0.447
16.533333333333335	0.447
16.55	0.447
16.566666666666666	0.447
16.583333333333332	0.446
16.6	0.446
16.616666666666667	0.446
16.633333333333333	0.446
16.65	0.445
16.666666666666668	0.445
16.666666666666668	0.445
16.666666666666668	0.445
16.666666666666668	0.445
16.666666666666668	0.444
16.833333333333332	0.444
16.833333333333332	0.444
16.833333333333332	0.444
16.833333333333332	0.443
16.833333333333332	0.443
16.833333333333332	0.443
16.833333333333332	0.443
16.833333333333332	0.443
16.833333333333332	0.442
16.833333333333332	0.442
17.0	0.442
17.0	0.442
17.0	0.442
17.0	0.441
17.0	0.441
17.0	0.441
17.0	0.441
17.0	0.441
17.0	0.44
17.0	0.44
17.166666666666668	0.44
17.166666666666668	0.44
17.166666666666668	0.44
17.166666666666668	0.439
17.166666666666668	0.439
17.166666666666668	0.439
17.166666666666668	0.439
17.166666666666668	0.439
17.166666666666668	0.438
17.166666666666668	0.438
17.333333333333332	0.438
17.333333333333332	0.438
17.333333333333332	0.437
17.333333333333332	0.437
17.333333333333332	0.437
17.333333333333332	0.437
17.333333333333332	0.437
17.333333333333332	0.437
17.333333333333332	0.436
17.333333333333332	0.436
17.5	0.436
17.5	0.436
17.5	0.436
17.5	0.435
17.5	0.435
17.5	0.435
17.5	0.435
17.5	0.435
17.5	0.434
17.5	0.434
17.666666666666668	0.434
17.666666666666668	0.434
17.666666666666668	0.434
17.666666666666668	0.433
17.666666666666668	0.433
17.666666666666668	0.433
17.666666666666668	0.433
17.666666666666668	0.433
17.666666666666668	0.432
17.666666666666668	0.432
17.833333333333332	0.432
17.833333333333332	0.432
17.833333333333332	0.431
17.833333333333332	0.431
17.833333333333332	0.431
17.833333333333332	0.431
17.833333333333332	0.431
17.833333333333332	0.431
17.833333333333332	0.43
17.833333333333332	0.43
18.0	0.43
18.0	0.43
18.0	0.43
18.0	0.429
18.0	0.429
18.0	0.429
18.0	0.429
18.0	0.429
18.0	0.428
18.0	0.428
18.166666666666668	0.428
18.166666666666668	0.428
18.166666666666668	0.428
18.166666666666668	0.427
18.166666666666668	0.427
18.166666666666668	0.427
18.166666666666668	0.427
18.166666666666668	0.427
18.166666666666668	0.426
18.166666666666668	0.426
18.333333333333332	0.426
18.333333333333332	0.426
18.333333333333332	0.426
18.333333333333332	0.425
18.333333333333332	0.425
18.333333333333332	0.425
18.333333333333332	0.425
18.333333333333332	0.425
18.333333333333332	0.424
18.333333333333332	0.424
18.5	0.424
18.5	0.424
18.5	0.424
18.5	0.424
18.5	0.423
18.5	0.423
18.5	0.423
18.5	0.423
18.5	0.422
18.5	0.422
18.666666666666668	0.422
18.666666666666668	0.422
18.666666666666668	0.422
18.666666666666668	0.421
18.666666666666668	0.421
18.666666666666668	0.421
18.666666666666668	0.421
18.666666666666668	0.421
18.666666666666668	0.421
18.666666666666668	0.42
18.833333333333332	0.42
18.833333333333332	0.42
18.833333333333332	0.42
18.833333333333332	0.42
18.833333333333332	0.419
18.833333333333332	0.419
18.833333333333332	0.419
18.833333333333332	0.419
18.833333333333332	0.418
18.833333333333332	0.418
19.0	0.418
19.0	0.418
19.0	0.418
19.0	0.418
19.0	0.417
19.0	0.417
19.0	0.417
19.0	0.417
19.0	0.416
19.0	0.416
19.166666666666668	0.416
19.166666666666668	0.416
19.166666666666668	0.416
19.166666666666668	0.415
19.166666666666668	0.415
19.166666666666668	0.415
19.166666666666668	0.415
19.166666666666668	0.415
19.166666666666668	0.414
19.166666666666668	0.414
19.333333333333332	0.414
19.333333333333332	0.414
19.333333333333332	0.413
19.333333333333332	0.413
19.333333333333332	0.413
19.333333333333332	0.413
19.333333333333332	0.413
19.333333333333332	0.412
19.333333333333332	0.412
19.333333333333332	0.412
19.5	0.412
19.5	0.412
19.5	0.411
19.5	0.411
19.5	0.411
19.5	0.411
19.5	0.41
19.5	0.41
19.5	0.41
19.5	0.41
19.666666666666668	0.41
19.666666666666668	0.409
19.666666666666668	0.409
19.666666666666668	0.409
19.666666666666668	0.409
19.666666666666668	0.409
19.666666666666668	0.408
19.666666666666668	0.408
19.666666666666668	0.408
19.666666666666668	0.408
19.833333333333332	0.407
19.833333333333332	0.407
19.833333333333332	0.407
19.833333333333332	0.407
19.833333333333332	0.406
19.833333333333332	0.406
19.833333333333332	0.406
19.833333333333332	0.406
19.833333333333332	0.405
19.833333333333332	0.405
20.0	0.405
20.0	0.405
20.0	0.405
20.0	0.404
20.0	0.404
20.0	0.404
20.0	0.404
20.0	0.403
20.0	0.403
20.0	0.403
20.166666666666668	0.403
20.166666666666668	0.402
20.166666666666668	0.402
20.166666666666668	0.402
20.166666666666668	0.402
20.166666666666668	0.401
20.166666666666668	0.401
20.166666666666668	0.401
20.166666666666668	0.401
20.166666666666668	0.4
20.333333333333332	0.4
20.333333333333332	0.4
20.333333333333332	0.4
20.333333333333332	0.4
20.333333333333332	0.399
20.333333333333332	0.399
20.333333333333332	0.399
20.333333333333332	0.399
20.333333333333332	0.399
20.333333333333332	0.398
20.5	0.398
20.5	0.398
20.5	0.397
20.5	0.397
20.5	0.397
20.5	0.397
20.5	0.396
20.5	0.396
20.5	0.396
20.5	0.396
20.666666666666668	0.395
20.666666666666668	0.395
20.666666666666668	0.395
20.666666666666668	0.395
20.666666666666668	0.394
20.666666666666668	0.394
20.666666666666668	0.394
20.666666666666668	0.394
20.666666666666668	0.393
20.666666666666668	0.393
20.833333333333332	0.393
20.833333333333332	0.393
20.833333333333332	0.392
20.833333333333332	0.392
20.833333333333332	0.392
20.833333333333332	0.391
20.833333333333332	0.391
20.833333333333332	0.391
20.833333333333332	0.391
20.833333333333332	0.39
21.0	0.39
21.0	0.39
21.0	0.39
21.0	0.389
21.0	0.389
21.0	0.389
21.0	0.389
21.0	0.388
21.0	0.388
21.0	0.388
21.166666666666668	0.388
21.166666666666668	0.387
21.166666666666668	0.387
21.166666666666668	0.387
21.166666666666668	0.386
21.166666666666668	0.386
21.166666666666668	0.386
21.166666666666668	0.386
21.166666666666668	0.385
21.166666666666668	0.385
21.333333333333332	0.385
21.333333333333332	0.385
21.333333333333332	0.384
21.333333333333332	0.384
21.333333333333332	0.384
21.333333333333332	0.384
21.333333333333332	0.383
21.333333333333332	0.383
21.333333333333332	0.383
21.333333333333332	0.383
21.5	0.382
21.5	0.382
21.5	0.382
21.5	0.382
21.5	0.381
21.5	0.381
21.5	0.381
21.5	0.381
21.5	0.38
21.5	0.38
21.666666666666668	0.38
21.666666666666668	0.38
21.666666666666668	0.379
21.666666666666668	0.379
21.666666666666668	0.379
21.666666666666668	0.378
21.666666666666668	0.378
21.666666666666668	0.378
21.666666666666668	0.378
21.666666666666668	0.377
21.833333333333332	0.377
21.833333333333332	0.377
21.833333333333332	0.376
21.833333333333332	0.376
21.833333333333332	0.376
21.833333333333332	0.376
21.833333333333332	0.375
21.833333333333332	0.375
21.833333333333332	0.375
21.833333333333332	0.374
22.0	0.374
22.0	0.374
22.0	0.374
22.0	0.373
22.0	0.373
22.0	0.373
22.0	0.373
22.0	0.372
22.0	0.372
22.0	0.372
22.166666666666668	0.371
22.166666666666668	0.371
22.166666666666668	0.371
22.166666666666668	0.371
22.166666666666668	0.37
22.166666666666668	0.37
22.166666666666668	0.37
22.166666666666668	0.37
22.166666666666668	0.369
22.166666666666668	0.369
22.333333333333332	0.369
22.333333333333332	0.369
22.333333333333332	0.368
22.333333333333332	0.368
22.333333333333332	0.368
22.333333333333332	0.367
22.333333333333332	0.367
22.333333333333332	0.367
22.333333333333332	0.366
22.333333333333332	0.366
22.5	0.366
22.5	0.366
22.5	0.365
22.5	0.365
22.5	0.365
22.5	0.365
22.5	0.364
22.5	0.364
22.5	0.364
22.5	0.363
22.666666666666668	0.363
22.666666666666668	0.363
22.666666666666668	0.363
22.666666666666668	0.362
22.666666666666668	0.362
22.666666666666668	0.362
22.666666666666668	0.361
22.666666666666668	0.361
22.666666666666668	0.361
22.666666666666668	0.361
22.833333333333332	0.36
22.833333333333332	0.36
22.833333333333332	0.36
22.833333333333332	0.359
22.833333333333332	0.359
22.833333333333332	0.359
22.833333333333332	0.359
22.833333333333332	0.358
22.833333333333332	0.358
22.833333333333332	0.358
23.0	0.358
23.0	0.357
23.0	0.357
23.0	0.357
23.0	0.356
23.0	0.356
23.0	0.356
23.0	0.355
23.0	0.355
23.0	0.355
23.166666666666668	0.354
23.166666666666668	0.354
23.166666666666668	0.354
23.166666666666668	0.353
23.166666666666668	0.353
23.166666666666668	0.353
23.166666666666668	0.352
23.166666666666668	0.352
23.166666666666668	0.352
23.166666666666668	0.351
23.333333333333332	0.351
23.333333333333332	0.351
23.333333333333332	0.351
23.333333333333332	0.35
23.333333333333332	0.35
23.333333333333332	0.35
23.333333333333332	0.35
23.333333333333332	0.349
23.333333333333332	0.349
23.333333333333332	0.349
23.5	0.348
23.5	0.348
23.5	0.348
23.5	0.347
23.5	0.347
23.5	0.347
23.5	0.346
23.5	0.346
23.5	0.346
23.5	0.346
23.666666666666668	0.345
23.666666666666668	0.345
23.666666666666668	0.345
23.666666666666668	0.344
23.666666666666668	0.344
23.666666666666668	0.344
23.666666666666668	0.343
23.666666666666668	0.343
23.666666666666668	0.342
23.666666666666668	0.342
23.833333333333332	0.342
23.833333333333332	0.342
23.833333333333332	0.341
23.833333333333332	0.341
23.833333333333332	0.34
23.833333333333332	0.34
23.833333333333332	0.34
23.833333333333332	0.34
23.833333333333332	0.339
23.833333333333332	0.339
24.0	0.339
24.0	0.338
24.0	0.338
24.0	0.337
24.0	0.337
24.0	0.337
24.0	0.337
24.0	0.336
24.0	0.336
24.0	0.336
24.166666666666668	0.335
24.166666666666668	0.335
24.166666666666668	0.334
24.166666666666668	0.334
24.166666666666668	0.334
24.166666666666668	0.333
24.166666666666668	0.333
24.166666666666668	0.333
24.166666666666668	0.332
24.166666666666668	0.332
24.333333333333332	0.332
24.333333333333332	0.331
24.333333333333332	0.331
24.333333333333332	0.331
24.333333333333332	0.33
24.333333333333332	0.33
24.333333333333332	0.329
24.333333333333332	0.329
24.333333333333332	0.329
24.333333333333332	0.328
24.5	0.328
24.5	0.328
24.5	0.327
24.5	0.327
24.5	0.327
24.5	0.326
24.5	0.326
24.5	0.326
24.5	0.325
24.5	0.325
24.666666666666668	0.325
24.666666666666668	0.324
24.666666666666668	0.324
24.666666666666668	0.323
24.666666666666668	0.323
24.666666666666668	0.323
24.666666666666668	0.322
24.666666666666668	0.322
24.666666666666668	0.322
24.666666666666668	0.321
24.833333333333332	0.321
24.833333333333332	0.321
24.833333333333332	0.32
24.833333333333332	0.32
24.833333333333332	0.319
24.833333333333332	0.319
24.833333333333332	0.318
24.833333333333332	0.318
24.833333333333332	0.318
24.833333333333332	0.317
25.0	0.317
25.0	0.316
25.0	0.316
25.0	0.316
25.0	0.315
25.0	0.315
25.0	0.314
25.0	0.314
25.0	0.314
25.0	0.313
25.166666666666668	0.313
25.166666666666668	0.312
25.166666666666668	0.312
25.166666666666668	0.311
25.166666666666668	0.311
25.166666666666668	0.311
25.166666666666668	0.31
25.166666666666668	0.31
25.166666666666668	0.31
25.166666666666668	0.309
25.333333333333332	0.309
25.333333333333332	0.308
25.333333333333332	0.308
25.333333333333332	0.307
25.333333333333332	0.307
25.333333333333332	0.307
25.333333333333332	0.306
25.333333333333332	0.306
25.333333333333332	0.305
25.333333333333332	0.305
25.5	0.305
25.5	0.304
25.5	0.304
25.5	0.304
25.5	0.303
25.5	0.301
25.5	0.301
25.5	0.301
25.5	0.301
25.5	0.301
25.666666666666668	0.3
25.666666666666668	0.299
25.666666666666668	0.299
25.666666666666668	0.299
25.666666666666668	0.298
25.666666666666668	0.298
25.666666666666668	0.297
25.666666666666668	0.297
25.666666666666668	0.297
25.666666666666668	0.296
25.833333333333332	0.295
25.833333333333332	0.295
25.833333333333332	0.294
25.833333333333332	0.294
25.833333333333332	0.294
25.833333333333332	0.293
25.833333333333332	0.293
25.833333333333332	0.292
25.833333333333332	0.292
25.833333333333332	0.291
26.0	0.291
26.0	0.29
26.0	0.29
26.0	0.289
26.0	0.289
26.0	0.288
26.0	0.288
26.0	0.287
26.0	0.286
26.0	0.286
26.166666666666668	0.285
26.166666666666668	0.285
26.166666666666668	0.285
26.166666666666668	0.284
26.166666666666668	0.283
26.166666666666668	0.283
26.166666666666668	0.282
26.166666666666668	0.282
26.166666666666668	0.281
26.166666666666668	0.28
26.333333333333332	0.28
26.333333333333332	0.279
26.333333333333332	0.278
26.333333333333332	0.278
26.333333333333332	0.278
26.333333333333332	0.277
26.333333333333332	0.277
26.333333333333332	0.276
26.333333333333332	0.275
26.333333333333332	0.275
26.5	0.274
26.5	0.273
26.5	0.273
26.5	0.272
26.5	0.272
26.5	0.271
26.5	0.27
26.5	0.269
26.5	0.269
26.5	0.268
26.666666666666668	0.268
26.666666666666668	0.267
26.666666666666668	0.267
26.666666666666668	0.266
26.666666666666668	0.265
26.666666666666668	0.265
26.666666666666668	0.264
26.666666666666668	0.263
26.666666666666668	0.262
26.666666666666668	0.262
26.833333333333332	0.261
26.833333333333332	0.26
26.833333333333332	0.259
26.833333333333332	0.259
26.833333333333332	0.258
26.833333333333332	0.257
26.833333333333332	0.256
26.833333333333332	0.256
26.833333333333332	0.255
26.833333333333332	0.254
27.0	0.254
27.0	0.252
27.0	0.252
27.0	0.251
27.0	0.25
27.0	0.249
27.0	0.249
27.0	0.248
27.0	0.247
27.0	0.247
27.166666666666668	0.246
27.166666666666668	0.245
27.166666666666668	0.244
27.166666666666668	0.243
27.166666666666668	0.242
27.166666666666668	0.242
27.166666666666668	0.24
27.166666666666668	0.239
27.166666666666668	0.239
27.166666666666668	0.237
27.333333333333332	0.236
27.333333333333332	0.236
27.333333333333332	0.234
27.333333333333332	0.233
27.333333333333332	0.232
27.333333333333332	0.231
27.333333333333332	0.23
27.333333333333332	0.229
27.333333333333332	0.228
27.333333333333332	0.227
27.5	0.227
27.5	0.225
27.5	0.224
27.5	0.223
27.5	0.221
27.5	0.22
27.5	0.219
27.5	0.217
27.5	0.216
27.5	0.215
27.666666666666668	0.214
27.666666666666668	0.213
27.666666666666668	0.212
27.666666666666668	0.21
27.666666666666668	0.209
27.666666666666668	0.208
27.666666666666668	0.206
27.666666666666668	0.204
27.666666666666668	0.203
27.666666666666668	0.201
27.833333333333332	0.199
27.833333333333332	0.198
27.833333333333332	0.196
27.833333333333332	0.194
27.833333333333332	0.194
27.833333333333332	0.192
27.833333333333332	0.19
27.833333333333332	0.189
27.833333333333332	0.187
27.833333333333332	0.185
28.0	0.184
28.0	0.181
28.0	0.178
28.0	0.177
28.0	0.174
28.0	0.172
28.0	0.171
28.0	0.169
28.0	0.166
28.0	0.164
28.166666666666668	0.161
28.166666666666668	0.159
28.166666666666668	0.157
28.166666666666668	0.153
28.166666666666668	0.151
28.166666666666668	0.149
28.166666666666668	0.144
28.166666666666668	0.14
28.166666666666668	0.138
28.166666666666668	0.134
28.333333333333332	0.131
28.333333333333332	0.129
28.333333333333332	0.125
28.333333333333332	0.121
28.333333333333332	0.118
28.333333333333332	0.112
28.333333333333332	0.108
28.333333333333332	0.106
28.333333333333332	0.101
28.333333333333332	0.0951
28.5	0.0904
28.5	0.084
28.5	0.0784
28.5	0.0751
28.5	0.0686
28.5	0.0612
28.5	0.0541
28.5	0.0448
