0.016666666666666666	-0.1557
0.03333333333333333	-0.16509999999999997
0.05	-0.16849999999999998
0.06666666666666667	-0.17059999999999997
0.08333333333333333	-0.17109999999999997
0.1	-0.17159999999999997
0.11666666666666667	-0.17220000000000002
0.13333333333333333	-0.17309999999999998
0.15	-0.1743
0.16666666666666666	-0.1759
0.18333333333333332	-0.17759999999999998
0.2	-0.1789
0.21666666666666667	-0.18030000000000002
0.23333333333333334	-0.1815
0.25	-0.18259999999999998
0.26666666666666666	-0.18330000000000002
0.2833333333333333	-0.1845
0.3	-0.18519999999999998
0.31666666666666665	-0.1861
0.3333333333333333	-0.1874
0.35	-0.1881
0.36666666666666664	-0.18919999999999998
0.38333333333333336	-0.1904
0.4	-0.19119999999999998
0.4166666666666667	-0.1921
0.43333333333333335	-0.193
0.45	-0.194
0.4666666666666667	-0.19469999999999998
0.48333333333333334	-0.19579999999999997
0.5	-0.19679999999999997
0.5166666666666667	-0.19779999999999998
0.5333333333333333	-0.1986
0.55	-0.1995
0.5666666666666667	-0.2002
0.5833333333333334	-0.2012
0.6	-0.2017
0.6166666666666667	-0.2031
0.6333333333333333	-0.20379999999999998
0.65	-0.20479999999999998
0.6666666666666666	-0.2056
0.6833333333333333	-0.20639999999999997
0.7	-0.20700000000000002
0.7166666666666667	-0.20800000000000002
0.7333333333333333	-0.20889999999999997
0.75	-0.2098
0.7666666666666667	-0.21039999999999998
0.7833333333333333	-0.21150000000000002
0.8	-0.21239999999999998
0.8166666666666667	-0.2132
0.8333333333333334	-0.2141
0.85	-0.21499999999999997
0.8666666666666667	-0.21589999999999998
0.8833333333333333	-0.21639999999999998
0.9	-0.21749999999999997
0.9166666666666666	-0.21860000000000002
0.9333333333333333	-0.2192
0.95	-0.22010000000000002
0.9666666666666667	-0.22110000000000002
0.9833333333333333	-0.2217
1.0	-0.22260000000000002
1.0166666666666666	-0.2237
1.0333333333333334	-0.2244
1.05	-0.2252
1.0666666666666667	-0.2262
1.0833333333333333	-0.22709999999999997
1.1	-0.22799999999999998
1.1166666666666667	-0.2289
1.1333333333333333	-0.22970000000000002
1.15	-0.2304
1.1666666666666667	-0.2313
1.1833333333333333	-0.23259999999999997
1.2	-0.23349999999999999
1.2166666666666666	-0.23409999999999997
1.2333333333333334	-0.23520000000000002
1.25	-0.236
1.2666666666666666	-0.23719999999999997
1.2833333333333334	-0.238
1.3	-0.23909999999999998
1.3166666666666667	-0.23969999999999997
1.3333333333333333	-0.24069999999999997
1.35	-0.24180000000000001
1.3666666666666667	-0.24259999999999998
1.3833333333333333	-0.24370000000000003
1.4	-0.24470000000000003
1.4166666666666667	-0.24580000000000002
1.4333333333333333	-0.24670000000000003
1.45	-0.24780000000000002
1.4666666666666666	-0.24919999999999998
1.4833333333333334	-0.25
1.5	-0.25139999999999996
1.5166666666666666	-0.252
1.5333333333333334	-0.2531
1.55	-0.2541
1.5666666666666667	-0.25539999999999996
1.5833333333333333	-0.25649999999999995
1.6	-0.25749999999999995
1.6166666666666667	-0.25839999999999996
1.6333333333333333	-0.25970000000000004
1.65	-0.2611
1.6666666666666667	-0.2623
1.6833333333333333	-0.26359999999999995
1.7	-0.26449999999999996
1.7166666666666666	-0.26580000000000004
1.7333333333333334	-0.267
1.75	-0.2682
1.7666666666666666	-0.26959999999999995
1.7833333333333334	-0.271
1.8	-0.2723
1.8166666666666667	-0.2734
1.8333333333333333	-0.27490000000000003
1.85	-0.2763
1.8666666666666667	-0.27769999999999995
1.8833333333333333	-0.27890000000000004
1.9	-0.2804
1.9166666666666667	-0.28159999999999996
1.9333333333333333	-0.28290000000000004
1.95	-0.2843
1.9666666666666666	-0.28569999999999995
1.9833333333333334	-0.2873
2.0	-0.2883
2.0166666666666666	-0.2894
2.033333333333333	-0.29100000000000004
2.05	-0.2923
2.066666666666667	-0.2934
2.0833333333333335	-0.29469999999999996
2.1	-0.2956
2.1166666666666667	-0.29700000000000004
2.1333333333333333	-0.2982
2.15	-0.2993
2.1666666666666665	-0.3004
2.183333333333333	-0.3015
2.2	-0.3026
2.216666666666667	-0.30379999999999996
2.2333333333333334	-0.30489999999999995
2.25	-0.30579999999999996
2.2666666666666666	-0.3067
2.283333333333333	-0.3076
2.3	-0.3086
2.316666666666667	-0.3096
2.3333333333333335	-0.3106
2.35	-0.3114
2.3666666666666667	-0.3124
2.3833333333333333	-0.31310000000000004
2.4	-0.31389999999999996
2.4166666666666665	-0.31479999999999997
2.433333333333333	-0.31520000000000004
2.45	-0.31610000000000005
2.466666666666667	-0.31710000000000005
2.4833333333333334	-0.3177
2.5	-0.3187
2.5166666666666666	-0.31930000000000003
2.533333333333333	-0.31989999999999996
2.55	-0.32089999999999996
2.566666666666667	-0.3215
2.5833333333333335	-0.32230000000000003
2.6	-0.3228
2.6166666666666667	-0.3234
2.6333333333333333	-0.32399999999999995
2.65	-0.3246
2.6666666666666665	-0.32520000000000004
2.683333333333333	-0.32599999999999996
2.7	-0.3268
2.716666666666667	-0.32730000000000004
2.7333333333333334	-0.3278
2.75	-0.32809999999999995
2.7666666666666666	-0.3287
2.783333333333333	-0.32909999999999995
2.8	-0.33009999999999995
2.816666666666667	-0.3304
2.8333333333333335	-0.33099999999999996
2.85	-0.3315
2.8666666666666667	-0.3319
2.8833333333333333	-0.3325
2.9	-0.3328
2.9166666666666665	-0.33319999999999994
2.933333333333333	-0.3338
2.95	-0.3339
2.966666666666667	-0.3349
2.9833333333333334	-0.33540000000000003
3.0	-0.3355
3.0166666666666666	-0.33630000000000004
3.033333333333333	-0.33640000000000003
3.05	-0.3368
3.066666666666667	-0.3375
3.0833333333333335	-0.33809999999999996
3.1	-0.33819999999999995
3.1166666666666667	-0.3386
3.1333333333333333	-0.33899999999999997
3.15	-0.3396
3.1666666666666665	-0.3395
3.183333333333333	-0.34030000000000005
3.2	-0.3406
3.216666666666667	-0.3409
3.2333333333333334	-0.3415
3.25	-0.3415
3.2666666666666666	-0.34209999999999996
3.283333333333333	-0.34230000000000005
3.3	-0.3429
3.316666666666667	-0.34319999999999995
3.3333333333333335	-0.3435
3.35	-0.3436
3.3666666666666667	-0.34419999999999995
3.3833333333333333	-0.3446
3.4	-0.3448
3.4166666666666665	-0.34519999999999995
3.433333333333333	-0.3457
3.45	-0.3456
3.466666666666667	-0.34619999999999995
3.4833333333333334	-0.3466
3.5	-0.347
3.5166666666666666	-0.34719999999999995
3.533333333333333	-0.34740000000000004
3.55	-0.3479
3.566666666666667	-0.34819999999999995
3.5833333333333335	-0.3486
3.6	-0.3486
3.6166666666666667	-0.349
3.6333333333333333	-0.34929999999999994
3.65	-0.3496
3.6666666666666665	-0.3498
3.683333333333333	-0.3498
3.7	-0.35029999999999994
3.716666666666667	-0.3508
3.7333333333333334	-0.351
3.75	-0.35140000000000005
3.7666666666666666	-0.3519
3.783333333333333	-0.35209999999999997
3.8	-0.352
3.816666666666667	-0.35240000000000005
3.8333333333333335	-0.35250000000000004
3.85	-0.3529
3.8666666666666667	-0.35329999999999995
3.8833333333333333	-0.3536
3.9	-0.3538
3.9166666666666665	-0.35409999999999997
3.933333333333333	-0.35429999999999995
3.95	-0.35450000000000004
3.966666666666667	-0.3547
3.9833333333333334	-0.355
4.0	-0.35519999999999996
4.016666666666667	-0.3556
4.033333333333333	-0.3556
4.05	-0.35609999999999997
4.066666666666666	-0.356
4.083333333333333	-0.35650000000000004
4.1	-0.3567
4.116666666666666	-0.3571
4.133333333333334	-0.35719999999999996
4.15	-0.35750000000000004
4.166666666666667	-0.3578
4.183333333333334	-0.3579
4.2	-0.3581
4.216666666666667	-0.35819999999999996
4.233333333333333	-0.35860000000000003
4.25	-0.35860000000000003
4.266666666666667	-0.359
4.283333333333333	-0.35939999999999994
4.3	-0.35960000000000003
4.316666666666666	-0.3597
4.333333333333333	-0.36
4.35	-0.36039999999999994
4.366666666666666	-0.36039999999999994
4.383333333333334	-0.36050000000000004
4.4	-0.3608
4.416666666666667	-0.361
4.433333333333334	-0.36129999999999995
4.45	-0.36139999999999994
4.466666666666667	-0.36129999999999995
4.483333333333333	-0.3617
4.5	-0.3621
4.516666666666667	-0.3621
4.533333333333333	-0.36229999999999996
4.55	-0.3628
4.566666666666666	-0.3628
4.583333333333333	-0.3629
4.6	-0.36329999999999996
4.616666666666666	-0.36350000000000005
4.633333333333334	-0.3638
4.65	-0.3638
4.666666666666667	-0.364
4.683333333333334	-0.36419999999999997
4.7	-0.36439999999999995
4.716666666666667	-0.36460000000000004
4.733333333333333	-0.3649
4.75	-0.3649
4.766666666666667	-0.3651
4.783333333333333	-0.36519999999999997
4.8	-0.36550000000000005
4.816666666666666	-0.3658
4.833333333333333	-0.366
4.85	-0.366
4.866666666666666	-0.36629999999999996
4.883333333333334	-0.36650000000000005
4.9	-0.3667
4.916666666666667	-0.3667
4.933333333333334	-0.3667
4.95	-0.3671
4.966666666666667	-0.36729999999999996
4.983333333333333	-0.3678
5.0	-0.36760000000000004
5.016666666666667	-0.3679
5.033333333333333	-0.368
5.05	-0.36839999999999995
5.066666666666666	-0.3681
5.083333333333333	-0.36849999999999994
5.1	-0.3689
5.116666666666666	-0.3689
5.133333333333334	-0.3688
5.15	-0.36929999999999996
5.166666666666667	-0.36939999999999995
5.183333333333334	-0.36970000000000003
5.2	-0.36970000000000003
5.216666666666667	-0.3698
5.233333333333333	-0.37
5.25	-0.3701
5.266666666666667	-0.37039999999999995
5.283333333333333	-0.37039999999999995
5.3	-0.37060000000000004
5.316666666666666	-0.3708
5.333333333333333	-0.3712
5.35	-0.3709
5.366666666666666	-0.37139999999999995
5.383333333333334	-0.37160000000000004
5.4	-0.37149999999999994
5.416666666666667	-0.3719
5.433333333333334	-0.372
5.45	-0.3722
5.466666666666667	-0.37229999999999996
5.483333333333333	-0.37239999999999995
5.5	-0.37239999999999995
5.516666666666667	-0.37270000000000003
5.533333333333333	-0.3728
5.55	-0.3732
5.566666666666666	-0.3731
5.583333333333333	-0.37329999999999997
5.6	-0.37349999999999994
5.616666666666666	-0.37349999999999994
5.633333333333334	-0.37360000000000004
5.65	-0.3741
5.666666666666667	-0.374
5.683333333333334	-0.3742
5.7	-0.37439999999999996
5.716666666666667	-0.37439999999999996
5.733333333333333	-0.37470000000000003
5.75	-0.37470000000000003
5.766666666666667	-0.375
5.783333333333333	-0.3751
5.8	-0.37529999999999997
5.816666666666666	-0.3752
5.833333333333333	-0.37539999999999996
5.85	-0.37549999999999994
5.866666666666666	-0.37570000000000003
5.883333333333334	-0.3758
5.9	-0.3759
5.916666666666667	-0.376
5.933333333333334	-0.3762
5.95	-0.37649999999999995
5.966666666666667	-0.37649999999999995
5.983333333333333	-0.37660000000000005
6.0	-0.3768
6.016666666666667	-0.3771
6.033333333333333	-0.377
6.05	-0.37729999999999997
6.066666666666666	-0.37729999999999997
6.083333333333333	-0.37770000000000004
6.1	-0.37729999999999997
6.116666666666666	-0.37770000000000004
6.133333333333334	-0.3779
6.15	-0.3779
6.166666666666667	-0.3781
6.183333333333334	-0.3781
6.2	-0.37829999999999997
6.216666666666667	-0.37829999999999997
6.233333333333333	-0.37849999999999995
6.25	-0.37860000000000005
6.266666666666667	-0.37860000000000005
6.283333333333333	-0.3789
6.3	-0.3791
6.316666666666666	-0.37929999999999997
6.333333333333333	-0.3792
6.35	-0.37949999999999995
6.366666666666666	-0.37949999999999995
6.383333333333334	-0.37960000000000005
6.4	-0.37970000000000004
6.416666666666667	-0.3799
6.433333333333334	-0.3801
6.45	-0.3802
6.466666666666667	-0.38029999999999997
6.483333333333333	-0.38029999999999997
6.5	-0.38059999999999994
6.516666666666667	-0.38070000000000004
6.533333333333333	-0.38070000000000004
6.55	-0.3808
6.566666666666666	-0.381
6.583333333333333	-0.3812
6.6	-0.3813
6.616666666666666	-0.3813
6.633333333333334	-0.38170000000000004
6.65	-0.38159999999999994
6.666666666666667	-0.38170000000000004
6.683333333333334	-0.38170000000000004
6.7	-0.3819
6.716666666666667	-0.382
6.733333333333333	-0.3822
6.75	-0.3822
6.766666666666667	-0.3821
6.783333333333333	-0.38239999999999996
6.8	-0.38249999999999995
6.816666666666666	-0.38280000000000003
6.833333333333333	-0.3829
6.85	-0.38280000000000003
6.866666666666666	-0.3832
6.883333333333334	-0.3829
6.9	-0.383
6.916666666666667	-0.3833
6.933333333333334	-0.38349999999999995
6.95	-0.38349999999999995
6.966666666666667	-0.38359999999999994
6.983333333333333	-0.38370000000000004
7.0	-0.3839
7.016666666666667	-0.384
7.033333333333333	-0.3841
7.05	-0.3843
7.066666666666666	-0.38449999999999995
7.083333333333333	-0.3843
7.1	-0.38439999999999996
7.116666666666666	-0.38459999999999994
7.133333333333334	-0.38470000000000004
7.15	-0.38470000000000004
7.166666666666667	-0.385
7.183333333333334	-0.3851
7.2	-0.3852
7.216666666666667	-0.3851
7.233333333333333	-0.38549999999999995
7.25	-0.38549999999999995
7.266666666666667	-0.3853
7.283333333333333	-0.38580000000000003
7.3	-0.38580000000000003
7.316666666666666	-0.38559999999999994
7.333333333333333	-0.3861
7.35	-0.3859
7.366666666666666	-0.3859
7.383333333333334	-0.38580000000000003
7.4	-0.3862
7.416666666666667	-0.38670000000000004
7.433333333333334	-0.38639999999999997
7.45	-0.38649999999999995
7.466666666666667	-0.38670000000000004
7.483333333333333	-0.38680000000000003
7.5	-0.38670000000000004
7.516666666666667	-0.387
7.533333333333333	-0.3871
7.55	-0.3871
7.566666666666666	-0.38759999999999994
7.583333333333333	-0.3872
7.6	-0.38739999999999997
7.616666666666666	-0.38749999999999996
7.633333333333334	-0.38780000000000003
7.65	-0.38749999999999996
7.666666666666667	-0.3881
7.683333333333334	-0.3881
7.7	-0.388
7.716666666666667	-0.38780000000000003
7.733333333333333	-0.3882
7.75	-0.388
7.766666666666667	-0.38849999999999996
7.783333333333333	-0.3883
7.8	-0.38859999999999995
7.816666666666666	-0.3883
7.833333333333333	-0.38880000000000003
7.85	-0.38880000000000003
7.866666666666666	-0.389
7.883333333333334	-0.3892
7.9	-0.3892
7.916666666666667	-0.3892
7.933333333333334	-0.3891
7.95	-0.3892
7.966666666666667	-0.3893
7.983333333333333	-0.38939999999999997
8.0	-0.38959999999999995
8.016666666666667	-0.3899
8.033333333333333	-0.38980000000000004
8.05	-0.38980000000000004
8.066666666666666	-0.3901
8.083333333333334	-0.3901
8.1	-0.3901
8.116666666666667	-0.3903
8.133333333333333	-0.39049999999999996
8.15	-0.39039999999999997
8.166666666666666	-0.39039999999999997
8.183333333333334	-0.39039999999999997
8.2	-0.39070000000000005
8.216666666666667	-0.39070000000000005
8.233333333333333	-0.39070000000000005
8.25	-0.391
8.266666666666667	-0.391
8.283333333333333	-0.3909
8.3	-0.3911
8.316666666666666	-0.3913
8.333333333333334	-0.3913
8.35	-0.39159999999999995
8.366666666666667	-0.39149999999999996
8.383333333333333	-0.39170000000000005
8.4	-0.39159999999999995
8.416666666666666	-0.3919
8.433333333333334	-0.392
8.45	-0.39180000000000004
8.466666666666667	-0.392
8.483333333333333	-0.39180000000000004
8.5	-0.3922
8.516666666666667	-0.39239999999999997
8.533333333333333	-0.3922
8.55	-0.39239999999999997
8.566666666666666	-0.39249999999999996
8.583333333333334	-0.39259999999999995
8.6	-0.39239999999999997
8.616666666666667	-0.39270000000000005
8.633333333333333	-0.39280000000000004
8.65	-0.39259999999999995
8.666666666666666	-0.3931
8.683333333333334	-0.3932
8.7	-0.3933
8.716666666666667	-0.3932
8.733333333333333	-0.39349999999999996
8.75	-0.39339999999999997
8.766666666666667	-0.39349999999999996
8.783333333333333	-0.39359999999999995
8.8	-0.39369999999999994
8.816666666666666	-0.39359999999999995
8.833333333333334	-0.39380000000000004
8.85	-0.39369999999999994
8.866666666666667	-0.39359999999999995
8.883333333333333	-0.3942
8.9	-0.394
8.916666666666666	-0.3941
8.933333333333334	-0.3941
8.95	-0.394
8.966666666666667	-0.39449999999999996
8.983333333333333	-0.39449999999999996
9.0	-0.39449999999999996
9.016666666666667	-0.39469999999999994
9.033333333333333	-0.39469999999999994
9.05	-0.39490000000000003
9.066666666666666	-0.39469999999999994
9.083333333333334	-0.39490000000000003
9.1	-0.3951
9.116666666666667	-0.3952
9.133333333333333	-0.3952
9.15	-0.3952
9.166666666666666	-0.3953
9.183333333333334	-0.3954
9.2	-0.39559999999999995
9.216666666666667	-0.39549999999999996
9.233333333333333	-0.39569999999999994
9.25	-0.39549999999999996
9.266666666666667	-0.39559999999999995
9.283333333333333	-0.39590000000000003
9.3	-0.396
9.316666666666666	-0.396
9.333333333333334	-0.3961
9.35	-0.3961
9.366666666666667	-0.3962
9.383333333333333	-0.3962
9.4	-0.3963
9.416666666666666	-0.3963
9.433333333333334	-0.39659999999999995
9.45	-0.39669999999999994
9.466666666666667	-0.39649999999999996
9.483333333333333	-0.39680000000000004
9.5	-0.39659999999999995
9.516666666666667	-0.39680000000000004
9.533333333333333	-0.39680000000000004
9.55	-0.39690000000000003
9.566666666666666	-0.3972
9.583333333333334	-0.397
9.6	-0.3971
9.616666666666667	-0.3974
9.633333333333333	-0.3973
9.65	-0.3973
9.666666666666666	-0.39749999999999996
9.683333333333334	-0.39749999999999996
9.7	-0.3972
9.716666666666667	-0.39769999999999994
9.733333333333333	-0.39769999999999994
9.75	-0.3981
9.766666666666667	-0.398
9.783333333333333	-0.398
9.8	-0.39780000000000004
9.816666666666666	-0.39790000000000003
9.833333333333334	-0.3982
9.85	-0.3981
9.866666666666667	-0.3984
9.883333333333333	-0.39849999999999997
9.9	-0.3984
9.916666666666666	-0.39859999999999995
9.933333333333334	-0.39849999999999997
9.95	-0.39869999999999994
9.966666666666667	-0.39849999999999997
9.983333333333333	-0.39880000000000004
10.0	-0.399
10.016666666666667	-0.399
10.033333333333333	-0.39890000000000003
10.05	-0.3991
10.066666666666666	-0.39890000000000003
10.083333333333334	-0.3991
10.1	-0.39890000000000003
10.116666666666667	-0.3992
10.133333333333333	-0.3993
10.15	-0.39949999999999997
10.166666666666666	-0.3994
10.183333333333334	-0.39959999999999996
10.2	-0.39959999999999996
10.216666666666667	-0.39969999999999994
10.233333333333333	-0.39980000000000004
10.25	-0.39990000000000003
10.266666666666667	-0.39990000000000003
10.283333333333333	-0.39990000000000003
10.3	-0.4
10.316666666666666	-0.4
10.333333333333334	-0.4002
10.35	-0.4
10.366666666666667	-0.4002
10.383333333333333	-0.4004
10.4	-0.4002
10.416666666666666	-0.40059999999999996
10.433333333333334	-0.4004
10.45	-0.4004
10.466666666666667	-0.40080000000000005
10.483333333333333	-0.40059999999999996
10.5	-0.401
10.516666666666667	-0.40080000000000005
10.533333333333333	-0.40090000000000003
10.55	-0.40080000000000005
10.566666666666666	-0.40090000000000003
10.583333333333334	-0.4012
10.6	-0.401
10.616666666666667	-0.401
10.633333333333333	-0.4013
10.65	-0.4013
10.666666666666666	-0.40159999999999996
10.683333333333334	-0.4011
10.7	-0.40149999999999997
10.716666666666667	-0.40159999999999996
10.733333333333333	-0.40149999999999997
10.75	-0.40169999999999995
10.766666666666667	-0.40180000000000005
10.783333333333333	-0.40169999999999995
10.8	-0.40190000000000003
10.816666666666666	-0.402
10.833333333333334	-0.4021
10.85	-0.40190000000000003
10.866666666666667	-0.40190000000000003
10.883333333333333	-0.4022
10.9	-0.4021
10.916666666666666	-0.4023
10.933333333333334	-0.4023
10.95	-0.4024
10.966666666666667	-0.40249999999999997
10.983333333333333	-0.40249999999999997
11.0	-0.40259999999999996
11.016666666666667	-0.4024
11.033333333333333	-0.40259999999999996
11.05	-0.40269999999999995
11.066666666666666	-0.40269999999999995
11.083333333333334	-0.40290000000000004
11.1	-0.403
11.116666666666667	-0.403
11.133333333333333	-0.4032
11.15	-0.4031
11.166666666666666	-0.4031
11.183333333333334	-0.4033
11.2	-0.4032
11.216666666666667	-0.4034
11.233333333333333	-0.4034
11.25	-0.4033
11.266666666666667	-0.40369999999999995
11.283333333333333	-0.40359999999999996
11.3	-0.4034
11.316666666666666	-0.40359999999999996
11.333333333333334	-0.40380000000000005
11.35	-0.40380000000000005
11.366666666666667	-0.40369999999999995
11.383333333333333	-0.40390000000000004
11.4	-0.40369999999999995
11.416666666666666	-0.4041
11.433333333333334	-0.4041
11.45	-0.4043
11.466666666666667	-0.4043
11.483333333333333	-0.4041
11.5	-0.4041
11.516666666666667	-0.40449999999999997
11.533333333333333	-0.40469999999999995
11.55	-0.4043
11.566666666666666	-0.40469999999999995
11.583333333333334	-0.40449999999999997
11.6	-0.40469999999999995
11.616666666666667	-0.40449999999999997
11.633333333333333	-0.405
11.65	-0.40490000000000004
11.666666666666666	-0.40480000000000005
11.683333333333334	-0.4052
11.7	-0.405
11.716666666666667	-0.40490000000000004
11.733333333333333	-0.4051
11.75	-0.40490000000000004
11.766666666666667	-0.4051
11.783333333333333	-0.4052
11.8	-0.4054
11.816666666666666	-0.4053
11.833333333333334	-0.40549999999999997
11.85	-0.4052
11.866666666666667	-0.40549999999999997
11.883333333333333	-0.40579999999999994
11.9	-0.40549999999999997
11.916666666666666	-0.40579999999999994
11.933333333333334	-0.40569999999999995
11.95	-0.4061
11.966666666666667	-0.4062
11.983333333333333	-0.40569999999999995
12.0	-0.406
12.016666666666667	-0.4062
12.033333333333333	-0.406
12.05	-0.4061
12.066666666666666	-0.4064
12.083333333333334	-0.4062
12.1	-0.4063
12.116666666666667	-0.4065
12.133333333333333	-0.4065
12.15	-0.4065
12.166666666666666	-0.4065
12.183333333333334	-0.40659999999999996
12.2	-0.40669999999999995
12.216666666666667	-0.40669999999999995
12.233333333333333	-0.40679999999999994
12.25	-0.40669999999999995
12.266666666666667	-0.40690000000000004
12.283333333333333	-0.40690000000000004
12.3	-0.40679999999999994
12.316666666666666	-0.40700000000000003
12.333333333333334	-0.4071
12.35	-0.4072
12.366666666666667	-0.40679999999999994
12.383333333333333	-0.4073
12.4	-0.4071
12.416666666666666	-0.4074
12.433333333333334	-0.4075
12.45	-0.4074
12.466666666666667	-0.4074
12.483333333333333	-0.40769999999999995
12.5	-0.4074
12.516666666666667	-0.4075
12.533333333333333	-0.4075
12.55	-0.4074
12.566666666666666	-0.40790000000000004
12.583333333333334	-0.40779999999999994
12.6	-0.40779999999999994
12.616666666666667	-0.40800000000000003
12.633333333333333	-0.40800000000000003
12.65	-0.40800000000000003
12.666666666666666	-0.4083
12.683333333333334	-0.4081
12.7	-0.4082
12.716666666666667	-0.4082
12.733333333333333	-0.4083
12.75	-0.4082
12.766666666666667	-0.4083
12.783333333333333	-0.4083
12.8	-0.4082
12.816666666666666	-0.40869999999999995
12.833333333333334	-0.40859999999999996
12.85	-0.4085
12.866666666666667	-0.40859999999999996
12.883333333333333	-0.40890000000000004
12.9	-0.4085
12.916666666666666	-0.40869999999999995
12.933333333333334	-0.40890000000000004
12.95	-0.40900000000000003
12.966666666666667	-0.40890000000000004
12.983333333333333	-0.40890000000000004
13.0	-0.40900000000000003
13.016666666666667	-0.40900000000000003
13.033333333333333	-0.4092
13.05	-0.40900000000000003
13.066666666666666	-0.4094
13.083333333333334	-0.4092
13.1	-0.4094
13.116666666666667	-0.4093
13.133333333333333	-0.4095
13.15	-0.4094
13.166666666666666	-0.40969999999999995
13.183333333333334	-0.40959999999999996
13.2	-0.40969999999999995
13.216666666666667	-0.40969999999999995
13.233333333333333	-0.40969999999999995
13.25	-0.40979999999999994
13.266666666666667	-0.40979999999999994
13.283333333333333	-0.41000000000000003
13.3	-0.40990000000000004
13.316666666666666	-0.40990000000000004
13.333333333333334	-0.41000000000000003
13.35	-0.4101
13.366666666666667	-0.4103
13.383333333333333	-0.4101
13.4	-0.4103
13.416666666666666	-0.4104
13.433333333333334	-0.4103
13.45	-0.4103
13.466666666666667	-0.4104
13.483333333333333	-0.4105
13.5	-0.41059999999999997
13.516666666666667	-0.41069999999999995
13.533333333333333	-0.41069999999999995
13.55	-0.41069999999999995
13.566666666666666	-0.41069999999999995
13.583333333333334	-0.41069999999999995
13.6	-0.41100000000000003
13.616666666666667	-0.41069999999999995
13.633333333333333	-0.41079999999999994
13.65	-0.41079999999999994
13.666666666666666	-0.4112
13.683333333333334	-0.41090000000000004
13.7	-0.41090000000000004
13.716666666666667	-0.4112
13.733333333333333	-0.4111
13.75	-0.4113
13.766666666666667	-0.4111
13.783333333333333	-0.4115
13.8	-0.4113
13.816666666666666	-0.4114
13.833333333333334	-0.4115
13.85	-0.4113
13.866666666666667	-0.41159999999999997
13.883333333333333	-0.41159999999999997
13.9	-0.41179999999999994
13.916666666666666	-0.4114
13.933333333333334	-0.41169999999999995
13.95	-0.41159999999999997
13.966666666666667	-0.41179999999999994
13.983333333333333	-0.41169999999999995
14.0	-0.41200000000000003
14.016666666666667	-0.4121
14.033333333333333	-0.4121
14.05	-0.41200000000000003
14.066666666666666	-0.41200000000000003
14.083333333333334	-0.4121
14.1	-0.4121
14.116666666666667	-0.4121
14.133333333333333	-0.4123
14.15	-0.4125
14.166666666666666	-0.4124
14.183333333333334	-0.41259999999999997
14.2	-0.4122
14.216666666666667	-0.4125
14.233333333333333	-0.41269999999999996
14.25	-0.41290000000000004
14.266666666666667	-0.41259999999999997
14.283333333333333	-0.41279999999999994
14.3	-0.41269999999999996
14.316666666666666	-0.41290000000000004
14.333333333333334	-0.41269999999999996
14.35	-0.41279999999999994
14.366666666666667	-0.41290000000000004
14.383333333333333	-0.41300000000000003
14.4	-0.41300000000000003
14.416666666666666	-0.41279999999999994
14.433333333333334	-0.41300000000000003
14.45	-0.41300000000000003
14.466666666666667	-0.41300000000000003
14.483333333333333	-0.41300000000000003
14.5	-0.4132
14.516666666666667	-0.4131
14.533333333333333	-0.4135
14.55	-0.4133
14.566666666666666	-0.41359999999999997
14.583333333333334	-0.4135
14.6	-0.4135
14.616666666666667	-0.41369999999999996
14.633333333333333	-0.41379999999999995
14.65	-0.41359999999999997
14.666666666666666	-0.41369999999999996
14.683333333333334	-0.4141
14.7	-0.41390000000000005
14.716666666666667	-0.41359999999999997
14.733333333333333	-0.41379999999999995
14.75	-0.4141
14.766666666666667	-0.41400000000000003
14.783333333333333	-0.41390000000000005
14.8	-0.41390000000000005
14.816666666666666	-0.4144
14.833333333333334	-0.4142
14.85	-0.4141
14.866666666666667	-0.4143
14.883333333333333	-0.4141
14.9	-0.4142
14.916666666666666	-0.4142
14.933333333333334	-0.41459999999999997
14.95	-0.4144
14.966666666666667	-0.41459999999999997
14.983333333333333	-0.41459999999999997
15.0	-0.4145
15.016666666666667	-0.4145
15.033333333333333	-0.4145
15.05	-0.4145
15.066666666666666	-0.41479999999999995
15.083333333333334	-0.41490000000000005
15.1	-0.41500000000000004
15.116666666666667	-0.41490000000000005
15.133333333333333	-0.41479999999999995
15.15	-0.41500000000000004
15.166666666666666	-0.4152
15.183333333333334	-0.4151
15.2	-0.41490000000000005
15.216666666666667	-0.4151
15.233333333333333	-0.41490000000000005
15.25	-0.4152
15.266666666666667	-0.4152
15.283333333333333	-0.4154
15.3	-0.4151
15.316666666666666	-0.4154
15.333333333333334	-0.4152
15.35	-0.4153
15.366666666666667	-0.41569999999999996
15.383333333333333	-0.41579999999999995
15.4	-0.41559999999999997
15.416666666666666	-0.4154
15.433333333333334	-0.41559999999999997
15.45	-0.41559999999999997
15.466666666666667	-0.4155
15.483333333333333	-0.4155
15.5	-0.41569999999999996
15.516666666666667	-0.41590000000000005
15.533333333333333	-0.41579999999999995
15.55	-0.41579999999999995
15.566666666666666	-0.4161
15.583333333333334	-0.41600000000000004
15.6	-0.41600000000000004
15.616666666666667	-0.4161
15.633333333333333	-0.4162
15.65	-0.4161
15.666666666666666	-0.4161
15.683333333333334	-0.4163
15.7	-0.4163
15.716666666666667	-0.4163
15.733333333333333	-0.4162
15.75	-0.4164
15.766666666666667	-0.4165
15.783333333333333	-0.41679999999999995
15.8	-0.4164
15.816666666666666	-0.41659999999999997
15.833333333333334	-0.41679999999999995
15.85	-0.41669999999999996
15.866666666666667	-0.41659999999999997
15.883333333333333	-0.41659999999999997
15.9	-0.41679999999999995
15.916666666666666	-0.41690000000000005
15.933333333333334	-0.41700000000000004
15.95	-0.41679999999999995
15.966666666666667	-0.4171
15.983333333333333	-0.41690000000000005
16.0	-0.4173
16.016666666666666	-0.4171
16.033333333333335	-0.4171
16.05	-0.4172
16.066666666666666	-0.4165
16.083333333333332	-0.4172
16.1	-0.4173
16.116666666666667	-0.4174
16.133333333333333	-0.4175
16.15	-0.4175
16.166666666666668	-0.4174
16.183333333333334	-0.41769999999999996
16.2	-0.4173
16.216666666666665	-0.4172
16.233333333333334	-0.4174
16.25	-0.41790000000000005
16.266666666666666	-0.4174
16.283333333333335	-0.41759999999999997
16.3	-0.4181
16.316666666666666	-0.41790000000000005
16.333333333333332	-0.41790000000000005
16.35	-0.41779999999999995
16.366666666666667	-0.41790000000000005
16.383333333333333	-0.41800000000000004
16.4	-0.41800000000000004
16.416666666666668	-0.41800000000000004
16.433333333333334	-0.4181
16.45	-0.4181
16.466666666666665	-0.4183
16.483333333333334	-0.4182
16.5	-0.4182
16.516666666666666	-0.41800000000000004
16.533333333333335	-0.4182
16.55	-0.4183
16.566666666666666	-0.4183
16.583333333333332	-0.4184
16.6	-0.4184
16.616666666666667	-0.41859999999999997
16.633333333333333	-0.41859999999999997
16.65	-0.41869999999999996
16.666666666666668	-0.4185
16.683333333333334	-0.41879999999999995
16.7	-0.41859999999999997
16.716666666666665	-0.41879999999999995
16.733333333333334	-0.41910000000000003
16.75	-0.41879999999999995
16.766666666666666	-0.41879999999999995
16.783333333333335	-0.41900000000000004
16.8	-0.41889999999999994
16.816666666666666	-0.41889999999999994
16.833333333333332	-0.41910000000000003
16.85	-0.41900000000000004
16.866666666666667	-0.4194
16.883333333333333	-0.4192
16.9	-0.4192
16.916666666666668	-0.4193
16.933333333333334	-0.4193
16.95	-0.4193
16.966666666666665	-0.4194
16.983333333333334	-0.4193
17.0	-0.4193
17.016666666666666	-0.4194
17.033333333333335	-0.4192
17.05	-0.4194
17.066666666666666	-0.41969999999999996
17.083333333333332	-0.41969999999999996
17.1	-0.41969999999999996
17.116666666666667	-0.41979999999999995
17.133333333333333	-0.41969999999999996
17.15	-0.41989999999999994
17.166666666666668	-0.41989999999999994
17.183333333333334	-0.42010000000000003
17.2	-0.41989999999999994
17.216666666666665	-0.41979999999999995
17.233333333333334	-0.42010000000000003
17.25	-0.4196
17.266666666666666	-0.42010000000000003
17.283333333333335	-0.42000000000000004
17.3	-0.4202
17.316666666666666	-0.42000000000000004
17.333333333333332	-0.4203
17.35	-0.4203
17.366666666666667	-0.4203
17.383333333333333	-0.4203
17.4	-0.4205
17.416666666666668	-0.4204
17.433333333333334	-0.4202
17.45	-0.4203
17.466666666666665	-0.4206
17.483333333333334	-0.4206
17.5	-0.4206
17.516666666666666	-0.4206
17.533333333333335	-0.4206
17.55	-0.42069999999999996
17.566666666666666	-0.42079999999999995
17.583333333333332	-0.42079999999999995
17.6	-0.42089999999999994
17.616666666666667	-0.42100000000000004
17.633333333333333	-0.42079999999999995
17.65	-0.42110000000000003
17.666666666666668	-0.4205
17.683333333333334	-0.42110000000000003
17.7	-0.42089999999999994
17.716666666666665	-0.42110000000000003
17.733333333333334	-0.4212
17.75	-0.42110000000000003
17.766666666666666	-0.42110000000000003
17.783333333333335	-0.42110000000000003
17.8	-0.4214
17.816666666666666	-0.4212
17.833333333333332	-0.4215
17.85	-0.4215
17.866666666666667	-0.4214
17.883333333333333	-0.4214
17.9	-0.4216
17.916666666666668	-0.4215
17.933333333333334	-0.4214
17.95	-0.4215
17.966666666666665	-0.4213
17.983333333333334	-0.42179999999999995
18.0	-0.4216
18.016666666666666	-0.42179999999999995
18.033333333333335	-0.42169999999999996
18.05	-0.4216
18.066666666666666	-0.42169999999999996
18.083333333333332	-0.42189999999999994
18.1	-0.42169999999999996
18.116666666666667	-0.42189999999999994
18.133333333333333	-0.42169999999999996
18.15	-0.42200000000000004
18.166666666666668	-0.42200000000000004
18.183333333333334	-0.42210000000000003
18.2	-0.42189999999999994
18.216666666666665	-0.4222
18.233333333333334	-0.4223
18.25	-0.4222
18.266666666666666	-0.4224
18.283333333333335	-0.4223
18.3	-0.4223
18.316666666666666	-0.4223
18.333333333333332	-0.4225
18.35	-0.4224
18.366666666666667	-0.4224
18.383333333333333	-0.4226
18.4	-0.4226
18.416666666666668	-0.4226
18.433333333333334	-0.42279999999999995
18.45	-0.4225
18.466666666666665	-0.4226
18.483333333333334	-0.42279999999999995
18.5	-0.42269999999999996
18.516666666666666	-0.42300000000000004
18.533333333333335	-0.42289999999999994
18.55	-0.42269999999999996
18.566666666666666	-0.42300000000000004
18.583333333333332	-0.42269999999999996
18.6	-0.42310000000000003
18.616666666666667	-0.42279999999999995
18.633333333333333	-0.4233
18.65	-0.4232
18.666666666666668	-0.4233
18.683333333333334	-0.4232
18.7	-0.42310000000000003
18.716666666666665	-0.4233
18.733333333333334	-0.4235
18.75	-0.42310000000000003
18.766666666666666	-0.4235
18.783333333333335	-0.4235
18.8	-0.4236
18.816666666666666	-0.4234
18.833333333333332	-0.4234
18.85	-0.4236
18.866666666666667	-0.42369999999999997
18.883333333333333	-0.4234
18.9	-0.42369999999999997
18.916666666666668	-0.42369999999999997
18.933333333333334	-0.42369999999999997
18.95	-0.42379999999999995
18.966666666666665	-0.42379999999999995
18.983333333333334	-0.42379999999999995
19.0	-0.42369999999999997
19.016666666666666	-0.42389999999999994
19.033333333333335	-0.42400000000000004
19.05	-0.42389999999999994
19.066666666666666	-0.42389999999999994
19.083333333333332	-0.4243
19.1	-0.4243
19.116666666666667	-0.4242
19.133333333333333	-0.4243
19.15	-0.42410000000000003
19.166666666666668	-0.4243
19.183333333333334	-0.4242
19.2	-0.4242
19.216666666666665	-0.4243
19.233333333333334	-0.4244
19.25	-0.4243
19.266666666666666	-0.4245
19.283333333333335	-0.4245
19.3	-0.42469999999999997
19.316666666666666	-0.42469999999999997
19.333333333333332	-0.4246
19.35	-0.4246
19.366666666666667	-0.42479999999999996
19.383333333333333	-0.42469999999999997
19.4	-0.42469999999999997
19.416666666666668	-0.42479999999999996
19.433333333333334	-0.42469999999999997
19.45	-0.42500000000000004
19.466666666666665	-0.42479999999999996
19.483333333333334	-0.42510000000000003
19.5	-0.42489999999999994
19.516666666666666	-0.4252
19.533333333333335	-0.42489999999999994
19.55	-0.42500000000000004
19.566666666666666	-0.4252
19.583333333333332	-0.42510000000000003
19.6	-0.42510000000000003
19.616666666666667	-0.42510000000000003
19.633333333333333	-0.42510000000000003
19.65	-0.42510000000000003
19.666666666666668	-0.4254
19.683333333333334	-0.4252
19.7	-0.4254
19.716666666666665	-0.4255
19.733333333333334	-0.4256
19.75	-0.4256
19.766666666666666	-0.4256
19.783333333333335	-0.4254
19.8	-0.4256
19.816666666666666	-0.42579999999999996
19.833333333333332	-0.42579999999999996
19.85	-0.42569999999999997
19.866666666666667	-0.4254
19.883333333333333	-0.42579999999999996
19.9	-0.42569999999999997
19.916666666666668	-0.42579999999999996
19.933333333333334	-0.42589999999999995
19.95	-0.42610000000000003
19.966666666666665	-0.42600000000000005
19.983333333333334	-0.42610000000000003
20.0	-0.42610000000000003
20.016666666666666	-0.42600000000000005
20.033333333333335	-0.4262
20.05	-0.42610000000000003
20.066666666666666	-0.42600000000000005
20.083333333333332	-0.42610000000000003
20.1	-0.42610000000000003
20.116666666666667	-0.4262
20.133333333333333	-0.4265
20.15	-0.42610000000000003
20.166666666666668	-0.4266
20.183333333333334	-0.4265
20.2	-0.4264
20.216666666666665	-0.4265
20.233333333333334	-0.42669999999999997
20.25	-0.42669999999999997
20.266666666666666	-0.42669999999999997
20.283333333333335	-0.4264
20.3	-0.4265
20.316666666666666	-0.4264
20.333333333333332	-0.42679999999999996
20.35	-0.42689999999999995
20.366666666666667	-0.42669999999999997
20.383333333333333	-0.42710000000000004
20.4	-0.42669999999999997
20.416666666666668	-0.42689999999999995
20.433333333333334	-0.42700000000000005
20.45	-0.42700000000000005
20.466666666666665	-0.42710000000000004
20.483333333333334	-0.42700000000000005
20.5	-0.42689999999999995
20.516666666666666	-0.4272
20.533333333333335	-0.4272
20.55	-0.4274
20.566666666666666	-0.4275
20.583333333333332	-0.4275
20.6	-0.4275
20.616666666666667	-0.4272
20.633333333333333	-0.4274
20.65	-0.4275
20.666666666666668	-0.4275
20.683333333333334	-0.4275
20.7	-0.4275
20.716666666666665	-0.4276
20.733333333333334	-0.4276
20.75	-0.42779999999999996
20.766666666666666	-0.4276
20.783333333333335	-0.42769999999999997
20.8	-0.4276
20.816666666666666	-0.42800000000000005
20.833333333333332	-0.42779999999999996
20.85	-0.42800000000000005
20.866666666666667	-0.42800000000000005
20.883333333333333	-0.42810000000000004
20.9	-0.42789999999999995
20.916666666666668	-0.42800000000000005
20.933333333333334	-0.42789999999999995
20.95	-0.42800000000000005
20.966666666666665	-0.42810000000000004
20.983333333333334	-0.4282
21.0	-0.4284
21.016666666666666	-0.4283
21.033333333333335	-0.4282
21.05	-0.4284
21.066666666666666	-0.4282
21.083333333333332	-0.4285
21.1	-0.4285
21.116666666666667	-0.4286
21.133333333333333	-0.4284
21.15	-0.4283
21.166666666666668	-0.4286
21.183333333333334	-0.42879999999999996
21.2	-0.42879999999999996
21.216666666666665	-0.42869999999999997
21.233333333333334	-0.42879999999999996
21.25	-0.42879999999999996
21.266666666666666	-0.42869999999999997
21.283333333333335	-0.42869999999999997
21.3	-0.42889999999999995
21.316666666666666	-0.42900000000000005
21.333333333333332	-0.42889999999999995
21.35	-0.42889999999999995
21.366666666666667	-0.42879999999999996
21.383333333333333	-0.42910000000000004
21.4	-0.42910000000000004
21.416666666666668	-0.42900000000000005
21.433333333333334	-0.4292
21.45	-0.4293
21.466666666666665	-0.42900000000000005
21.483333333333334	-0.4292
21.5	-0.4294
21.516666666666666	-0.42910000000000004
21.533333333333335	-0.4295
21.55	-0.4294
21.566666666666666	-0.4296
21.583333333333332	-0.4296
21.6	-0.42979999999999996
21.616666666666667	-0.4294
21.633333333333333	-0.4296
21.65	-0.42969999999999997
21.666666666666668	-0.4295
21.683333333333334	-0.42969999999999997
21.7	-0.4294
21.716666666666665	-0.42969999999999997
21.733333333333334	-0.42969999999999997
21.75	-0.43010000000000004
21.766666666666666	-0.42989999999999995
21.783333333333335	-0.43000000000000005
21.8	-0.43000000000000005
21.816666666666666	-0.43010000000000004
21.833333333333332	-0.43000000000000005
21.85	-0.4303
21.866666666666667	-0.43010000000000004
21.883333333333333	-0.43000000000000005
21.9	-0.43000000000000005
21.916666666666668	-0.4302
21.933333333333334	-0.4302
21.95	-0.4304
21.966666666666665	-0.4303
21.983333333333334	-0.4304
22.0	-0.4303
22.016666666666666	-0.4304
22.033333333333335	-0.4302
22.05	-0.4306
22.066666666666666	-0.4306
22.083333333333332	-0.4305
22.1	-0.43079999999999996
22.116666666666667	-0.4305
22.133333333333333	-0.43079999999999996
22.15	-0.43079999999999996
22.166666666666668	-0.43099999999999994
22.183333333333334	-0.43079999999999996
22.2	-0.43089999999999995
22.216666666666665	-0.43099999999999994
22.233333333333334	-0.43099999999999994
22.25	-0.43110000000000004
22.266666666666666	-0.43110000000000004
22.283333333333335	-0.43110000000000004
22.3	-0.43110000000000004
22.316666666666666	-0.4312
22.333333333333332	-0.43110000000000004
22.35	-0.4313
22.366666666666667	-0.4312
22.383333333333333	-0.4314
22.4	-0.4312
22.416666666666668	-0.4313
22.433333333333334	-0.4314
22.45	-0.4314
22.466666666666665	-0.4316
22.483333333333334	-0.4315
22.5	-0.4316
22.516666666666666	-0.4315
22.533333333333335	-0.43179999999999996
22.55	-0.4317
22.566666666666666	-0.4317
22.583333333333332	-0.43189999999999995
22.6	-0.43189999999999995
22.616666666666667	-0.4317
22.633333333333333	-0.4317
22.65	-0.43179999999999996
22.666666666666668	-0.43189999999999995
22.683333333333334	-0.43220000000000003
22.7	-0.43199999999999994
22.716666666666665	-0.43210000000000004
22.733333333333334	-0.43189999999999995
22.75	-0.43210000000000004
22.766666666666666	-0.43199999999999994
22.783333333333335	-0.4323
22.8	-0.4324
22.816666666666666	-0.43220000000000003
22.833333333333332	-0.4325
22.85	-0.4324
22.866666666666667	-0.4324
22.883333333333333	-0.4325
22.9	-0.4324
22.916666666666668	-0.4323
22.933333333333334	-0.4327
22.95	-0.4324
22.966666666666665	-0.4326
22.983333333333334	-0.4326
23.0	-0.43299999999999994
23.016666666666666	-0.4326
23.033333333333335	-0.43279999999999996
23.05	-0.43289999999999995
23.066666666666666	-0.43299999999999994
23.083333333333332	-0.43289999999999995
23.1	-0.43299999999999994
23.116666666666667	-0.43289999999999995
23.133333333333333	-0.43320000000000003
23.15	-0.43320000000000003
23.166666666666668	-0.43289999999999995
23.183333333333334	-0.4333
23.2	-0.4334
23.216666666666665	-0.4335
23.233333333333334	-0.43299999999999994
23.25	-0.4333
23.266666666666666	-0.4335
23.283333333333335	-0.4336
23.3	-0.4334
23.316666666666666	-0.4335
23.333333333333332	-0.4334
23.35	-0.4337
23.366666666666667	-0.4335
23.383333333333333	-0.4336
23.4	-0.4337
23.416666666666668	-0.43389999999999995
23.433333333333334	-0.43389999999999995
23.45	-0.43399999999999994
23.466666666666665	-0.43399999999999994
23.483333333333334	-0.43389999999999995
23.5	-0.43379999999999996
23.516666666666666	-0.43389999999999995
23.533333333333335	-0.43410000000000004
23.55	-0.43389999999999995
23.566666666666666	-0.43399999999999994
23.583333333333332	-0.43410000000000004
23.6	-0.43420000000000003
23.616666666666667	-0.43420000000000003
23.633333333333333	-0.43399999999999994
23.65	-0.4343
23.666666666666668	-0.4343
23.683333333333334	-0.43420000000000003
23.7	-0.4343
23.716666666666665	-0.4347
23.733333333333334	-0.4345
23.75	-0.4345
23.766666666666666	-0.4344
23.783333333333335	-0.4346
23.8	-0.4346
23.816666666666666	-0.4343
23.833333333333332	-0.43479999999999996
23.85	-0.43479999999999996
23.866666666666667	-0.43499999999999994
23.883333333333333	-0.43510000000000004
23.9	-0.43489999999999995
23.916666666666668	-0.43489999999999995
23.933333333333334	-0.43499999999999994
23.95	-0.43499999999999994
23.966666666666665	-0.43489999999999995
23.983333333333334	-0.43520000000000003
24.0	-0.4355
24.016666666666666	-0.43520000000000003
24.033333333333335	-0.43520000000000003
24.05	-0.43520000000000003
24.066666666666666	-0.4354
24.083333333333332	-0.4355
24.1	-0.43520000000000003
24.116666666666667	-0.4354
24.133333333333333	-0.4356
24.15	-0.4355
24.166666666666668	-0.4355
24.183333333333334	-0.43579999999999997
24.2	-0.43579999999999997
24.216666666666665	-0.4357
24.233333333333334	-0.43579999999999997
24.25	-0.43599999999999994
24.266666666666666	-0.43579999999999997
24.283333333333335	-0.43599999999999994
24.3	-0.4357
24.316666666666666	-0.4356
24.333333333333332	-0.43599999999999994
24.35	-0.43589999999999995
24.366666666666667	-0.43599999999999994
24.383333333333333	-0.43610000000000004
24.4	-0.43620000000000003
24.416666666666668	-0.43620000000000003
24.433333333333334	-0.43620000000000003
24.45	-0.4364
24.466666666666665	-0.43620000000000003
24.483333333333334	-0.4364
24.5	-0.4364
24.516666666666666	-0.4366
24.533333333333335	-0.4366
24.55	-0.4364
24.566666666666666	-0.43679999999999997
24.583333333333332	-0.43689999999999996
24.6	-0.4367
24.616666666666667	-0.4367
24.633333333333333	-0.4367
24.65	-0.43679999999999997
24.666666666666668	-0.43689999999999996
24.683333333333334	-0.43699999999999994
24.7	-0.43689999999999996
24.716666666666665	-0.43699999999999994
24.733333333333334	-0.43710000000000004
24.75	-0.4373
24.766666666666666	-0.43720000000000003
24.783333333333335	-0.43689999999999996
24.8	-0.4373
24.816666666666666	-0.4374
24.833333333333332	-0.43699999999999994
24.85	-0.4373
24.866666666666667	-0.4374
24.883333333333333	-0.4373
24.9	-0.4376
24.916666666666668	-0.4377
24.933333333333334	-0.43779999999999997
24.95	-0.43779999999999997
24.966666666666665	-0.4376
24.983333333333334	-0.43779999999999997
25.0	-0.43789999999999996
25.016666666666666	-0.43789999999999996
25.033333333333335	-0.4377
25.05	-0.43779999999999997
25.066666666666666	-0.43789999999999996
25.083333333333332	-0.43789999999999996
25.1	-0.43820000000000003
25.116666666666667	-0.43799999999999994
25.133333333333333	-0.43799999999999994
25.15	-0.43820000000000003
25.166666666666668	-0.4384
25.183333333333334	-0.4383
25.2	-0.4383
25.216666666666665	-0.4384
25.233333333333334	-0.4387
25.25	-0.4386
25.266666666666666	-0.4386
25.283333333333335	-0.4387
25.3	-0.4386
25.316666666666666	-0.4386
25.333333333333332	-0.43889999999999996
25.35	-0.43889999999999996
25.366666666666667	-0.43889999999999996
25.383333333333333	-0.43889999999999996
25.4	-0.43889999999999996
25.416666666666668	-0.43899999999999995
25.433333333333334	-0.43910000000000005
25.45	-0.4393
25.466666666666665	-0.43899999999999995
25.483333333333334	-0.4393
25.5	-0.43920000000000003
25.516666666666666	-0.4393
25.533333333333335	-0.4394
25.55	-0.4395
25.566666666666666	-0.4395
25.583333333333332	-0.4396
25.6	-0.4395
25.616666666666667	-0.4394
25.633333333333333	-0.4397
25.65	-0.4396
25.666666666666668	-0.43989999999999996
25.683333333333334	-0.43999999999999995
25.7	-0.43989999999999996
25.716666666666665	-0.4396
25.733333333333334	-0.44020000000000004
25.75	-0.43979999999999997
25.766666666666666	-0.44020000000000004
25.783333333333335	-0.43999999999999995
25.8	-0.4404
25.816666666666666	-0.44010000000000005
25.833333333333332	-0.43999999999999995
25.85	-0.44020000000000004
25.866666666666667	-0.44020000000000004
25.883333333333333	-0.4405
25.9	-0.4403
25.916666666666668	-0.4406
25.933333333333334	-0.4404
25.95	-0.44079999999999997
25.966666666666665	-0.4406
25.983333333333334	-0.4407
26.0	-0.44079999999999997
26.016666666666666	-0.4407
26.033333333333335	-0.44099999999999995
26.05	-0.44089999999999996
26.066666666666666	-0.4407
26.083333333333332	-0.44099999999999995
26.1	-0.44110000000000005
26.116666666666667	-0.44099999999999995
26.133333333333333	-0.4413
26.15	-0.44110000000000005
26.166666666666668	-0.44120000000000004
26.183333333333334	-0.4413
26.2	-0.4414
26.216666666666665	-0.4413
26.233333333333334	-0.4414
26.25	-0.4413
26.266666666666666	-0.4415
26.283333333333335	-0.4417
26.3	-0.4416
26.316666666666666	-0.4417
26.333333333333332	-0.44179999999999997
26.35	-0.44210000000000005
26.366666666666667	-0.44199999999999995
26.383333333333333	-0.44220000000000004
26.4	-0.44189999999999996
26.416666666666668	-0.44220000000000004
26.433333333333334	-0.44199999999999995
26.45	-0.4423
26.466666666666665	-0.4423
26.483333333333334	-0.4426
26.5	-0.4424
26.516666666666666	-0.4424
26.533333333333335	-0.44220000000000004
26.55	-0.4427
26.566666666666666	-0.4426
26.583333333333332	-0.4427
26.6	-0.4427
26.616666666666667	-0.44279999999999997
26.633333333333333	-0.4427
26.65	-0.4426
26.666666666666668	-0.44309999999999994
26.683333333333334	-0.44299999999999995
26.7	-0.44320000000000004
26.716666666666665	-0.44289999999999996
26.733333333333334	-0.44320000000000004
26.75	-0.44309999999999994
26.766666666666666	-0.44320000000000004
26.783333333333335	-0.4433
26.8	-0.4433
26.816666666666666	-0.4435
26.833333333333332	-0.4434
26.85	-0.4436
26.866666666666667	-0.4436
26.883333333333333	-0.4437
26.9	-0.44399999999999995
26.916666666666668	-0.44399999999999995
26.933333333333334	-0.4436
26.95	-0.44389999999999996
26.966666666666665	-0.44409999999999994
26.983333333333334	-0.44420000000000004
27.0	-0.44389999999999996
27.016666666666666	-0.44430000000000003
27.033333333333335	-0.4444
27.05	-0.4445
27.066666666666666	-0.4445
27.083333333333332	-0.4444
27.1	-0.4446
27.116666666666667	-0.4445
27.133333333333333	-0.4445
27.15	-0.4447
27.166666666666668	-0.4447
27.183333333333334	-0.44489999999999996
27.2	-0.44489999999999996
27.216666666666665	-0.44489999999999996
27.233333333333334	-0.44489999999999996
27.25	-0.44509999999999994
27.266666666666666	-0.44509999999999994
27.283333333333335	-0.44530000000000003
27.3	-0.4456
27.316666666666666	-0.4455
27.333333333333332	-0.4454
27.35	-0.4456
27.366666666666667	-0.4456
27.383333333333333	-0.4457
27.4	-0.4457
27.416666666666668	-0.4457
27.433333333333334	-0.4456
27.45	-0.44599999999999995
27.466666666666665	-0.44609999999999994
27.483333333333334	-0.44599999999999995
27.5	-0.44620000000000004
27.516666666666666	-0.44630000000000003
27.533333333333335	-0.44620000000000004
27.55	-0.4465
27.566666666666666	-0.4465
27.583333333333332	-0.4466
27.6	-0.4467
27.616666666666667	-0.44609999999999994
27.633333333333333	-0.4467
27.65	-0.4467
27.666666666666668	-0.4468
27.683333333333334	-0.4467
27.7	-0.44709999999999994
27.716666666666665	-0.44709999999999994
27.733333333333334	-0.44730000000000003
27.75	-0.44730000000000003
27.766666666666666	-0.4476
27.783333333333335	-0.44730000000000003
27.8	-0.4474
27.816666666666666	-0.4475
27.833333333333332	-0.4475
27.85	-0.4476
27.866666666666667	-0.4476
27.883333333333333	-0.4478
27.9	-0.44789999999999996
27.916666666666668	-0.44799999999999995
27.933333333333334	-0.44799999999999995
27.95	-0.44799999999999995
27.966666666666665	-0.44820000000000004
27.983333333333334	-0.4484
28.0	-0.44830000000000003
28.016666666666666	-0.4484
28.033333333333335	-0.4485
28.05	-0.4485
28.066666666666666	-0.4487
28.083333333333332	-0.4485
28.1	-0.44920000000000004
28.116666666666667	-0.44889999999999997
28.133333333333333	-0.44899999999999995
28.15	-0.44909999999999994
28.166666666666668	-0.44920000000000004
28.183333333333334	-0.44930000000000003
28.2	-0.44909999999999994
28.216666666666665	-0.44930000000000003
28.233333333333334	-0.4494
28.25	-0.4498
28.266666666666666	-0.4498
28.283333333333335	-0.44989999999999997
28.3	-0.4497
28.316666666666666	-0.45009999999999994
28.333333333333332	-0.4498
28.35	-0.45009999999999994
28.366666666666667	-0.45030000000000003
28.383333333333333	-0.4504
28.4	-0.4504
28.416666666666668	-0.45020000000000004
28.433333333333334	-0.4505
28.45	-0.4505
28.466666666666665	-0.45089999999999997
28.483333333333334	-0.45089999999999997
28.5	-0.45089999999999997
28.516666666666666	-0.4506
28.533333333333335	-0.45109999999999995
28.55	-0.45130000000000003
28.566666666666666	-0.45120000000000005
28.583333333333332	-0.45130000000000003
28.6	-0.4514
28.616666666666667	-0.4514
28.633333333333333	-0.4516
28.65	-0.4516
28.666666666666668	-0.45189999999999997
28.683333333333334	-0.45189999999999997
28.7	-0.45199999999999996
28.716666666666665	-0.45209999999999995
28.733333333333334	-0.45199999999999996
28.75	-0.45230000000000004
28.766666666666666	-0.45220000000000005
28.783333333333335	-0.4525
28.8	-0.4526
28.816666666666666	-0.4528
28.833333333333332	-0.4528
28.85	-0.4528
28.866666666666667	-0.45309999999999995
28.883333333333333	-0.45320000000000005
28.9	-0.4534
28.916666666666668	-0.4534
28.933333333333334	-0.4536
28.95	-0.4534
28.966666666666665	-0.4537
28.983333333333334	-0.4538
29.0	-0.45389999999999997
29.016666666666666	-0.45399999999999996
29.033333333333335	-0.45420000000000005
29.05	-0.45409999999999995
29.066666666666666	-0.45420000000000005
29.083333333333332	-0.4544
29.1	-0.4545
29.116666666666667	-0.4548
29.133333333333333	-0.4547
29.15	-0.45489999999999997
29.166666666666668	-0.45499999999999996
29.183333333333334	-0.45509999999999995
29.2	-0.4554
29.216666666666665	-0.4555
29.233333333333334	-0.4556
29.25	-0.4557
29.266666666666666	-0.4558
29.283333333333335	-0.4557
29.3	-0.45599999999999996
29.316666666666666	-0.45609999999999995
29.333333333333332	-0.45630000000000004
29.35	-0.45609999999999995
29.366666666666667	-0.45640000000000003
29.383333333333333	-0.4566
29.4	-0.4569
29.416666666666668	-0.4568
29.433333333333334	-0.45699999999999996
29.45	-0.45740000000000003
29.466666666666665	-0.45740000000000003
29.483333333333334	-0.45730000000000004
29.5	-0.4576
29.516666666666666	-0.4577
29.533333333333335	-0.4579
29.55	-0.45809999999999995
29.566666666666666	-0.45819999999999994
29.583333333333332	-0.45840000000000003
29.6	-0.45830000000000004
29.616666666666667	-0.4586
29.633333333333333	-0.4586
29.65	-0.45909999999999995
29.666666666666668	-0.45919999999999994
29.683333333333334	-0.45930000000000004
29.7	-0.45919999999999994
29.716666666666665	-0.4595
29.733333333333334	-0.4595
29.75	-0.4597
29.766666666666666	-0.45999999999999996
29.783333333333335	-0.46019999999999994
29.8	-0.46019999999999994
29.816666666666666	-0.4605
29.833333333333332	-0.4608
29.85	-0.4607
29.866666666666667	-0.46119999999999994
29.883333333333333	-0.46119999999999994
29.9	-0.46119999999999994
29.916666666666668	-0.46130000000000004
29.933333333333334	-0.4618
29.95	-0.4619
29.966666666666665	-0.46219999999999994
29.983333333333334	-0.46219999999999994
30.0	-0.46219999999999994
30.016666666666666	-0.4626
30.033333333333335	-0.4628
30.05	-0.46309999999999996
30.066666666666666	-0.46330000000000005
30.083333333333332	-0.4636
30.1	-0.4637
30.116666666666667	-0.4639
30.133333333333333	-0.4639
30.15	-0.4645
30.166666666666668	-0.4645
30.183333333333334	-0.4648
30.2	-0.46519999999999995
30.216666666666665	-0.46530000000000005
30.233333333333334	-0.4656
30.25	-0.4657
30.266666666666666	-0.4658
30.283333333333335	-0.46619999999999995
30.3	-0.4668
30.316666666666666	-0.4669
30.333333333333332	-0.46730000000000005
30.35	-0.46740000000000004
30.366666666666667	-0.4676
30.383333333333333	-0.4676
30.4	-0.46799999999999997
30.416666666666668	-0.46809999999999996
30.433333333333334	-0.4686
30.45	-0.469
30.466666666666665	-0.46929999999999994
30.483333333333334	-0.4697
30.5	-0.47
30.516666666666666	-0.47019999999999995
30.533333333333335	-0.4709
30.55	-0.4708
30.566666666666666	-0.47119999999999995
30.583333333333332	-0.4716
30.6	-0.47209999999999996
30.616666666666667	-0.47250000000000003
30.633333333333333	-0.4727
30.65	-0.47329999999999994
30.666666666666668	-0.4738
30.683333333333334	-0.47429999999999994
30.7	-0.47440000000000004
30.716666666666665	-0.47540000000000004
30.733333333333334	-0.4757
30.75	-0.47640000000000005
30.766666666666666	-0.47709999999999997
30.783333333333335	-0.4777
30.8	-0.47850000000000004
30.816666666666666	-0.47929999999999995
30.816666666666666	-0.48009999999999997
30.833333333333332	-0.4806
30.85	-0.48150000000000004
30.866666666666667	-0.48319999999999996
30.883333333333333	-0.48439999999999994
30.9	-0.48560000000000003
30.916666666666668	-0.4871
30.933333333333334	-0.48850000000000005
30.95	-0.49
30.966666666666665	-0.49139999999999995
30.983333333333334	-0.4931
31.0	-0.4949
31.016666666666666	-0.4969
31.033333333333335	-0.4988
31.05	-0.5008
31.066666666666666	-0.5029
31.083333333333332	-0.5051
31.1	-0.5074
31.116666666666667	-0.5097
31.133333333333333	-0.5126
31.15	-0.5151
31.166666666666668	-0.5181
31.183333333333334	-0.5212
31.2	-0.5238
31.216666666666665	-0.527
31.233333333333334	-0.53
31.25	-0.5335
31.266666666666666	-0.5373
31.283333333333335	-0.541
31.3	-0.5447
31.316666666666666	-0.5477
31.333333333333332	-0.5505
31.35	-0.5538
31.366666666666667	-0.5571
31.383333333333333	-0.5593
31.4	-0.5626
31.416666666666668	-0.5649
31.433333333333334	-0.5682
31.45	-0.5712
31.466666666666665	-0.5738
31.483333333333334	-0.5762
31.5	-0.5787
31.516666666666666	-0.5811999999999999
31.533333333333335	-0.5837
31.55	-0.5858
31.566666666666666	-0.5876
31.583333333333332	-0.5894
31.6	-0.5911
31.616666666666667	-0.5928
31.633333333333333	-0.595
31.65	-0.5966
31.666666666666668	-0.5985
31.683333333333334	-0.6
31.7	-0.6013
31.716666666666665	-0.6024
31.733333333333334	-0.6041
31.75	-0.6052
31.766666666666666	-0.6067
31.783333333333335	-0.6077
31.8	-0.609
31.816666666666666	-0.6098
31.833333333333332	-0.6107
31.85	-0.6116
31.866666666666667	-0.6125
31.883333333333333	-0.6137
31.9	-0.6145
31.916666666666668	-0.6152
31.933333333333334	-0.6161
31.95	-0.6172
31.966666666666665	-0.6179
31.983333333333334	-0.6188
32.0	-0.6194999999999999
32.016666666666666	-0.62
32.03333333333333	-0.6204999999999999
32.05	-0.6214
32.06666666666667	-0.6221
32.083333333333336	-0.6226
32.1	-0.6234
32.11666666666667	-0.6239
