0.05	-0.354
0.06666666666666667	-0.354
0.08333333333333333	-0.354
0.1	-0.354
0.11666666666666667	-0.354
0.13333333333333333	-0.354
0.15	-0.353
0.16666666666666666	-0.353
0.18333333333333332	-0.352
0.2	-0.352
0.21666666666666667	-0.352
0.23333333333333334	-0.351
0.25	-0.351
0.26666666666666666	-0.35
0.2833333333333333	-0.35
0.3	-0.35
0.31666666666666665	-0.35
0.3333333333333333	-0.349
0.35	-0.349
0.36666666666666664	-0.348
0.38333333333333336	-0.348
0.4	-0.348
0.4166666666666667	-0.347
0.43333333333333335	-0.347
0.45	-0.347
0.4666666666666667	-0.346
0.48333333333333334	-0.346
0.5	-0.346
0.5166666666666667	-0.345
0.5333333333333333	-0.345
0.55	-0.345
0.5666666666666667	-0.344
0.5833333333333334	-0.344
0.6	-0.34299999999999997
0.6166666666666667	-0.34299999999999997
0.6333333333333333	-0.34299999999999997
0.65	-0.34299999999999997
0.6666666666666666	-0.34199999999999997
0.6833333333333333	-0.34199999999999997
0.7	-0.34199999999999997
0.7166666666666667	-0.34099999999999997
0.7333333333333333	-0.34099999999999997
0.75	-0.34099999999999997
0.7666666666666667	-0.33999999999999997
0.7833333333333333	-0.33999999999999997
0.8	-0.33999999999999997
0.8166666666666667	-0.33899999999999997
0.8333333333333334	-0.33899999999999997
0.85	-0.33899999999999997
0.8666666666666667	-0.33899999999999997
0.8833333333333333	-0.33799999999999997
0.9	-0.33799999999999997
0.9166666666666666	-0.33799999999999997
0.9333333333333333	-0.33699999999999997
0.95	-0.33699999999999997
0.9666666666666667	-0.33699999999999997
0.9833333333333333	-0.33699999999999997
1.0	-0.33599999999999997
1.0166666666666666	-0.33599999999999997
1.0333333333333334	-0.33599999999999997
1.05	-0.33499999999999996
1.0666666666666667	-0.33499999999999996
1.0833333333333333	-0.33499999999999996
1.1	-0.33399999999999996
1.1166666666666667	-0.33399999999999996
1.1333333333333333	-0.33399999999999996
1.15	-0.33399999999999996
1.1666666666666667	-0.33399999999999996
1.1833333333333333	-0.33299999999999996
1.2	-0.33299999999999996
1.2166666666666666	-0.33299999999999996
1.2333333333333334	-0.33199999999999996
1.25	-0.33199999999999996
1.2666666666666666	-0.33199999999999996
1.2833333333333334	-0.33199999999999996
1.3	-0.33099999999999996
1.3166666666666667	-0.33099999999999996
1.3333333333333333	-0.33099999999999996
1.35	-0.33099999999999996
1.3666666666666667	-0.32999999999999996
1.3833333333333333	-0.32999999999999996
1.4	-0.32999999999999996
1.4166666666666667	-0.32999999999999996
1.4333333333333333	-0.32899999999999996
1.45	-0.32899999999999996
1.4666666666666666	-0.32899999999999996
1.4833333333333334	-0.32799999999999996
1.5	-0.32799999999999996
1.5166666666666666	-0.32799999999999996
1.5333333333333334	-0.32799999999999996
1.55	-0.32799999999999996
1.5666666666666667	-0.32699999999999996
1.5833333333333333	-0.32699999999999996
1.6	-0.32699999999999996
1.6166666666666667	-0.32699999999999996
1.6333333333333333	-0.32599999999999996
1.65	-0.32599999999999996
1.6666666666666667	-0.32599999999999996
1.6833333333333333	-0.32499999999999996
1.7	-0.32499999999999996
1.7166666666666666	-0.32499999999999996
1.7333333333333334	-0.32499999999999996
1.75	-0.32499999999999996
1.7666666666666666	-0.32399999999999995
1.7833333333333334	-0.32399999999999995
1.8	-0.32399999999999995
1.8166666666666667	-0.32399999999999995
1.8333333333333333	-0.32399999999999995
1.85	-0.32299999999999995
1.8666666666666667	-0.32299999999999995
1.8833333333333333	-0.32299999999999995
1.9	-0.32299999999999995
1.9166666666666667	-0.32199999999999995
1.9333333333333333	-0.32199999999999995
1.95	-0.32199999999999995
1.9666666666666666	-0.32199999999999995
1.9833333333333334	-0.32099999999999995
2.0	-0.32099999999999995
2.0166666666666666	-0.32099999999999995
2.033333333333333	-0.32099999999999995
2.05	-0.31999999999999995
2.066666666666667	-0.31999999999999995
2.0833333333333335	-0.31999999999999995
2.1	-0.31999999999999995
2.1166666666666667	-0.31999999999999995
2.1333333333333333	-0.31999999999999995
2.15	-0.31899999999999995
2.1666666666666665	-0.31899999999999995
2.183333333333333	-0.31899999999999995
2.2	-0.31899999999999995
2.216666666666667	-0.31899999999999995
2.2333333333333334	-0.31799999999999995
2.25	-0.31799999999999995
2.2666666666666666	-0.31799999999999995
2.283333333333333	-0.31699999999999995
2.3	-0.31699999999999995
2.316666666666667	-0.31699999999999995
2.3333333333333335	-0.31699999999999995
2.35	-0.31699999999999995
2.3666666666666667	-0.31599999999999995
2.3833333333333333	-0.31599999999999995
2.4	-0.31599999999999995
2.4166666666666665	-0.31599999999999995
2.433333333333333	-0.31599999999999995
2.45	-0.31599999999999995
2.466666666666667	-0.31599999999999995
2.4833333333333334	-0.31499999999999995
2.5	-0.31499999999999995
2.5166666666666666	-0.31499999999999995
2.533333333333333	-0.31499999999999995
2.55	-0.31399999999999995
2.566666666666667	-0.31399999999999995
2.5833333333333335	-0.31399999999999995
2.6	-0.31399999999999995
2.6166666666666667	-0.31299999999999994
2.6333333333333333	-0.31299999999999994
2.65	-0.31299999999999994
2.6666666666666665	-0.31299999999999994
2.683333333333333	-0.31199999999999994
2.7	-0.31299999999999994
2.716666666666667	-0.31199999999999994
2.7333333333333334	-0.31199999999999994
2.75	-0.31199999999999994
2.7666666666666666	-0.31199999999999994
2.783333333333333	-0.31199999999999994
2.8	-0.31099999999999994
2.816666666666667	-0.31099999999999994
2.8333333333333335	-0.31099999999999994
2.85	-0.31099999999999994
2.8666666666666667	-0.30999999999999994
2.8833333333333333	-0.30999999999999994
2.9	-0.30999999999999994
2.9166666666666665	-0.30999999999999994
2.933333333333333	-0.30999999999999994
2.95	-0.30899999999999994
2.966666666666667	-0.30899999999999994
2.9833333333333334	-0.30899999999999994
3.0	-0.30899999999999994
3.0166666666666666	-0.30899999999999994
3.033333333333333	-0.30799999999999994
3.05	-0.30799999999999994
3.066666666666667	-0.30799999999999994
3.0833333333333335	-0.30799999999999994
3.1	-0.30799999999999994
3.1166666666666667	-0.30699999999999994
3.1333333333333333	-0.30799999999999994
3.15	-0.30699999999999994
3.1666666666666665	-0.30699999999999994
3.183333333333333	-0.30699999999999994
3.2	-0.30699999999999994
3.216666666666667	-0.30599999999999994
3.2333333333333334	-0.30599999999999994
3.25	-0.30599999999999994
3.2666666666666666	-0.30599999999999994
3.283333333333333	-0.30599999999999994
3.3	-0.30500000000000005
3.316666666666667	-0.30599999999999994
3.3333333333333335	-0.30500000000000005
3.35	-0.30500000000000005
3.3666666666666667	-0.30500000000000005
3.3833333333333333	-0.30500000000000005
3.4	-0.30400000000000005
3.4166666666666665	-0.30400000000000005
3.433333333333333	-0.30400000000000005
3.45	-0.30400000000000005
3.466666666666667	-0.30400000000000005
3.4833333333333334	-0.30300000000000005
3.5	-0.30300000000000005
3.5166666666666666	-0.30300000000000005
3.533333333333333	-0.30300000000000005
3.55	-0.30300000000000005
3.566666666666667	-0.30300000000000005
3.5833333333333335	-0.30300000000000005
3.6	-0.30300000000000005
3.6166666666666667	-0.30200000000000005
3.6333333333333333	-0.30200000000000005
3.65	-0.30200000000000005
3.6666666666666665	-0.30200000000000005
3.683333333333333	-0.30100000000000005
3.7	-0.30100000000000005
3.716666666666667	-0.30100000000000005
3.7333333333333334	-0.30100000000000005
3.75	-0.30100000000000005
3.7666666666666666	-0.30000000000000004
3.783333333333333	-0.30000000000000004
3.8	-0.30000000000000004
3.816666666666667	-0.30000000000000004
3.8333333333333335	-0.30000000000000004
3.85	-0.30000000000000004
3.8666666666666667	-0.29900000000000004
3.8833333333333333	-0.29900000000000004
3.9	-0.29900000000000004
3.9166666666666665	-0.29900000000000004
3.933333333333333	-0.29900000000000004
3.95	-0.29900000000000004
3.966666666666667	-0.29900000000000004
3.9833333333333334	-0.29800000000000004
4.0	-0.29800000000000004
4.016666666666667	-0.29800000000000004
4.033333333333333	-0.29800000000000004
4.05	-0.29700000000000004
4.066666666666666	-0.29800000000000004
4.083333333333333	-0.29700000000000004
4.1	-0.29700000000000004
4.116666666666666	-0.29700000000000004
4.133333333333334	-0.29700000000000004
4.15	-0.29700000000000004
4.166666666666667	-0.29600000000000004
4.183333333333334	-0.29600000000000004
4.2	-0.29600000000000004
4.216666666666667	-0.29600000000000004
4.233333333333333	-0.29600000000000004
4.25	-0.29500000000000004
4.266666666666667	-0.29500000000000004
4.283333333333333	-0.29500000000000004
4.3	-0.29500000000000004
4.316666666666666	-0.29500000000000004
4.333333333333333	-0.29500000000000004
4.35	-0.29500000000000004
4.366666666666666	-0.29400000000000004
4.383333333333334	-0.29400000000000004
4.4	-0.29400000000000004
4.416666666666667	-0.29400000000000004
4.433333333333334	-0.29400000000000004
4.45	-0.29300000000000004
4.466666666666667	-0.29300000000000004
4.483333333333333	-0.29300000000000004
4.5	-0.29300000000000004
4.516666666666667	-0.29300000000000004
4.533333333333333	-0.29300000000000004
4.55	-0.29300000000000004
4.566666666666666	-0.29300000000000004
4.583333333333333	-0.29200000000000004
4.6	-0.29200000000000004
4.616666666666666	-0.29200000000000004
4.633333333333334	-0.29200000000000004
4.65	-0.29200000000000004
4.666666666666667	-0.29100000000000004
4.683333333333334	-0.29100000000000004
4.7	-0.29100000000000004
4.716666666666667	-0.29100000000000004
4.733333333333333	-0.29100000000000004
4.75	-0.29100000000000004
4.766666666666667	-0.29000000000000004
4.783333333333333	-0.29000000000000004
4.8	-0.29000000000000004
4.816666666666666	-0.29000000000000004
4.833333333333333	-0.29000000000000004
4.85	-0.29000000000000004
4.866666666666666	-0.29000000000000004
4.883333333333334	-0.28900000000000003
4.9	-0.28900000000000003
4.916666666666667	-0.28900000000000003
4.933333333333334	-0.28900000000000003
4.95	-0.28900000000000003
4.966666666666667	-0.28800000000000003
4.983333333333333	-0.28800000000000003
5.0	-0.28800000000000003
5.016666666666667	-0.28800000000000003
5.033333333333333	-0.28800000000000003
5.05	-0.28800000000000003
5.066666666666666	-0.28700000000000003
5.083333333333333	-0.28700000000000003
5.1	-0.28700000000000003
5.116666666666666	-0.28700000000000003
5.133333333333334	-0.28700000000000003
5.15	-0.28700000000000003
5.166666666666667	-0.28700000000000003
5.183333333333334	-0.28600000000000003
5.2	-0.28600000000000003
5.216666666666667	-0.28600000000000003
5.233333333333333	-0.28600000000000003
5.25	-0.28600000000000003
5.266666666666667	-0.28600000000000003
5.283333333333333	-0.28600000000000003
5.3	-0.28600000000000003
5.316666666666666	-0.28500000000000003
5.333333333333333	-0.28500000000000003
5.35	-0.28500000000000003
5.366666666666666	-0.28500000000000003
5.383333333333334	-0.28500000000000003
5.4	-0.28400000000000003
5.416666666666667	-0.28400000000000003
5.433333333333334	-0.28400000000000003
5.45	-0.28400000000000003
5.466666666666667	-0.28400000000000003
5.483333333333333	-0.28300000000000003
5.5	-0.28400000000000003
5.516666666666667	-0.28300000000000003
5.533333333333333	-0.28300000000000003
5.55	-0.28300000000000003
5.566666666666666	-0.28300000000000003
5.583333333333333	-0.28300000000000003
5.6	-0.28200000000000003
5.616666666666666	-0.28200000000000003
5.633333333333334	-0.28200000000000003
5.65	-0.28200000000000003
5.666666666666667	-0.28200000000000003
5.683333333333334	-0.28200000000000003
5.7	-0.28200000000000003
5.716666666666667	-0.28200000000000003
5.733333333333333	-0.281
5.75	-0.281
5.766666666666667	-0.281
5.783333333333333	-0.281
5.8	-0.281
5.816666666666666	-0.281
5.833333333333333	-0.28
5.85	-0.28
5.866666666666666	-0.28
5.883333333333334	-0.28
5.9	-0.28
5.916666666666667	-0.28
5.933333333333334	-0.279
5.95	-0.279
5.966666666666667	-0.279
5.983333333333333	-0.279
6.0	-0.279
6.016666666666667	-0.279
6.033333333333333	-0.279
6.05	-0.278
6.066666666666666	-0.278
6.083333333333333	-0.278
6.1	-0.278
6.116666666666666	-0.278
6.133333333333334	-0.278
6.15	-0.278
6.166666666666667	-0.278
6.183333333333334	-0.277
6.2	-0.277
6.216666666666667	-0.277
6.233333333333333	-0.277
6.25	-0.277
6.266666666666667	-0.276
6.283333333333333	-0.276
6.3	-0.276
6.316666666666666	-0.276
6.333333333333333	-0.276
6.35	-0.276
6.366666666666666	-0.276
6.383333333333334	-0.275
6.4	-0.275
6.416666666666667	-0.275
6.433333333333334	-0.275
6.45	-0.275
6.466666666666667	-0.275
6.483333333333333	-0.275
6.5	-0.274
6.516666666666667	-0.274
6.533333333333333	-0.274
6.55	-0.274
6.566666666666666	-0.274
6.583333333333333	-0.274
6.6	-0.273
6.616666666666666	-0.273
6.633333333333334	-0.273
6.65	-0.273
6.666666666666667	-0.273
6.683333333333334	-0.273
6.7	-0.273
6.716666666666667	-0.273
6.733333333333333	-0.272
6.75	-0.272
6.766666666666667	-0.272
6.783333333333333	-0.272
6.8	-0.272
6.816666666666666	-0.271
6.833333333333333	-0.271
6.85	-0.271
6.866666666666666	-0.271
6.883333333333334	-0.271
6.9	-0.271
6.916666666666667	-0.271
6.933333333333334	-0.271
6.95	-0.27
6.966666666666667	-0.27
6.983333333333333	-0.27
7.0	-0.27
7.016666666666667	-0.27
7.033333333333333	-0.27
7.05	-0.269
7.066666666666666	-0.269
7.083333333333333	-0.269
7.1	-0.269
7.116666666666666	-0.269
7.133333333333334	-0.269
7.15	-0.269
7.166666666666667	-0.268
7.183333333333334	-0.268
7.2	-0.268
7.216666666666667	-0.268
7.233333333333333	-0.268
7.25	-0.268
7.266666666666667	-0.268
7.283333333333333	-0.267
7.3	-0.267
7.316666666666666	-0.267
7.333333333333333	-0.267
7.35	-0.267
7.366666666666666	-0.267
7.383333333333334	-0.267
7.4	-0.266
7.416666666666667	-0.266
7.433333333333334	-0.266
7.45	-0.266
7.466666666666667	-0.266
7.483333333333333	-0.266
7.5	-0.265
7.516666666666667	-0.265
7.533333333333333	-0.265
7.55	-0.265
7.566666666666666	-0.265
7.583333333333333	-0.265
7.6	-0.265
7.616666666666666	-0.264
7.633333333333334	-0.264
7.65	-0.264
7.666666666666667	-0.264
7.683333333333334	-0.264
7.7	-0.264
7.716666666666667	-0.263
7.733333333333333	-0.264
7.75	-0.263
7.766666666666667	-0.263
7.783333333333333	-0.263
7.8	-0.263
7.816666666666666	-0.262
7.833333333333333	-0.263
7.85	-0.262
7.866666666666666	-0.262
7.883333333333334	-0.262
7.9	-0.262
7.916666666666667	-0.262
7.933333333333334	-0.262
7.95	-0.262
7.966666666666667	-0.261
7.983333333333333	-0.261
8.0	-0.261
8.016666666666667	-0.261
8.033333333333333	-0.261
8.05	-0.26
8.066666666666666	-0.26
8.083333333333334	-0.26
8.1	-0.26
8.116666666666667	-0.26
8.133333333333333	-0.26
8.15	-0.259
8.166666666666666	-0.259
8.183333333333334	-0.259
8.2	-0.259
8.216666666666667	-0.259
8.233333333333333	-0.259
8.25	-0.259
8.266666666666667	-0.259
8.283333333333333	-0.258
8.3	-0.258
8.316666666666666	-0.258
8.333333333333334	-0.258
8.35	-0.258
8.366666666666667	-0.258
8.383333333333333	-0.257
8.4	-0.257
8.416666666666666	-0.257
8.433333333333334	-0.257
8.45	-0.257
8.466666666666667	-0.257
8.483333333333333	-0.257
8.5	-0.256
8.516666666666667	-0.256
8.533333333333333	-0.256
8.55	-0.256
8.566666666666666	-0.256
8.583333333333334	-0.256
8.6	-0.255
8.616666666666667	-0.255
8.633333333333333	-0.255
8.65	-0.255
8.666666666666666	-0.255
8.683333333333334	-0.255
8.7	-0.255
8.716666666666667	-0.254
8.733333333333333	-0.254
8.75	-0.254
8.766666666666667	-0.254
8.783333333333333	-0.254
8.8	-0.254
8.816666666666666	-0.254
8.833333333333334	-0.253
8.85	-0.253
8.866666666666667	-0.253
8.883333333333333	-0.253
8.9	-0.253
8.916666666666666	-0.252
8.933333333333334	-0.252
8.95	-0.252
8.966666666666667	-0.252
8.983333333333333	-0.252
9.0	-0.252
9.016666666666667	-0.252
9.033333333333333	-0.252
9.05	-0.251
9.066666666666666	-0.251
9.083333333333334	-0.251
9.1	-0.251
9.116666666666667	-0.251
9.133333333333333	-0.251
9.15	-0.25
9.166666666666666	-0.25
9.183333333333334	-0.25
9.2	-0.25
9.216666666666667	-0.25
9.233333333333333	-0.25
9.25	-0.249
9.266666666666667	-0.25
9.283333333333333	-0.249
9.3	-0.249
9.316666666666666	-0.249
9.333333333333334	-0.249
9.35	-0.249
9.366666666666667	-0.248
9.383333333333333	-0.248
9.4	-0.248
9.416666666666666	-0.248
9.433333333333334	-0.248
9.45	-0.248
9.466666666666667	-0.247
9.483333333333333	-0.247
9.5	-0.247
9.516666666666667	-0.247
9.533333333333333	-0.247
9.55	-0.247
9.566666666666666	-0.246
9.583333333333334	-0.246
9.6	-0.246
9.616666666666667	-0.246
9.633333333333333	-0.246
9.65	-0.246
9.666666666666666	-0.246
9.683333333333334	-0.245
9.7	-0.245
9.716666666666667	-0.245
9.733333333333333	-0.245
9.75	-0.245
9.766666666666667	-0.244
9.783333333333333	-0.244
9.8	-0.244
9.816666666666666	-0.244
9.833333333333334	-0.244
9.85	-0.244
9.866666666666667	-0.244
9.883333333333333	-0.243
9.9	-0.243
9.916666666666666	-0.243
9.933333333333334	-0.243
9.95	-0.243
9.966666666666667	-0.243
9.983333333333333	-0.242
10.0	-0.242
10.016666666666667	-0.242
10.033333333333333	-0.242
10.05	-0.242
10.066666666666666	-0.241
10.083333333333334	-0.241
10.1	-0.241
10.116666666666667	-0.241
10.133333333333333	-0.241
10.15	-0.241
10.166666666666666	-0.24
10.183333333333334	-0.24
10.2	-0.24
10.216666666666667	-0.24
10.233333333333333	-0.24
10.25	-0.24
10.266666666666667	-0.239
10.283333333333333	-0.239
10.3	-0.239
10.316666666666666	-0.239
10.333333333333334	-0.239
10.35	-0.238
10.366666666666667	-0.238
10.383333333333333	-0.238
10.4	-0.238
10.416666666666666	-0.238
10.433333333333334	-0.238
10.45	-0.238
10.466666666666667	-0.237
10.483333333333333	-0.237
10.5	-0.237
10.516666666666667	-0.237
10.533333333333333	-0.237
10.55	-0.236
10.566666666666666	-0.236
10.583333333333334	-0.236
10.6	-0.236
10.616666666666667	-0.236
10.633333333333333	-0.236
10.65	-0.235
10.666666666666666	-0.235
10.683333333333334	-0.235
10.7	-0.235
10.716666666666667	-0.235
10.733333333333333	-0.23399999999999999
10.75	-0.23399999999999999
10.766666666666667	-0.23399999999999999
10.783333333333333	-0.23399999999999999
10.8	-0.23399999999999999
10.816666666666666	-0.23399999999999999
10.833333333333334	-0.23299999999999998
10.85	-0.23299999999999998
10.866666666666667	-0.23299999999999998
10.883333333333333	-0.23299999999999998
10.9	-0.23299999999999998
10.916666666666666	-0.23199999999999998
10.933333333333334	-0.23199999999999998
10.95	-0.23199999999999998
10.966666666666667	-0.23199999999999998
10.983333333333333	-0.23199999999999998
11.0	-0.23099999999999998
11.016666666666667	-0.23099999999999998
11.033333333333333	-0.23099999999999998
11.05	-0.23099999999999998
11.066666666666666	-0.23099999999999998
11.083333333333334	-0.22999999999999998
11.1	-0.22999999999999998
11.116666666666667	-0.22999999999999998
11.133333333333333	-0.22999999999999998
11.15	-0.22999999999999998
11.166666666666666	-0.22999999999999998
11.183333333333334	-0.22899999999999998
11.2	-0.22899999999999998
11.216666666666667	-0.22899999999999998
11.233333333333333	-0.22799999999999998
11.25	-0.22899999999999998
11.266666666666667	-0.22799999999999998
11.283333333333333	-0.22799999999999998
11.3	-0.22799999999999998
11.316666666666666	-0.22799999999999998
11.333333333333334	-0.22799999999999998
11.35	-0.22699999999999998
11.366666666666667	-0.22699999999999998
11.383333333333333	-0.22699999999999998
11.4	-0.22699999999999998
11.416666666666666	-0.22699999999999998
11.433333333333334	-0.22599999999999998
11.45	-0.22599999999999998
11.466666666666667	-0.22599999999999998
11.483333333333333	-0.22599999999999998
11.5	-0.22499999999999998
11.516666666666667	-0.22599999999999998
11.533333333333333	-0.22499999999999998
11.55	-0.22499999999999998
11.566666666666666	-0.22499999999999998
11.583333333333334	-0.22399999999999998
11.6	-0.22399999999999998
11.616666666666667	-0.22399999999999998
11.633333333333333	-0.22399999999999998
11.65	-0.22399999999999998
11.666666666666666	-0.22299999999999998
11.683333333333334	-0.22299999999999998
11.7	-0.22299999999999998
11.716666666666667	-0.22299999999999998
11.733333333333333	-0.22199999999999998
11.75	-0.22199999999999998
11.766666666666667	-0.22199999999999998
11.783333333333333	-0.22199999999999998
11.8	-0.22099999999999997
11.816666666666666	-0.22099999999999997
11.833333333333334	-0.22099999999999997
11.85	-0.22099999999999997
11.866666666666667	-0.22099999999999997
11.883333333333333	-0.21999999999999997
11.9	-0.21999999999999997
11.916666666666666	-0.21999999999999997
11.933333333333334	-0.21999999999999997
11.95	-0.21999999999999997
11.966666666666667	-0.21899999999999997
11.983333333333333	-0.21899999999999997
12.0	-0.21899999999999997
12.016666666666667	-0.21799999999999997
12.033333333333333	-0.21799999999999997
12.05	-0.21799999999999997
12.066666666666666	-0.21799999999999997
12.083333333333334	-0.21799999999999997
12.1	-0.21699999999999997
12.116666666666667	-0.21699999999999997
12.133333333333333	-0.21699999999999997
12.15	-0.21699999999999997
12.166666666666666	-0.21599999999999997
12.183333333333334	-0.21599999999999997
12.2	-0.21599999999999997
12.216666666666667	-0.21499999999999997
12.233333333333333	-0.21499999999999997
12.25	-0.21499999999999997
12.266666666666667	-0.21499999999999997
12.283333333333333	-0.21499999999999997
12.3	-0.21399999999999997
12.316666666666666	-0.21399999999999997
12.333333333333334	-0.21399999999999997
12.35	-0.21299999999999997
12.366666666666667	-0.21299999999999997
12.383333333333333	-0.21299999999999997
12.4	-0.21299999999999997
12.416666666666666	-0.21199999999999997
12.433333333333334	-0.21199999999999997
12.45	-0.21100000000000002
12.466666666666667	-0.21199999999999997
12.483333333333333	-0.21100000000000002
12.5	-0.21100000000000002
12.516666666666667	-0.21100000000000002
12.533333333333333	-0.21000000000000002
12.55	-0.21000000000000002
12.566666666666666	-0.21000000000000002
12.583333333333334	-0.20900000000000002
12.6	-0.20900000000000002
12.616666666666667	-0.20900000000000002
12.633333333333333	-0.20900000000000002
12.65	-0.20800000000000002
12.666666666666666	-0.20800000000000002
12.683333333333334	-0.20700000000000002
12.7	-0.20700000000000002
12.716666666666667	-0.20700000000000002
12.733333333333333	-0.20700000000000002
12.75	-0.20600000000000002
12.766666666666667	-0.20600000000000002
12.783333333333333	-0.20600000000000002
12.8	-0.20500000000000002
12.816666666666666	-0.20500000000000002
12.833333333333334	-0.20500000000000002
12.85	-0.20400000000000001
12.866666666666667	-0.20400000000000001
12.883333333333333	-0.20400000000000001
12.9	-0.203
12.916666666666666	-0.203
12.933333333333334	-0.202
12.95	-0.202
12.966666666666667	-0.202
12.983333333333333	-0.201
13.0	-0.201
13.016666666666667	-0.201
13.033333333333333	-0.2
13.05	-0.2
13.066666666666666	-0.199
13.083333333333334	-0.199
13.1	-0.199
13.116666666666667	-0.198
13.133333333333333	-0.198
13.15	-0.197
13.166666666666666	-0.197
13.183333333333334	-0.197
13.2	-0.196
13.216666666666667	-0.196
13.233333333333333	-0.195
13.25	-0.195
13.266666666666667	-0.194
13.283333333333333	-0.194
13.3	-0.193
13.316666666666666	-0.193
13.333333333333334	-0.193
13.35	-0.192
13.366666666666667	-0.192
13.383333333333333	-0.191
13.4	-0.191
13.416666666666666	-0.19
13.433333333333334	-0.19
13.45	-0.189
13.466666666666667	-0.188
13.483333333333333	-0.188
13.5	-0.187
13.516666666666667	-0.187
13.533333333333333	-0.186
13.55	-0.186
13.566666666666666	-0.185
13.583333333333334	-0.185
13.6	-0.184
13.616666666666667	-0.183
13.633333333333333	-0.182
13.65	-0.182
13.666666666666666	-0.181
13.683333333333334	-0.181
13.7	-0.18
13.716666666666667	-0.179
13.733333333333333	-0.178
13.75	-0.178
13.766666666666667	-0.177
13.783333333333333	-0.176
13.8	-0.176
13.816666666666666	-0.175
13.833333333333334	-0.174
13.85	-0.173
13.866666666666667	-0.172
13.883333333333333	-0.172
13.9	-0.17099999999999999
13.916666666666666	-0.16999999999999998
13.933333333333334	-0.16899999999999998
13.95	-0.16799999999999998
13.966666666666667	-0.16699999999999998
13.983333333333333	-0.16599999999999998
14.0	-0.16499999999999998
14.016666666666667	-0.16399999999999998
14.033333333333333	-0.16299999999999998
14.05	-0.16199999999999998
14.066666666666666	-0.16099999999999998
14.083333333333334	-0.15999999999999998
14.1	-0.15799999999999997
14.116666666666667	-0.15699999999999997
14.133333333333333	-0.15599999999999997
14.15	-0.15499999999999997
14.166666666666666	-0.15399999999999997
14.183333333333334	-0.15199999999999997
14.2	-0.15099999999999997
14.216666666666667	-0.14999999999999997
14.233333333333333	-0.14800000000000002
14.25	-0.14700000000000002
14.266666666666667	-0.14500000000000002
14.283333333333333	-0.14400000000000002
14.3	-0.14200000000000002
14.316666666666666	-0.14100000000000001
14.333333333333334	-0.139
14.35	-0.137
14.366666666666667	-0.136
14.383333333333333	-0.134
14.4	-0.132
14.416666666666666	-0.13
14.433333333333334	-0.129
14.45	-0.127
14.466666666666667	-0.125
14.483333333333333	-0.123
14.5	-0.121
14.516666666666667	-0.119
14.533333333333333	-0.11699999999999999
14.55	-0.11499999999999999
14.566666666666666	-0.11299999999999999
14.583333333333334	-0.11099999999999999
14.6	-0.10899999999999999
14.616666666666667	-0.10699999999999998
14.633333333333333	-0.10499999999999998
14.65	-0.10299999999999998
14.666666666666666	-0.10099999999999998
14.683333333333334	-0.09899999999999998
14.7	-0.09699999999999998
14.716666666666667	-0.09499999999999997
14.733333333333333	-0.09399999999999997
14.75	-0.09199999999999997
14.766666666666667	-0.08999999999999997
14.783333333333333	-0.08899999999999997
14.8	-0.08699999999999997
14.816666666666666	-0.08500000000000002
14.833333333333334	-0.08400000000000002
14.85	-0.08200000000000002
14.866666666666667	-0.08100000000000002
14.883333333333333	-0.07900000000000001
14.9	-0.07800000000000001
14.916666666666666	-0.07600000000000001
14.933333333333334	-0.07500000000000001
14.95	-0.07300000000000001
14.966666666666667	-0.07200000000000001
14.983333333333333	-0.07100000000000001
15.0	-0.069
15.016666666666667	-0.068
15.033333333333333	-0.067
15.05	-0.065
15.066666666666666	-0.064
15.083333333333334	-0.063
15.1	-0.062
15.116666666666667	-0.061
15.133333333333333	-0.06
15.15	-0.059
15.166666666666666	-0.057999999999999996
15.183333333333334	-0.056999999999999995
15.2	-0.055999999999999994
15.216666666666667	-0.05499999999999999
15.233333333333333	-0.05399999999999999
15.25	-0.05299999999999999
15.266666666666667	-0.05199999999999999
15.283333333333333	-0.05099999999999999
15.3	-0.04999999999999999
15.316666666666666	-0.04899999999999999
15.333333333333334	-0.04799999999999999
15.35	-0.046999999999999986
15.366666666666667	-0.045999999999999985
15.383333333333333	-0.044999999999999984
15.4	-0.043999999999999984
15.416666666666666	-0.043999999999999984
15.433333333333334	-0.04299999999999998
15.45	-0.04199999999999998
15.466666666666667	-0.04099999999999998
15.483333333333333	-0.03999999999999998
15.5	-0.03899999999999998
15.516666666666667	-0.03899999999999998
15.533333333333333	-0.03699999999999998
15.55	-0.03699999999999998
15.566666666666666	-0.035999999999999976
15.583333333333334	-0.035999999999999976
15.6	-0.034999999999999976
15.616666666666667	-0.033999999999999975
15.633333333333333	-0.032999999999999974
15.65	-0.032999999999999974
15.666666666666666	-0.03199999999999997
15.683333333333334	-0.030999999999999972
15.7	-0.030999999999999972
15.716666666666667	-0.02999999999999997
15.733333333333333	-0.02899999999999997
15.75	-0.02899999999999997
15.766666666666667	-0.02799999999999997
15.783333333333333	-0.02799999999999997
15.8	-0.02699999999999997
15.816666666666666	-0.025999999999999968
15.833333333333334	-0.025999999999999968
15.85	-0.024999999999999967
15.866666666666667	-0.024999999999999967
15.883333333333333	-0.02400000000000002
15.9	-0.02300000000000002
15.916666666666666	-0.02300000000000002
15.933333333333334	-0.02200000000000002
15.95	-0.02200000000000002
15.966666666666667	-0.02100000000000002
15.983333333333333	-0.02100000000000002
16.0	-0.020000000000000018
16.016666666666666	-0.019000000000000017
16.033333333333335	-0.019000000000000017
16.05	-0.019000000000000017
16.066666666666666	-0.018000000000000016
16.083333333333332	-0.017000000000000015
16.1	-0.017000000000000015
16.116666666666667	-0.016000000000000014
16.133333333333333	-0.016000000000000014
16.15	-0.015000000000000013
16.166666666666668	-0.015000000000000013
16.183333333333334	-0.014000000000000012
16.2	-0.014000000000000012
16.216666666666665	-0.013000000000000012
16.233333333333334	-0.013000000000000012
16.25	-0.01200000000000001
16.266666666666666	-0.01200000000000001
16.283333333333335	-0.01200000000000001
16.3	-0.01100000000000001
16.316666666666666	-0.01100000000000001
16.333333333333332	-0.010000000000000009
16.35	-0.010000000000000009
16.366666666666667	-0.009000000000000008
16.383333333333333	-0.009000000000000008
16.4	-0.008000000000000007
16.416666666666668	-0.008000000000000007
16.433333333333334	-0.007000000000000006
16.45	-0.007000000000000006
16.466666666666665	-0.007000000000000006
16.483333333333334	-0.006000000000000005
16.5	-0.006000000000000005
16.516666666666666	-0.0050000000000000044
16.533333333333335	-0.0050000000000000044
16.55	-0.0040000000000000036
16.566666666666666	-0.0040000000000000036
16.583333333333332	-0.0040000000000000036
16.6	-0.0030000000000000027
16.616666666666667	-0.0030000000000000027
16.633333333333333	-0.0030000000000000027
16.65	-0.0020000000000000018
16.666666666666668	-0.0020000000000000018
16.666666666666668	-0.0010000000000000009
16.666666666666668	-0.0010000000000000009
16.666666666666668	-0.0010000000000000009
16.666666666666668	0.0
16.833333333333332	0.0
16.833333333333332	0.0010000000000000009
16.833333333333332	0.0010000000000000009
16.833333333333332	0.0010000000000000009
16.833333333333332	0.0020000000000000018
16.833333333333332	0.0020000000000000018
16.833333333333332	0.0020000000000000018
16.833333333333332	0.0020000000000000018
16.833333333333332	0.0030000000000000027
16.833333333333332	0.0030000000000000027
17.0	0.0040000000000000036
17.0	0.0040000000000000036
17.0	0.0050000000000000044
17.0	0.0050000000000000044
17.0	0.0050000000000000044
17.0	0.006000000000000005
17.0	0.006000000000000005
17.0	0.006000000000000005
17.0	0.007000000000000006
17.0	0.007000000000000006
17.166666666666668	0.007000000000000006
17.166666666666668	0.008000000000000007
17.166666666666668	0.008000000000000007
17.166666666666668	0.008000000000000007
17.166666666666668	0.009000000000000008
17.166666666666668	0.009000000000000008
17.166666666666668	0.009000000000000008
17.166666666666668	0.010000000000000009
17.166666666666668	0.010000000000000009
17.166666666666668	0.010000000000000009
17.333333333333332	0.01100000000000001
17.333333333333332	0.01100000000000001
17.333333333333332	0.01100000000000001
17.333333333333332	0.01200000000000001
17.333333333333332	0.01200000000000001
17.333333333333332	0.01200000000000001
17.333333333333332	0.013000000000000012
17.333333333333332	0.013000000000000012
17.333333333333332	0.013000000000000012
17.333333333333332	0.013000000000000012
17.5	0.014000000000000012
17.5	0.014000000000000012
17.5	0.014000000000000012
17.5	0.015000000000000013
17.5	0.015000000000000013
17.5	0.015000000000000013
17.5	0.015000000000000013
17.5	0.016000000000000014
17.5	0.016000000000000014
17.5	0.016000000000000014
17.666666666666668	0.017000000000000015
17.666666666666668	0.017000000000000015
17.666666666666668	0.017000000000000015
17.666666666666668	0.018000000000000016
17.666666666666668	0.018000000000000016
17.666666666666668	0.018000000000000016
17.666666666666668	0.019000000000000017
17.666666666666668	0.019000000000000017
17.666666666666668	0.019000000000000017
17.666666666666668	0.019000000000000017
17.833333333333332	0.020000000000000018
17.833333333333332	0.020000000000000018
17.833333333333332	0.020000000000000018
17.833333333333332	0.020000000000000018
17.833333333333332	0.02100000000000002
17.833333333333332	0.02100000000000002
17.833333333333332	0.02100000000000002
17.833333333333332	0.02100000000000002
17.833333333333332	0.02200000000000002
17.833333333333332	0.02200000000000002
18.0	0.02200000000000002
18.0	0.022999999999999993
18.0	0.022999999999999993
18.0	0.022999999999999993
18.0	0.022999999999999993
18.0	0.023999999999999994
18.0	0.023999999999999994
18.0	0.023999999999999994
18.0	0.023999999999999994
18.0	0.024999999999999994
18.166666666666668	0.024999999999999994
18.166666666666668	0.024999999999999994
18.166666666666668	0.024999999999999994
18.166666666666668	0.025999999999999995
18.166666666666668	0.025999999999999995
18.166666666666668	0.025999999999999995
18.166666666666668	0.026999999999999996
18.166666666666668	0.026999999999999996
18.166666666666668	0.026999999999999996
18.166666666666668	0.026999999999999996
18.333333333333332	0.026999999999999996
18.333333333333332	0.026999999999999996
18.333333333333332	0.027999999999999997
18.333333333333332	0.027999999999999997
18.333333333333332	0.027999999999999997
18.333333333333332	0.028999999999999998
18.333333333333332	0.028999999999999998
18.333333333333332	0.028999999999999998
18.333333333333332	0.028999999999999998
18.333333333333332	0.028999999999999998
18.5	0.03
18.5	0.03
18.5	0.03
18.5	0.03
18.5	0.031
18.5	0.031
18.5	0.031
18.5	0.031
18.5	0.032
18.5	0.032
18.666666666666668	0.032
18.666666666666668	0.032
18.666666666666668	0.032
18.666666666666668	0.033
18.666666666666668	0.033
18.666666666666668	0.033
18.666666666666668	0.034
18.666666666666668	0.034
18.666666666666668	0.034
18.666666666666668	0.034
18.833333333333332	0.034
18.833333333333332	0.035
18.833333333333332	0.035
18.833333333333332	0.035
18.833333333333332	0.035
18.833333333333332	0.035
18.833333333333332	0.036000000000000004
18.833333333333332	0.036000000000000004
18.833333333333332	0.036000000000000004
18.833333333333332	0.036000000000000004
19.0	0.036000000000000004
19.0	0.037000000000000005
19.0	0.037000000000000005
19.0	0.037000000000000005
19.0	0.037000000000000005
19.0	0.038000000000000006
19.0	0.038000000000000006
19.0	0.038000000000000006
19.0	0.038000000000000006
19.0	0.038000000000000006
19.166666666666668	0.038000000000000006
19.166666666666668	0.03900000000000001
19.166666666666668	0.03900000000000001
19.166666666666668	0.03900000000000001
19.166666666666668	0.03900000000000001
19.166666666666668	0.03900000000000001
19.166666666666668	0.04000000000000001
19.166666666666668	0.04000000000000001
19.166666666666668	0.04000000000000001
19.166666666666668	0.04000000000000001
19.333333333333332	0.04100000000000001
19.333333333333332	0.04100000000000001
19.333333333333332	0.04100000000000001
19.333333333333332	0.04100000000000001
19.333333333333332	0.04100000000000001
19.333333333333332	0.04200000000000001
19.333333333333332	0.04200000000000001
19.333333333333332	0.04200000000000001
19.333333333333332	0.04200000000000001
19.333333333333332	0.04300000000000001
19.5	0.04200000000000001
19.5	0.04300000000000001
19.5	0.04300000000000001
19.5	0.04300000000000001
19.5	0.04300000000000001
19.5	0.04400000000000001
19.5	0.04400000000000001
19.5	0.04400000000000001
19.5	0.04400000000000001
19.5	0.04400000000000001
19.666666666666668	0.04400000000000001
19.666666666666668	0.04500000000000001
19.666666666666668	0.04500000000000001
19.666666666666668	0.04500000000000001
19.666666666666668	0.04500000000000001
19.666666666666668	0.04500000000000001
19.666666666666668	0.04500000000000001
19.666666666666668	0.04600000000000001
19.666666666666668	0.04600000000000001
19.666666666666668	0.04600000000000001
19.833333333333332	0.04600000000000001
19.833333333333332	0.047000000000000014
19.833333333333332	0.047000000000000014
19.833333333333332	0.047000000000000014
19.833333333333332	0.047000000000000014
19.833333333333332	0.047000000000000014
19.833333333333332	0.048000000000000015
19.833333333333332	0.048000000000000015
19.833333333333332	0.048000000000000015
19.833333333333332	0.048000000000000015
20.0	0.048000000000000015
20.0	0.049000000000000016
20.0	0.049000000000000016
20.0	0.049000000000000016
20.0	0.049000000000000016
20.0	0.049000000000000016
20.0	0.049000000000000016
20.0	0.05000000000000002
20.0	0.05000000000000002
20.0	0.05000000000000002
20.166666666666668	0.05000000000000002
20.166666666666668	0.05000000000000002
20.166666666666668	0.05100000000000002
20.166666666666668	0.05100000000000002
20.166666666666668	0.05100000000000002
20.166666666666668	0.05100000000000002
20.166666666666668	0.05100000000000002
20.166666666666668	0.05100000000000002
20.166666666666668	0.05200000000000002
20.166666666666668	0.05200000000000002
20.333333333333332	0.05200000000000002
20.333333333333332	0.05200000000000002
20.333333333333332	0.05200000000000002
20.333333333333332	0.05300000000000002
20.333333333333332	0.05300000000000002
20.333333333333332	0.05300000000000002
20.333333333333332	0.05300000000000002
20.333333333333332	0.05300000000000002
20.333333333333332	0.05300000000000002
20.333333333333332	0.05399999999999999
20.5	0.05399999999999999
20.5	0.05399999999999999
20.5	0.05399999999999999
20.5	0.05399999999999999
20.5	0.05499999999999999
20.5	0.05499999999999999
20.5	0.05499999999999999
20.5	0.05499999999999999
20.5	0.05499999999999999
20.5	0.05499999999999999
20.666666666666668	0.055999999999999994
20.666666666666668	0.05499999999999999
20.666666666666668	0.055999999999999994
20.666666666666668	0.055999999999999994
20.666666666666668	0.055999999999999994
20.666666666666668	0.055999999999999994
20.666666666666668	0.055999999999999994
20.666666666666668	0.056999999999999995
20.666666666666668	0.056999999999999995
20.666666666666668	0.056999999999999995
20.833333333333332	0.056999999999999995
20.833333333333332	0.057999999999999996
20.833333333333332	0.057999999999999996
20.833333333333332	0.057999999999999996
20.833333333333332	0.057999999999999996
20.833333333333332	0.057999999999999996
20.833333333333332	0.057999999999999996
20.833333333333332	0.059
20.833333333333332	0.059
20.833333333333332	0.059
21.0	0.059
21.0	0.06
21.0	0.059
21.0	0.06
21.0	0.06
21.0	0.06
21.0	0.06
21.0	0.06
21.0	0.061
21.0	0.061
21.166666666666668	0.061
21.166666666666668	0.061
21.166666666666668	0.062
21.166666666666668	0.062
21.166666666666668	0.062
21.166666666666668	0.062
21.166666666666668	0.062
21.166666666666668	0.062
21.166666666666668	0.063
21.166666666666668	0.063
21.333333333333332	0.063
21.333333333333332	0.063
21.333333333333332	0.063
21.333333333333332	0.063
21.333333333333332	0.064
21.333333333333332	0.064
21.333333333333332	0.064
21.333333333333332	0.064
21.333333333333332	0.064
21.333333333333332	0.064
21.5	0.065
21.5	0.065
21.5	0.065
21.5	0.065
21.5	0.066
21.5	0.066
21.5	0.066
21.5	0.066
21.5	0.066
21.5	0.066
21.666666666666668	0.067
21.666666666666668	0.067
21.666666666666668	0.067
21.666666666666668	0.067
21.666666666666668	0.067
21.666666666666668	0.067
21.666666666666668	0.068
21.666666666666668	0.068
21.666666666666668	0.068
21.666666666666668	0.068
21.833333333333332	0.068
21.833333333333332	0.069
21.833333333333332	0.069
21.833333333333332	0.069
21.833333333333332	0.069
21.833333333333332	0.069
21.833333333333332	0.069
21.833333333333332	0.07
21.833333333333332	0.07
21.833333333333332	0.07
22.0	0.07
22.0	0.07100000000000001
22.0	0.07100000000000001
22.0	0.07100000000000001
22.0	0.07100000000000001
22.0	0.07100000000000001
22.0	0.07100000000000001
22.0	0.07200000000000001
22.0	0.07200000000000001
22.0	0.07200000000000001
22.166666666666668	0.07200000000000001
22.166666666666668	0.07200000000000001
22.166666666666668	0.07200000000000001
22.166666666666668	0.07300000000000001
22.166666666666668	0.07300000000000001
22.166666666666668	0.07300000000000001
22.166666666666668	0.07300000000000001
22.166666666666668	0.07400000000000001
22.166666666666668	0.07400000000000001
22.166666666666668	0.07400000000000001
22.333333333333332	0.07400000000000001
22.333333333333332	0.07400000000000001
22.333333333333332	0.07400000000000001
22.333333333333332	0.07400000000000001
22.333333333333332	0.07500000000000001
22.333333333333332	0.07500000000000001
22.333333333333332	0.07500000000000001
22.333333333333332	0.07500000000000001
22.333333333333332	0.07600000000000001
22.333333333333332	0.07600000000000001
22.5	0.07600000000000001
22.5	0.07600000000000001
22.5	0.07600000000000001
22.5	0.07700000000000001
22.5	0.07700000000000001
22.5	0.07700000000000001
22.5	0.07700000000000001
22.5	0.07700000000000001
22.5	0.07800000000000001
22.5	0.07800000000000001
22.666666666666668	0.07800000000000001
22.666666666666668	0.07800000000000001
22.666666666666668	0.07900000000000001
22.666666666666668	0.07900000000000001
22.666666666666668	0.07900000000000001
22.666666666666668	0.07900000000000001
22.666666666666668	0.07900000000000001
22.666666666666668	0.07900000000000001
22.666666666666668	0.08000000000000002
22.666666666666668	0.08000000000000002
22.833333333333332	0.08000000000000002
22.833333333333332	0.08000000000000002
22.833333333333332	0.08000000000000002
22.833333333333332	0.08100000000000002
22.833333333333332	0.08100000000000002
22.833333333333332	0.08100000000000002
22.833333333333332	0.08100000000000002
22.833333333333332	0.08200000000000002
22.833333333333332	0.08100000000000002
22.833333333333332	0.08200000000000002
23.0	0.08200000000000002
23.0	0.08200000000000002
23.0	0.08200000000000002
23.0	0.08200000000000002
23.0	0.08300000000000002
23.0	0.08300000000000002
23.0	0.08300000000000002
23.0	0.08300000000000002
23.0	0.08400000000000002
23.0	0.08400000000000002
23.166666666666668	0.08400000000000002
23.166666666666668	0.08400000000000002
23.166666666666668	0.08400000000000002
23.166666666666668	0.08500000000000002
23.166666666666668	0.08500000000000002
23.166666666666668	0.08500000000000002
23.166666666666668	0.08500000000000002
23.166666666666668	0.08500000000000002
23.166666666666668	0.08500000000000002
23.166666666666668	0.086
23.333333333333332	0.086
23.333333333333332	0.086
23.333333333333332	0.086
23.333333333333332	0.086
23.333333333333332	0.086
23.333333333333332	0.087
23.333333333333332	0.087
23.333333333333332	0.087
23.333333333333332	0.087
23.333333333333332	0.088
23.5	0.088
23.5	0.089
23.5	0.088
23.5	0.089
23.5	0.089
23.5	0.089
23.5	0.089
23.5	0.089
23.5	0.089
23.5	0.089
23.666666666666668	0.09
23.666666666666668	0.09
23.666666666666668	0.09
23.666666666666668	0.09
23.666666666666668	0.091
23.666666666666668	0.091
23.666666666666668	0.091
23.666666666666668	0.091
23.666666666666668	0.092
23.666666666666668	0.092
23.833333333333332	0.092
23.833333333333332	0.092
23.833333333333332	0.092
23.833333333333332	0.093
23.833333333333332	0.093
23.833333333333332	0.093
23.833333333333332	0.093
23.833333333333332	0.094
23.833333333333332	0.094
23.833333333333332	0.094
24.0	0.094
24.0	0.094
24.0	0.095
24.0	0.095
24.0	0.095
24.0	0.095
24.0	0.095
24.0	0.095
24.0	0.095
24.0	0.096
24.166666666666668	0.096
24.166666666666668	0.096
24.166666666666668	0.097
24.166666666666668	0.097
24.166666666666668	0.097
24.166666666666668	0.097
24.166666666666668	0.097
24.166666666666668	0.098
24.166666666666668	0.098
24.166666666666668	0.098
24.333333333333332	0.098
24.333333333333332	0.098
24.333333333333332	0.099
24.333333333333332	0.099
24.333333333333332	0.099
24.333333333333332	0.099
24.333333333333332	0.1
24.333333333333332	0.1
24.333333333333332	0.1
24.333333333333332	0.1
24.5	0.101
24.5	0.101
24.5	0.101
24.5	0.101
24.5	0.10200000000000001
24.5	0.10200000000000001
24.5	0.10200000000000001
24.5	0.10200000000000001
24.5	0.10200000000000001
24.5	0.10200000000000001
24.666666666666668	0.10300000000000001
24.666666666666668	0.10300000000000001
24.666666666666668	0.10300000000000001
24.666666666666668	0.10300000000000001
24.666666666666668	0.10400000000000001
24.666666666666668	0.10400000000000001
24.666666666666668	0.10400000000000001
24.666666666666668	0.10400000000000001
24.666666666666668	0.10400000000000001
24.666666666666668	0.10500000000000001
24.833333333333332	0.10500000000000001
24.833333333333332	0.10500000000000001
24.833333333333332	0.10500000000000001
24.833333333333332	0.10600000000000001
24.833333333333332	0.10600000000000001
24.833333333333332	0.10600000000000001
24.833333333333332	0.10600000000000001
24.833333333333332	0.10700000000000001
24.833333333333332	0.10700000000000001
24.833333333333332	0.10700000000000001
25.0	0.10800000000000001
25.0	0.10800000000000001
25.0	0.10800000000000001
25.0	0.10800000000000001
25.0	0.10900000000000001
25.0	0.10900000000000001
25.0	0.10900000000000001
25.0	0.10900000000000001
25.0	0.10900000000000001
25.0	0.11000000000000001
25.166666666666668	0.10900000000000001
25.166666666666668	0.11000000000000001
25.166666666666668	0.11000000000000001
25.166666666666668	0.11000000000000001
25.166666666666668	0.11000000000000001
25.166666666666668	0.11000000000000001
25.166666666666668	0.11100000000000002
25.166666666666668	0.11100000000000002
25.166666666666668	0.11100000000000002
25.166666666666668	0.11200000000000002
25.333333333333332	0.11200000000000002
25.333333333333332	0.11200000000000002
25.333333333333332	0.11200000000000002
25.333333333333332	0.11200000000000002
25.333333333333332	0.11300000000000002
25.333333333333332	0.11300000000000002
25.333333333333332	0.11300000000000002
25.333333333333332	0.11400000000000002
25.333333333333332	0.11400000000000002
25.333333333333332	0.11699999999999999
25.5	0.121
25.5	0.119
25.5	0.127
25.5	0.11100000000000002
25.5	0.11200000000000002
25.5	0.093
25.5	0.11600000000000002
25.5	0.11500000000000002
25.5	0.11500000000000002
25.5	0.11600000000000002
25.666666666666668	0.11600000000000002
25.666666666666668	0.11600000000000002
25.666666666666668	0.11699999999999999
25.666666666666668	0.11699999999999999
25.666666666666668	0.118
25.666666666666668	0.119
25.666666666666668	0.121
25.666666666666668	0.121
25.666666666666668	0.122
25.666666666666668	0.123
25.833333333333332	0.123
25.833333333333332	0.124
25.833333333333332	0.124
25.833333333333332	0.124
25.833333333333332	0.124
25.833333333333332	0.125
25.833333333333332	0.125
25.833333333333332	0.126
25.833333333333332	0.126
25.833333333333332	0.126
26.0	0.127
26.0	0.127
26.0	0.127
26.0	0.128
26.0	0.128
26.0	0.128
26.0	0.128
26.0	0.128
26.0	0.128
26.0	0.129
26.166666666666668	0.129
26.166666666666668	0.13
26.166666666666668	0.13
26.166666666666668	0.13
26.166666666666668	0.13
26.166666666666668	0.131
26.166666666666668	0.131
26.166666666666668	0.131
26.166666666666668	0.131
26.166666666666668	0.131
26.333333333333332	0.131
26.333333333333332	0.132
26.333333333333332	0.132
26.333333333333332	0.132
26.333333333333332	0.133
26.333333333333332	0.133
26.333333333333332	0.133
26.333333333333332	0.133
26.333333333333332	0.133
26.333333333333332	0.134
26.5	0.134
26.5	0.135
26.5	0.135
26.5	0.135
26.5	0.135
26.5	0.135
26.5	0.136
26.5	0.136
26.5	0.137
26.5	0.137
26.666666666666668	0.137
26.666666666666668	0.137
26.666666666666668	0.137
26.666666666666668	0.138
26.666666666666668	0.138
26.666666666666668	0.138
26.666666666666668	0.138
26.666666666666668	0.138
26.666666666666668	0.139
26.666666666666668	0.139
26.833333333333332	0.139
26.833333333333332	0.14
26.833333333333332	0.14
26.833333333333332	0.14
26.833333333333332	0.14100000000000001
26.833333333333332	0.14100000000000001
26.833333333333332	0.14100000000000001
26.833333333333332	0.14200000000000002
26.833333333333332	0.14200000000000002
26.833333333333332	0.14200000000000002
27.0	0.14200000000000002
27.0	0.14200000000000002
27.0	0.14300000000000002
27.0	0.14300000000000002
27.0	0.14300000000000002
27.0	0.14400000000000002
27.0	0.14400000000000002
27.0	0.14400000000000002
27.0	0.14400000000000002
27.0	0.14400000000000002
27.166666666666668	0.14600000000000002
27.166666666666668	0.14500000000000002
27.166666666666668	0.14600000000000002
27.166666666666668	0.14600000000000002
27.166666666666668	0.14600000000000002
27.166666666666668	0.14600000000000002
27.166666666666668	0.14700000000000002
27.166666666666668	0.14700000000000002
27.166666666666668	0.14800000000000002
27.166666666666668	0.14800000000000002
27.333333333333332	0.14800000000000002
27.333333333333332	0.14900000000000002
27.333333333333332	0.14900000000000002
27.333333333333332	0.14900000000000002
27.333333333333332	0.14900000000000002
27.333333333333332	0.14900000000000002
27.333333333333332	0.15000000000000002
27.333333333333332	0.15000000000000002
27.333333333333332	0.15000000000000002
27.333333333333332	0.15100000000000002
27.5	0.15100000000000002
27.5	0.15100000000000002
27.5	0.15200000000000002
27.5	0.15200000000000002
27.5	0.15200000000000002
27.5	0.15300000000000002
27.5	0.15300000000000002
27.5	0.15400000000000003
27.5	0.15400000000000003
27.5	0.15400000000000003
27.666666666666668	0.15500000000000003
27.666666666666668	0.15500000000000003
27.666666666666668	0.15500000000000003
27.666666666666668	0.15500000000000003
27.666666666666668	0.15500000000000003
27.666666666666668	0.156
27.666666666666668	0.156
27.666666666666668	0.156
27.666666666666668	0.157
27.666666666666668	0.1573
27.833333333333332	0.1572
27.833333333333332	0.1578
27.833333333333332	0.1582
27.833333333333332	0.1588
27.833333333333332	0.15889999999999999
27.833333333333332	0.15910000000000002
27.833333333333332	0.15910000000000002
27.833333333333332	0.1592
27.833333333333332	0.1597
27.833333333333332	0.16010000000000002
28.0	0.1607
28.0	0.16110000000000002
28.0	0.1617
28.0	0.162
28.0	0.1622
28.0	0.16260000000000002
28.0	0.1629
28.0	0.163
28.0	0.1632
28.0	0.1633
28.166666666666668	0.1637
28.166666666666668	0.1643
28.166666666666668	0.16460000000000002
28.166666666666668	0.165
28.166666666666668	0.16560000000000002
28.166666666666668	0.1659
28.166666666666668	0.16660000000000003
28.166666666666668	0.1669
28.166666666666668	0.167
28.166666666666668	0.1679
28.333333333333332	0.16820000000000002
28.333333333333332	0.1685
28.333333333333332	0.1683
28.333333333333332	0.169
28.333333333333332	0.1691
28.333333333333332	0.1696
28.333333333333332	0.17
28.333333333333332	0.1708
28.333333333333332	0.1708
28.333333333333332	0.1713
28.5	0.17170000000000002
28.5	0.172
28.5	0.17270000000000002
28.5	0.17320000000000002
28.5	0.1733
28.5	0.174
28.5	0.1745
28.5	0.1824
