0.08333666456140539	9.663411331176757e-06
0.10000333080703665	0.025014334563064573
0.1166699970526679	0.05001875448646547
0.13333666329829916	0.0750232635028839
0.1500033295439304	0.10002729504585264
0.16666999578956165	0.12503104623298644
0.18333666203519286	0.15003448591499327
0.20000332828082415	0.1750375573917389
0.21666999452645533	0.20004053122673032
0.23333666077208667	0.22504341676673892
0.250003327017718	0.25004628828849795
0.26666999326334917	0.27504910829772955
0.28333665950898046	0.30005184329872137
0.3000033257546117	0.3250544762447358
0.316669992000243	0.3500571213256837
0.33333665824587416	0.37505966632385257
0.3500033244915055	0.4000621783248903
0.3666699907371367	0.42506479941253666
0.383336656982768	0.4500671648368839
0.4000033232283992	0.47506959034461976
0.4166699894740305	0.5000722017215732
0.4333366557196616	0.5250748670600893
0.450003321965293	0.5500774501876833
0.46666998821092415	0.5750798414211273
0.4833366544565555	0.60008218020134
0.5000033207021867	0.6250843788410185
0.5166699869478181	0.6500863957584381
0.5333366531934493	0.6750883678089143
0.5500033194390804	0.7000902310409547
0.5666699856847117	0.7250922094078063
0.583336651930343	0.7500943009368897
0.6000033181759742	0.775096267609787
0.6166699844216055	0.8000979750671385
0.6333366506672367	0.8250998702323914
0.650003316912868	0.8501018869392394
0.6666699831584991	0.8751039748950956
0.6833366494041305	0.90010606464386
0.7000033156497616	0.9251081136455536
0.716669981895393	0.9501100979919433
0.7333366481410242	0.9751119487197876
0.7500033143866555	1.000113890862656
0.7666699806322869	1.0251160948898315
0.783336646877918	1.0501182402748108
0.8000033131235493	1.0751202609294892
0.8166699793691805	1.1001220324092864
0.8333366456148119	1.1251238891113278
0.850003311860443	1.150125595707321
0.8666699781060744	1.1751272899021148
0.8833366443517056	1.2001289683353422
0.9000033105973368	1.2251308274887087
0.916669976842968	1.2501325766941072
0.9333366430885993	1.2751342798152925
0.9500033093342305	1.3001361413860322
0.9666699755798618	1.3251377605186463
0.9833366418254931	1.350139468968201
1.0000033080711244	1.375141125140381
1.0166699743167555	1.4001427476940156
1.0333366405623867	1.425144278414154
1.0500033068080181	1.4501458807418823
1.0666699730536493	1.4751473263187407
1.0833366392992805	1.500148825192642
1.1000033055449119	1.5251503026863096
1.116669971790543	1.5501519578308103
1.1333366380361742	1.575153512574768
1.1500033042818056	1.6001550528182984
1.1666699705274368	1.6251566689014434
1.183336636773068	1.6501580589672087
1.2000033030186994	1.6751594129798888
1.2166699692643306	1.7001607986862182
1.2333366355099618	1.7251621823760983
1.2500033017555932	1.7501635360054015
1.2666699680012243	1.7751647911548614
1.2833366342468555	1.8001659018802645
1.300003300492487	1.8251671795749664
1.316669966738118	1.8501684214939116
1.3333366329837493	1.87516977349205
1.3500032992293807	1.900171166847992
1.3666699654750118	1.9251725244247435
1.383336631720643	1.9501737362674711
1.4000032979662744	1.975175210570526
1.4166699642119056	2.0001765583576203
1.4333366304575368	2.02517776059494
1.4500032967031682	2.0501789552909853
1.4666699629487994	2.0751802736915588
1.4833366291944305	2.100181301533127
1.500003295440062	2.1251824351184845
1.5166699616856931	2.150183573843002
1.5333366279313243	2.175184532099533
1.5500032941769557	2.2001854590480807
1.5666699604225869	2.225186485126114
1.583336626668218	2.25018738646698
1.6000032929138495	2.275188274674225
1.6166699591594806	2.3001892642177584
1.6333366254051118	2.325190186561203
1.6500032916507432	2.350191103059006
1.666669957896375	2.3751921659053803
1.683336624142005	2.4001931783599857
1.7000032903876368	2.4251942372516635
1.7166699566332684	2.450195213434601
1.7333366228788998	2.4751961277744297
1.7500032891245298	2.5001970570045478
1.7666699553701617	2.5251978989208226
1.7833366216157933	2.5501988136257174
1.800003287861425	2.5751996602531437
1.816669954107055	2.6002006693962096
1.8333366203526866	2.625201523914719
1.8500032865983185	2.650202509764481
1.8666699528439499	2.6752036061714177
1.88333661908958	2.700204451398087
1.9000032853352118	2.725205156913758
1.9166699515808434	2.7502058875972755
1.9333366178264748	2.7752068707672124
1.9500032840721049	2.800207668268204
1.9666699503177367	2.8252085720439917
1.9833366165633683	2.8502094582420354
2.0000032828089997	2.875210203839875
2.01666994905463	2.90021109703064
2.0333366153002617	2.92521195611763
2.0500032815458935	2.950212599104691
2.066669947791525	2.975213285258866
2.083336614037155	3.0002142057178505
2.100003280282787	3.025215215255738
2.1166699465284182	3.050216159638215
2.13333661277405	3.0752170882228858
2.1500032790196797	3.100218412988663
2.1666699452653115	3.125219633518601
2.1833366115109434	3.150220793115235
2.200003277756575	3.175221931303025
2.216669944002205	3.200223163515473
2.2333366102478367	3.2252243128837588
2.250003276493468	3.2502255331478125
2.2666699427391	3.275226498031235
2.28333660898473	3.30022741857872
2.3000032752303614	3.3252281638969423
2.3166699414759933	3.350228867617035
2.333336607721625	3.375229576935196
2.3500032739672547	3.4002305665927888
2.3666699402128866	3.425231567773056
2.3833366064585184	3.4502325188755036
2.40000327270415	3.475233488038254
2.41666993894978	3.500234475530243
2.4333366051954117	3.525235594618225
2.450003271441043	3.5502367051864625
2.466669937686675	3.575237792362976
2.483336603932305	3.6002390931068433
2.5000032701779364	3.625240683842849
2.5166699364235683	3.65024244077797
2.5333366026692	3.67524385535965
2.5500032689148298	3.700245233319473
2.5666699351604616	3.725246668265532
2.5833366014060934	3.7502479055999776
2.600003267651725	3.7752491678611753
2.616669933897355	3.8002503080802925
2.6333366001429868	3.825251440176773
2.650003266388618	3.850252576946259
2.66666993263425	3.8752537281314865
2.68333659887988	3.9002547984642035
2.7000032651255115	3.9252558180702204
2.7166699313711433	3.9502570542404185
2.733336597616775	3.9752581559249878
2.7500032638624066	4.000259318042373
2.7666699301080366	4.02526046576233
2.7833365963536685	4.050261660843659
2.8000032625993	4.07526286596489
2.8166699288449317	4.100264125193023
2.833336595090562	4.125265362519455
2.850003261336193	4.150266779808425
2.866669927581825	4.1752682841465
2.883336593827457	4.200269705381012
2.9000032600730865	4.225271199024583
2.9166699263187184	4.250272472510148
2.93333659256435	4.275273472495273
2.9500032588099816	4.300274483176425
2.9666699250556117	4.325275578359225
2.9833365913012435	4.350276782211687
3.000003257546875	4.375277853705979
3.0166699237925068	4.4002791287197125
3.033336590038137	4.425280299351119
3.0500032562837682	4.450281463909149
3.0666699225294	4.475282596512606
3.083336588775032	4.500283715372088
3.1000032550206615	4.52528483383751
3.1166699212662934	4.550286025623704
3.1333365875119252	4.57528724780121
3.1500032537575566	4.6002885240963
3.1666699200031867	4.625289788165284
3.1833365862488185	4.650291008721544
3.20000325249445	4.675292254460905
3.216669918740082	4.700293560764694
3.233336584985712	4.72529453988037
3.2500032512313433	4.750295629187775
3.266669917476975	4.775296414458467
3.283336583722607	4.800297309460448
3.3000032499682366	4.825298125660705
3.3166699162138684	4.85029902562065
3.3333365824595003	4.875299996339034
3.3500032487051317	4.900301072684478
3.3666699149507617	4.925302077253723
3.3833365811963936	4.950303001020051
3.400003247442025	4.975304125948333
3.416669913687657	5.000305366820909
3.433336579933287	5.0253065548793785
3.4500032461789183	5.050307637325285
3.46666991242455	5.075308761289977
3.483336578670182	5.100309974840163
3.5000032449158116	5.125311307966612
3.5166699111614435	5.150312674180985
3.5333365774070753	5.175314131147384
3.5500032436527063	5.200315992464065
3.5666699098983368	5.225317687925338
3.5833365761439686	5.250319288984678
3.6000032423896	5.275320970969008
3.6166699086352314	5.300322557126616
3.633336574880862	5.325324210485075
3.6500032411264933	5.350325685016633
3.666669907372125	5.375327098585893
3.6833365736177566	5.40032809016304
3.7000032398633866	5.425329237890623
3.7166699061090185	5.4503303036846145
3.7333365723546503	5.475331473456193
3.7500032386002813	5.5003326073554994
3.766669904845912	5.525333512257766
3.7833365710915436	5.550334338914489
3.800003237337175	5.575335206806566
3.8166699035828064	5.600336074311449
3.833336569828437	5.625337094658663
3.8500032360740684	5.650338098485948
3.8666699023197	5.675339311012652
3.8833365685653316	5.7003406386936195
3.9000032348109617	5.725341882284548
3.9166699010565935	5.750343159066774
3.933336567302225	5.775344563765716
3.9500032335478563	5.800345787718965
3.966669899793487	5.825346686796571
3.9833365660391187	5.85034737984238
4.00000323228475	5.875348119064715
4.016669898530382	5.900348828406143
4.033336564776012	5.925349679968264
4.050003231021644	5.950350677925493
4.066669897267275	5.9753517242496486
4.083336563512907	6.000352594047166
4.100003229758537	6.02535350671425
4.1166698960041685	6.050354396478653
4.1333365622497995	6.0753554571643855
4.150003228495431	6.100356649568559
4.166669894741061	6.125357694371033
4.183336560986693	6.15035867133789
4.200003227232325	6.175359685184097
4.216669893477957	6.2003606392169965
4.233336559723587	6.225361688603592
4.250003225969218	6.250362553318406
4.26666989221485	6.275363546959305
4.283336558460482	6.300364646743394
4.300003224706112	6.325365446144485
4.316669890951744	6.350366113982392
4.3333365571973745	6.375366857397463
4.350003223443007	6.4003677371067065
4.3666698896886365	6.425368471757127
4.383336555934268	6.450369165687561
4.4000032221799	6.475369872060778
4.416669888425532	6.50037070278702
4.433336554671161	6.525371454957962
4.450003220916794	6.550372342428207
4.466669887162425	6.57537316806717
4.483336553408057	6.600374006453705
4.500003219653687	6.625374815534972
4.516669885899319	6.650375652608489
4.53333655214495	6.675376564006805
4.550003218390582	6.7003774572299974
4.5666698846362115	6.725378490829848
4.583336550881843	6.7503796204853055
4.600003217127475	6.775380451571274
4.616669883373107	6.800381138357925
4.633336549618736	6.825381954465485
4.650003215864369	6.850382532702254
4.66666988211	6.87538314936409
4.683336548355632	6.900383803702928
4.700003214601262	6.925384642158508
4.716669880846894	6.9503853519916525
4.733336547092525	6.975386150394057
4.750003213338157	7.00038690807419
4.7666698795837865	7.02538767603531
4.783336545829418	7.050388591272355
4.80000321207505	7.075389660756682
4.816669878320682	7.100390629046632
4.833336544566311	7.125391824769974
4.850003210811944	7.1503929703701
4.866669877057575	7.175394076338576
4.883336543303207	7.200395200027465
4.900003209548837	7.225396140573118
4.916669875794469	7.250397000321961
4.9333365420401	7.2753979020793915
4.950003208285732	7.300398833324432
4.9666698745313616	7.325399666190337
4.983336540776993	7.350400599350739
5.000003207022625	7.375401435289002
5.016669873268256	7.400402422432708
5.033336539513886	7.425403396198653
5.050003205759519	7.450404330375292
5.06666987200515	7.475405043376542
5.083336538250781	7.500405840495301
5.100003204496412	7.5254064768825515
5.116669870742044	7.550407196504974
5.133336536987675	7.575407897554396
5.1500032032333065	7.600408779586791
5.166669869478937	7.625409764537812
5.183336535724568	7.650410749399947
5.2000032019702	7.675411714744565
5.216669868215831	7.700412622348787
5.233336534461461	7.725413317161179
5.250003200707094	7.750414058293916
5.266669866952725	7.775415289413072
5.283336533198356	7.8004161443122895
5.300003199443989	7.825417215188979
5.316669865689619	7.850418322852706
5.33333653193525	7.875419199374009
5.3500031981808815	7.900420074111939
5.366669864426513	7.925420850620271
5.3833365306721435	7.950421824272158
5.400003196917775	7.97542284295998
5.416669863163406	8.000423634225466
5.433336529409038	8.025424420767596
5.450003195654669	8.050425386937718
5.4666698619003	8.075426507315068
5.483336528145931	8.100427556414415
5.500003194391564	8.125428546850591
5.516669860637194	8.150429585283282
5.533336526882825	8.17543063768769
5.550003193128457	8.200431727523428
5.566669859374088	8.225432896636205
5.5833365256197185	8.250433985296253
5.60000319186535	8.27543508834725
5.616669858110981	8.300436355844885
5.633336524356613	8.325437345162209
5.650003190602244	8.350438385219961
5.666669856847875	8.375439276503759
5.683336523093506	8.400439958094791
5.700003189339139	8.425440659268958
5.716669855584768	8.450441373164372
5.7333365218304	8.475442244081885
5.750003188076032	8.50044318653527
5.7666698543216635	8.525444074028783
5.783336520567293	8.550444906648641
5.800003186812925	8.575445787753301
5.816669853058556	8.600446684631356
5.833336519304188	8.625447565906532
5.850003185549818	8.650448397538002
5.86666985179545	8.675449362790687
5.883336518041081	8.700450225562674
5.900003184286714	8.725451134544759
5.916669850532343	8.750451894903192
5.933336516777975	8.775452761518867
5.950003183023607	8.800453912439355
5.9666698492692385	8.825455055863197
5.983336515514868	8.850456384202198
6.0000031817605	8.875457424161153
6.016669848006131	8.900458614896777
6.033336514251763	8.92545969557076
6.050003180497393	8.950460799888617
6.066669846743025	8.975461942013174
6.083336512988656	9.000462952431112
6.100003179234289	9.025463936756138
6.116669845479918	9.050464777535256
6.13333651172555	9.075465531394963
6.150003177971182	9.100466219852834
6.1666698442168135	9.12546700721093
6.183336510462443	9.15046774745408
6.200003176708075	9.175468442653282
6.216669842953706	9.200469245495993
6.233336509199338	9.225470150340279
6.250003175444968	9.250470852117544
6.2666698416906	9.275471540409093
6.283336507936231	9.300472227837378
6.300003174181864	9.325473210922244
6.316669840427493	9.350473944429018
6.333336506673125	9.375474706417851
6.350003172918757	9.40047543199921
6.3666698391643886	9.425476126399998
6.383336505410018	9.450476805542378
6.4000031716556505	9.475477575555045
6.416669837901281	9.500478412375264
6.433336504146913	9.52547920057488
6.450003170392543	9.550479939801411
6.466669836638175	9.575480844327549
6.483336502883806	9.600481735882193
6.500003169129439	9.625482782822804
6.516669835375068	9.65048375981827
6.5333365016207	9.675484879290774
6.550003167866332	9.700485943519976
6.566669834111964	9.7254870656662
6.583336500357593	9.75048799335976
6.6000031666032255	9.775489058991628
6.6166698328488565	9.800490062666327
6.633336499094488	9.825491240958028
6.650003165340118	9.850492432614521
6.66666983158575	9.875493613591388
6.683336497831381	9.900494738414766
6.700003164077014	9.92549584110489
6.716669830322643	9.950496605145267
6.733336496568275	9.975497405707552
6.750003162813907	10.000498280708316
6.766669829059539	10.025498972080612
6.783336495305168	10.050499653628158
6.8000031615508005	10.075500423266602
6.8166698277964315	10.10050111260529
6.833336494042063	10.125501864542011
6.850003160287693	10.150502782463075
6.866669826533325	10.175503432083511
6.883336492778956	10.200504245137028
6.900003159024589	10.225505170506286
6.916669825270218	10.25050627901993
6.93333649151585	10.275507302671814
6.950003157761482	10.300508439223481
6.966669824007114	10.32550953019257
6.983336490252743	10.350510612646485
7.000003156498376	10.375511775659565
7.0166698227440065	10.400512846128466
7.033336488989638	10.425514097325518
7.050003155235268	10.450515465374757
7.0666698214809	10.475516575924305
7.083336487726531	10.500517699483494
7.100003153972164	10.52551888029671
7.116669820217793	10.550519929506306
7.133336486463425	10.57552078808365
7.150003152709057	10.600521700425345
7.166669818954689	10.625522893594743
7.183336485200318	10.650523856946949
7.200003151445951	10.675524739467244
7.216669817691582	10.700525744781118
7.233336483937213	10.725527008209234
7.2500031501828435	10.750528263106922
7.266669816428475	10.77552926168213
7.283336482674106	10.800530553781512
7.300003148919739	10.825531964949802
7.316669815165368	10.850533361718755
7.333336481411	10.875535048430255
7.350003147656632	10.900536603582003
7.366669813902264	10.925538070375826
7.383336480147893	10.950539297136693
7.400003146393526	10.975540524818422
7.416669812639157	11.00054159730797
7.433336478884788	11.025542656707005
7.4500031451304185	11.050543659726335
7.46666981137605	11.075544564897157
7.483336477621681	11.100545333901978
7.500003143867314	11.125546158129124
7.516669810112943	11.150546897089768
7.533336476358575	11.175547820314025
7.550003142604207	11.200548630156707
7.566669808849838	11.225549578845596
7.583336475095468	11.250550517214966
7.600003141341101	11.275551608179093
7.616669807586732	11.300552711629107
7.633336473832363	11.325553700032044
7.6500031400779935	11.350554502759934
7.666669806323625	11.375555329165651
7.683336472569256	11.400556415535357
7.700003138814888	11.42555731385193
7.716669805060518	11.450558204513168
7.73333647130615	11.475559446552278
7.750003137551782	11.500560229671478
7.766669803797413	11.525560822775649
7.783336470043043	11.550561466676713
7.800003136288676	11.575562330357364
7.816669802534307	11.600563137429813
7.833336468779938	11.625563887476734
7.85000313502557	11.650564569698334
7.8666698012712	11.675565386705403
7.883336467516831	11.700566241427232
7.900003133762463	11.725567049329758
7.916669800008095	11.750567712046816
7.933336466253725	11.775568284521485
7.950003132499357	11.800569027426526
7.966669798744988	11.825569684169388
7.98333646499062	11.850570416790006
8.00000313123625	11.875570962193297
8.016669797481882	11.900571744039535
8.033336463727514	11.925572569904325
8.050003129973145	11.950573164556504
8.066669796218775	11.975573776631164
8.083336462464407	12.000574408691024
8.100003128710037	12.025574965148921
8.116669794955671	12.05057549298744
8.133336461201301	12.075575890230558
8.150003127446931	12.100576411183924
8.166669793692563	12.125576538897322
8.183336459938195	12.150576840324018
8.200003126183825	12.17557704897499
8.216669792429457	12.200577269586178
8.233336458675089	12.225577700577542
8.25000312492072	12.250578391820522
8.266669791166349	12.275578996015929
8.283336457411982	12.300579435315319
8.300003123657612	12.325579741716002
8.316669789903246	12.350580073942183
8.333336456148874	12.37558027396011
8.350003122394506	12.400580527646254
8.366669788640138	12.425581155500792
8.38333645488577	12.450581617518612
8.4000031211314	12.475582086413953
8.416669787377032	12.500582468139264
8.433336453622664	12.525582706195827
8.450003119868295	12.55058296967506
8.466669786113924	12.575583210522838
8.483336452359557	12.6005837065834
8.500003118605187	12.625584451914971
8.516669784850821	12.650585132696525
8.533336451096451	12.675585894076915
8.550003117342081	12.700586330284114
8.566669783587713	12.725586811660378
8.583336449833345	12.750587421075052
8.600003116078975	12.775587996000667
8.616669782324607	12.800588764761727
8.633336448570239	12.825589556810755
8.650003114815869	12.850590198923108
8.6666697810615	12.875590940291973
8.683336447307132	12.900591690722651
8.700003113552762	12.92559236476745
8.716669779798394	12.950593422023768
8.733336446044026	12.975594470117183
8.750003112289656	13.000595587549585
8.766669778535288	13.025596662870782
8.78333644478092	13.05059764871101
8.80000311102655	13.075598341857525
8.816669777272182	13.100599110954661
8.833336443517814	13.125600058884427
8.850003109763444	13.150601090290065
8.866669776009076	13.175602092289346
8.883336442254707	13.200603056910321
8.900003108500337	13.225603872109215
8.91666977474597	13.250604970334239
8.933336440991601	13.275606032025141
8.950003107237231	13.300607005896374
8.966669773482863	13.325608076160428
8.983336439728495	13.350609068997949
9.000003105974125	13.375610046715922
9.016669772219757	13.400611205772394
9.033336438465389	13.425612165892023
9.050003104711019	13.450613387940594
9.06666977095665	13.475614573225778
9.083336437202282	13.500615701611325
9.100003103447913	13.525616764863583
9.116669769693544	13.55061813684196
9.133336435939176	13.575619182405084
9.150003102184806	13.600620201467128
9.166669768430438	13.625621274611278
9.18333643467607	13.650622212617108
9.2000031009217	13.675623217963405
9.216669767167332	13.700624153664778
9.233336433412964	13.725625238940424
9.250003099658594	13.750626481582637
9.266669765904226	13.775627485395429
9.283336432149857	13.800628640370176
9.300003098395488	13.825629736183545
9.31666976464112	13.850630643772122
9.333336430886751	13.875631568278122
9.350003097132381	13.90063251456642
9.366669763378013	13.92563356522102
9.383336429623645	13.950634538892363
9.400003095869275	13.975635907417296
9.416669762114907	14.000637169564438
9.433336428360539	14.025638514205548
9.450003094606169	14.050639849653242
9.4666697608518	14.075641236521527
9.483336427097433	14.100642733367534
9.500003093343063	14.125644273679733
9.516669759588694	14.150645784134673
9.533336425834326	14.175647225960159
9.550003092079956	14.200648502999876
9.566669758325588	14.225649770737455
9.58333642457122	14.250651008176805
9.60000309081685	14.275652137461472
9.616669757062482	14.300653357115554
9.633336423308114	14.325654602075577
9.650003089553744	14.350655913508987
9.666669755799376	14.3756571768425
9.683336422045008	14.400658246829224
9.700003088290638	14.425659249111174
9.71666975453627	14.450660375459288
9.733336420781901	14.475661732914352
9.750003087027531	14.500663099536132
9.766669753273163	14.52566452089081
9.783336419518795	14.550666006890486
9.800003085764425	14.575667798334122
9.816669752010057	14.60066924322586
9.833336418255689	14.62567062231865
9.850003084501319	14.650671869969559
9.86666975074695	14.67567312483673
9.883336416992583	14.700674299916837
9.900003083238213	14.725675232345196
9.916669749483844	14.750676146814344
9.933336415729476	14.775676956665036
9.950003081975106	14.80067768541679
9.966669748220738	14.825678425383375
9.98333641446637	14.850679150236127
10.000003080712	14.87567982594375
10.016669746957632	14.900680393335719
10.033336413203264	14.925680985057443
10.050003079448894	14.95068142444076
10.066669745694526	14.975681863215632
10.083336411940158	15.00068251948089
10.100003078185788	15.02568335926704
10.11666974443142	15.050684160189812
10.133336410677051	15.075684795552437
10.150003076922681	15.100685374404136
10.166669743168313	15.125685839498514
10.183336409413945	15.150686367458338
10.200003075659575	15.175686860532373
10.216669741905207	15.200687503044504
10.233336408150839	15.225688089540093
10.250003074396469	15.250688564057533
10.2666697406421	15.275689103464883
10.283336406887733	15.300689837850564
10.300003073133363	15.325690603943245
10.316669739378995	15.350691305856316
10.333336405624626	15.375692191941825
10.350003071870256	15.400692771691885
10.366669738115888	15.425693143126669
10.38333640436152	15.450693587597264
10.40000307060715	15.475694121029271
10.416669736852782	15.500695005472936
10.433336403098414	15.525696012842168
10.450003069344044	15.550696874359883
10.466669735589676	15.575697746939838
10.483336401835308	15.60069859278983
10.500003068080938	15.625699274890888
10.51666973432657	15.650699935974487
10.533336400572201	15.6757005150833
10.550003066817832	15.700701297442233
10.566669733063463	15.725702061095415
10.583336399309095	15.750702776249682
10.600003065554725	15.775703322391879
10.616669731800357	15.800703878591143
10.633336398045989	15.825704382736193
10.650003064291619	15.850704902047335
10.66666973053725	15.875705408630356
10.683336396782883	15.900705802444062
10.700003063028513	15.925706080597672
10.716669729274145	15.950706341292939
10.733336395519776	15.975706501823794
10.750003061765407	16.000706563108434
10.766669728011038	16.02570695757979
10.78333639425667	16.050707520540225
10.8000030605023	16.075708125394048
10.816669726747932	16.100708565024174
10.833336392993564	16.125709221532812
10.850003059239194	16.15070967911109
10.866669725484826	16.175710147356405
10.883336391730458	16.20071053008689
10.900003057976088	16.225711006757347
10.91666972422172	16.250711617158117
10.933336390467352	16.275712250113287
10.950003056712982	16.30071285304641
10.966669722958613	16.325713384044256
10.983336389204245	16.35071397945289
11.000003055449875	16.375714404360572
11.016669721695507	16.400714690377043
11.033336387941139	16.425715050999827
11.050003054186769	16.450715415945428
11.066669720432401	16.47571593727836
11.083336386678033	16.50071629634246
11.100003052923663	16.52571678344726
11.116669719169295	16.55071743382072
11.133336385414927	16.575718103151317
11.150003051660557	16.60071878319587
11.166669717906188	16.625719393994135
11.18333638415182	16.65072011946754
11.20000305039745	16.675720646823496
11.216669716643082	16.70072137715225
11.233336382888714	16.725721680773162
11.250003049134344	16.750722020645522
11.266669715379976	16.775722194945907
11.283336381625608	16.800722408195497
11.300003047871238	16.825722624614716
11.31666971411687	16.85072306602249
11.333336380362502	16.8757233754261
11.350003046608132	16.90072382866974
11.366669712853763	16.92572438335457
11.383336379099395	16.950724911465837
11.400003045345025	16.975725551893234
11.416669711590657	17.000726061254884
11.433336377836289	17.025726769405367
11.45000304408192	17.050727706653596
11.466669710327551	17.075728821175385
11.483336376573183	17.100729761318206
11.500003042818813	17.12573048680191
11.516669709064445	17.150731406737137
11.533336375310077	17.17573208855057
11.550003041555707	17.200732560526276
11.566669707801339	17.225732926459504
11.58333637404697	17.250733106587216
11.6000030402926	17.27573347753372
11.616669706538232	17.30073393512802
11.633336372783864	17.325734398943325
11.650003039029494	17.35073491110954
11.666669705275126	17.375735408255
11.683336371520758	17.40073574658508
11.700003037766388	17.425735980165474
11.71666970401202	17.450736235762403
11.733336370257652	17.475736493654626
11.750003036503282	17.50073669595756
11.766669702748914	17.525736909412
11.783336368994545	17.550737241777036
11.800003035240175	17.575737709547425
11.816669701485807	17.600738409421535
11.83333636773144	17.62573909733009
11.85000303397707	17.65073983105659
11.866669700222701	17.675740581088252
11.883336366468333	17.70074096397857
11.900003032713963	17.725741459350964
11.916669698959595	17.75074183893661
11.933336365205227	17.77574239910125
11.950003031450857	17.800742816994468
11.966669697696489	17.825743369890585
11.98333636394212	17.850744011127464
12.00000303018775	17.875744733031837
12.016669696433382	17.900745395999902
12.033336362679014	17.925746166515726
12.050003028924644	17.950746915363304
12.066669695170276	17.975747616160195
12.083336361415908	18.000748370398703
12.100003027661538	18.025749102994528
12.11666969390717	18.050749769033043
12.133336360152802	18.075750344608682
12.150003026398432	18.10075123054847
12.166669692644064	18.125752139911647
12.183336358889695	18.15075280432319
12.200003025135326	18.1757533489582
12.216669691380957	18.200753798398967
12.23333635762659	18.22575444688606
12.25000302387222	18.250755067636106
12.266669690117851	18.275755686473463
12.283336356363483	18.300756292200848
12.300003022609113	18.325756959909054
12.316669688854745	18.350757612619397
12.333336355100377	18.375758247071452
12.350003021346007	18.40075879247703
12.366669687591639	18.425759343981927
12.38333635383727	18.45075966386756
12.4000030200829	18.475759975989142
12.416669686328532	18.500760238484947
12.433336352574164	18.525760541713712
12.450003018819794	18.550760881224438
12.466669685065426	18.5757609764862
12.483336351311058	18.60076139855804
12.500003017556688	18.62576184953231
12.51666968380232	18.650762287383262
12.533336350047952	18.675762655871193
12.550003016293582	18.70076309474868
12.566669682539214	18.725763146374504
12.583336348784846	18.75076334685363
12.600003015030476	18.77576352724647
12.616669681276107	18.80076371439056
12.63333634752174	18.825764018516153
12.65000301376737	18.850764298694987
12.666669680013001	18.87576463218765
12.683336346258633	18.900764980187223
12.700003012504263	18.925765423110196
12.716669678749895	18.95076580665702
12.733336344995527	18.975766396363827
12.750003011241157	19.000767102335356
12.766669677486789	19.02576759414482
12.78333634373242	19.050767992149353
12.80000300997805	19.07576825425949
12.816669676223682	19.100768632819747
12.833336342469314	19.125769207855605
12.850003008714944	19.150769662117003
12.866669674960576	19.17577036479263
12.883336341206208	19.200770992147824
12.900003007451838	19.22577186014633
12.91666967369747	19.25077245251083
12.933336339943102	19.275773038771437
12.950003006188732	19.300773565430067
12.966669672434364	19.325773984065243
12.983336338679996	19.350774530767058
13.000003004925626	19.375775106829835
13.016669671171258	19.400775611862183
13.03333633741689	19.425776410375597
13.05000300366252	19.450777280793385
13.066669669908151	19.47577801986237
13.083336336153783	19.50077880080109
13.100003002399413	19.525779535042954
13.116669668645045	19.550780323390967
13.133336334890677	19.575781071138003
13.150003001136307	19.600781953551106
13.166669667381939	19.625782686441806
13.18333633362757	19.650783564368442
13.2000029998732	19.675784196952826
13.216669666118833	19.700784980572895
13.233336332364464	19.72578578443108
13.250002998610094	19.750786383035663
13.266669664855726	19.775786979467398
13.283336331101358	19.800787738148124
13.300002997346988	19.825788594693762
13.31666966359262	19.850789355917744
13.333336329838252	19.875790073757557
13.350002996083882	19.90079085264588
13.366669662329514	19.92579182765694
13.383336328575146	19.950792787918097
13.400002994820776	19.97579366702004
13.416669661066408	20.0007945280098
13.43333632731204	20.025795542629247
13.45000299355767	20.050796644310765
13.466669659803301	20.075797728068544
13.483336326048933	20.100798864742664
13.500002992294563	20.12580006070366
13.516669658540195	20.150801242034532
13.533336324785827	20.175802393361668
13.550002991031457	20.200803290003968
13.566669657277089	20.225804175441745
13.58333632352272	20.25080523817406
13.60000298976835	20.275806031356048
13.616669656013983	20.300806691826253
13.633336322259614	20.325807623725897
13.650002988505245	20.35080858032151
13.666669654750876	20.37580945060082
13.683336320996508	20.40081030233689
13.700002987242138	20.425811047803883
13.71666965348777	20.45081167096825
13.733336319733402	20.47581242595368
13.750002985979032	20.500813389403156
13.766669652224664	20.525814514346706
13.783336318470296	20.550815443723685
13.800002984715926	20.575816337952812
13.816669650961558	20.600816985036094
13.83333631720719	20.625817701483545
13.85000298345282	20.650818500121694
13.866669649698451	20.675819514725116
13.883336315944083	20.70082058446999
13.900002982189713	20.72582137575722
13.916669648435345	20.750822084675985
13.933336314680977	20.775822822972874
13.950002980926607	20.800823489400106
13.966669647172239	20.82582413709946
13.98333631341787	20.850824727029803
14.0000029796635	20.875825346862797
14.016669645909133	20.900826110130694
14.033336312154765	20.925826749308776
14.050002978400395	20.95082747277069
14.066669644646026	20.97582822103119
14.083336310891658	21.000829186156082
14.100002977137288	21.025830003013613
14.11666964338292	21.050830642336276
14.133336309628552	21.075831370890047
14.150002975874182	21.100832291090395
14.166669642119814	21.125833179961013
14.183336308365446	21.15083380717659
14.200002974611076	21.175834487611006
14.216669640856708	21.200835359432602
14.23333630710234	21.225836432341005
14.25000297334797	21.25083752383423
14.266669639593601	21.275838684316255
14.283336305839233	21.30083967284775
14.300002972084863	21.32584058082352
14.316669638330495	21.350841371210862
14.333336304576127	21.375842204879
14.350002970821757	21.40084294360199
14.366669637067389	21.42584382356529
14.38333630331302	21.450844561255646
14.400002969558651	21.475845458924486
14.416669635804283	21.500846331127548
14.433336302049915	21.525847217964937
14.450002968295545	21.55084790881996
14.466669634541176	21.575848831309134
14.483336300786808	21.60084968304672
14.500002967032438	21.62585062157898
14.51666963327807	21.65085161838379
14.533336299523702	21.6758527760334
14.550002965769332	21.700853951999665
14.566669632014964	21.725855144031527
14.583336298260596	21.75085625255203
14.600002964506226	21.77585716930847
14.616669630751858	21.8008582158802
14.63333629699749	21.82585907676277
14.65000296324312	21.85085983926735
14.666669629488752	21.875860507860946
14.683336295734383	21.90086099842682
14.700002961980013	21.92586159638443
14.716669628225645	21.950862131118015
14.733336294471277	21.975862803528596
14.750002960716907	22.00086353014755
14.766669626962539	22.02586417355881
14.78333629320817	22.050864713097763
14.800002959453801	22.075865233058163
14.816669625699433	22.100865735075377
14.833336291945065	22.125866213399885
14.850002958190695	22.150866827783965
14.866669624436327	22.175867522323987
14.883336290681958	22.200868235989383
14.900002956927588	22.22586923584671
14.91666962317322	22.25087008783302
14.933336289418852	22.275870921246334
14.950002955664482	22.300871690660475
14.966669621910114	22.325872304417032
14.983336288155746	22.350872673302455
15.000002954401376	22.37587319565124
15.016669620647008	22.40087379448547
15.03333628689264	22.425874281864925
15.05000295313827	22.450874808277508
15.066669619383902	22.47587525049438
15.083336285629533	22.50087569347686
15.100002951875164	22.52587612105178
15.116669618120795	22.550876599517817
15.133336284366427	22.575877086230847
15.150002950612057	22.60087765528945
15.166669616857689	22.625878399996182
15.183336283103321	22.65087912024307
15.200002949348951	22.675879853118893
15.216669615594583	22.70088046121864
15.233336281840215	22.725881298709865
15.250002948085845	22.75088236485786
15.266669614331477	22.77588331150741
15.283336280577108	22.800884336027522
15.300002946822739	22.825885587614437
15.31666961306837	22.850886630109404
15.333336279314002	22.875887538708113
15.350002945559632	22.900888456363294
15.366669611805264	22.92588936013412
15.383336278050896	22.950890396005246
15.400002944296526	22.975891272277448
15.416669610542158	23.000892138747023
15.43333627678779	23.0258930889801
15.45000294303342	23.050893915351484
15.466669609279052	23.07589471756096
15.483336275524684	23.100895572326277
15.500002941770314	23.125896493413922
15.516669608015945	23.150897294118497
15.533336274261577	23.17589811901588
15.550002940507207	23.20089912128372
15.56666960675284	23.225900108310313
15.583336272998471	23.250901303130338
15.600002939244101	23.275902404644388
15.616669605489733	23.300903275732797
15.633336271735365	23.325904097664637
15.650002937980995	23.350905258621975
15.666669604226627	23.37590641922874
15.683336270472259	23.400907444411082
15.700002936717889	23.425908576988974
15.71666960296352	23.450909660717002
15.733336269209152	23.475910554466623
15.750002935454782	23.50091145746917
15.766669601700414	23.52591230115661
15.783336267946046	23.55091307883872
15.800002934191676	23.575914056444542
15.816669600437308	23.60091520849723
15.83333626668294	23.62591642368583
15.85000293292857	23.650917657581324
15.866669599174202	23.67591886475066
15.883336265419834	23.700920077624886
15.900002931665464	23.72592120513038
15.916669597911095	23.750922245848837
15.933336264156727	23.77592355190162
15.950002930402357	23.80092481635093
15.96666959664799	23.825926020609277
15.983336262893621	23.850927304993434
16.000002929139253	23.87592852345733
16.016669595384883	23.90092962829246
16.033336261630513	23.925930532189554
16.050002927876147	23.95093146966743
16.066669594121777	23.97593231691627
16.083336260367407	24.000933215229797
16.10000292661304	24.02593388760757
16.11666959285867	24.050934512413022
16.1333362591043	24.075935221614834
16.150002925349934	24.100935957754896
16.166669591595564	24.125936635642237
16.183336257841194	24.150937383378977
16.200002924086828	24.175938079082485
16.216669590332458	24.20093878622703
16.233336256578088	24.225939536648934
16.25000292282372	24.25094012379569
16.266669589069352	24.275940760192103
16.283336255314982	24.30094151303138
16.300002921560615	24.32594203908271
16.316669587806246	24.350942745203394
16.333336254051876	24.37594350361289
16.35000292029751	24.400944151682275
16.36666958654314	24.425944646306604
16.38333625278877	24.450945088751595
16.400002919034403	24.4759457325592
16.416669585280033	24.50094645406761
16.433336251525663	24.525947194704433
16.450002917771297	24.550947547924803
16.466669584016927	24.575947911685944
16.483336250262557	24.60094830083008
16.50000291650819	24.62594869910927
16.51666958275382	24.65094907562523
16.53333624899945	24.675949344209293
16.550002915245084	24.700949487331773
16.566669581490714	24.725949749036026
16.583336247736344	24.75095005223579
16.600002913981978	24.77595037060661
16.616669580227608	24.800950938149256
16.633336246473238	24.825951614121625
16.650002912718872	24.850952308650584
16.6666695789645	24.875953058323663
16.683336245210132	24.900953778200908
16.700002911455766	24.925954339775462
16.7166695777014	24.950954962934485
16.733336243947033	24.975955569018165
16.750002910192652	25.000956245627204
16.766669576438282	25.02595688809203
16.783336242683916	25.05095746046523
16.80000290892955	25.07595824894294
16.816669575175183	25.100958908238592
16.833336241420817	25.125959505574027
16.85000290766645	25.150960064227665
16.866669573912084	25.17596064167479
16.8833362401577	25.20096113248099
16.900002906403333	25.225961763542163
16.916669572648967	25.250962252793872
16.9333362388946	25.275962735584628
16.950002905140234	25.30096308893622
16.966669571385868	25.3259634501747
16.983336237631498	25.350963798694217
17.00000290387713	25.375964275490556
17.01666957012275	25.400964758132538
17.033336236368385	25.425964986137377
17.05000290261402	25.450965136270128
17.06666956885965	25.475965580352387
17.083336235105282	25.50096603679541
17.10000290135092	25.525966533191287
17.11666956759655	25.55096689023932
17.133336233842183	25.57596729909209
17.150002900087802	25.60096778304365
17.166669566333432	25.625968210859664
17.183336232579066	25.650968878036103
17.2000028988247	25.67596950956801
17.216669565070333	25.700970100753004
17.233336231315967	25.725970676457962
17.2500028975616	25.75097132316931
17.266669563807234	25.7759718740444
17.28333623005285	25.800972376031478
17.300002896298484	25.825973021870787
17.316669562544117	25.850973888483793
17.333336228789747	25.875974677738554
17.350002895035384	25.90097535599478
17.366669561281018	25.92597602190779
17.383336227526648	25.950976604336148
17.400002893772285	25.975977162601836
17.4166695600179	26.000977612557204
17.43333622626353	26.025978162542707
17.45000289250917	26.050978672561627
17.4666695587548	26.07597932486647
17.483336225000432	26.100979794391996
17.50000289124607	26.125980346546534
17.5166695574917	26.15098088379896
17.533336223737333	26.175981422070294
17.550002889982952	26.200981953964977
17.566669556228582	26.225982466910914
17.583336222474216	26.250982953020838
17.60000288871985	26.27598338717573
17.616669554965483	26.300983840550977
17.633336221211117	26.325984447161463
17.65000288745675	26.35098546507719
17.666669553702384	26.375986322526153
17.683336219948014	26.40098714433058
17.700002886193634	26.425987728281765
17.716669552439267	26.450988408572364
17.733336218684897	26.475988832427575
17.750002884930534	26.500989376438117
17.766669551176168	26.52598993686674
17.783336217421798	26.550990560399608
17.800002883667435	26.57599111203611
17.816669549913065	26.60099190625303
17.83333621615868	26.625992563264063
17.85000288240432	26.650993331868342
17.86666954864995	26.675994042571617
17.883336214895582	26.700994825342917
17.90000288114122	26.72599559369314
17.91666954738685	26.7509962515949
17.933336213632483	26.775997102049995
17.950002879878117	26.800998000607276
17.966669546123732	26.825998777256366
17.983336212369366	26.850999875986073
18.000002878615	26.87600106708753
18.016669544860633	26.901002082715582
18.033336211106267	26.926003355014778
18.0500028773519	26.951004586746954
18.066669543597534	26.976005842416356
18.083336209843164	27.00100698874204
18.100002876088784	27.02600818715398
18.114166209064333	27.047254141065952
18.114169542397583	27.047259140814948
18.114189542397067	27.047289128237125
18.130856208642697	27.07287807132337
18.147522874888335	27.098493404552435
18.164189541133968	27.12433069256246
18.1808562073796	27.150137752354407
18.197522873625235	27.17579010709875
18.214189539870866	27.201381912139873
18.23085620611648	27.22693538375166
18.24752287236212	27.252506048739985
18.26418953860775	27.278236605613305
18.280856204853382	27.303873839443565
18.29752287109902	27.329465990231682
18.31418953734465	27.35489197698362
18.330856203590283	27.380236686217476
18.347522869835917	27.405737770862935
18.364189536081533	27.431265603223014
18.380856202327166	27.456725844225286
18.3975228685728	27.481986650901387
18.414189534818433	27.50721831149442
18.430856201064067	27.53248132124784
18.4475228673097	27.557782133859227
18.464189533555334	27.582970481634113
18.480856199800964	27.608077768907524
18.497522866046584	27.633131550935722
18.514189532292217	27.65821991410368
18.530856198537847	27.683350598462273
18.547522864783485	27.708440732708336
18.56418953102912	27.73342194031103
18.58085619727475	27.75832691734846
18.597522863520386	27.783201805578976
18.614189529766016	27.808162071436673
18.63085619601163	27.83310316613615
18.64752286225727	27.85803055376585
18.6641895285029	27.882900951208097
18.680856194748532	27.907657589772395
18.69752286099417	27.93237247319067
18.7141895272398	27.957073079787044
18.730856193485433	27.981777521856667
18.747522859731067	28.006430407523705
18.764189525976683	28.031010253278712
18.780856192222316	28.05536507024267
18.79752285846795	28.07980645747106
18.814189524713584	28.104288432877325
18.830856190959214	28.128821859760258
18.84752285720485	28.153303571582388
18.864189523450484	28.177700423391318
18.880856189696114	28.201995196355796
18.897522855941734	28.226255958959175
18.914189522187367	28.250594807278418
18.930856188432998	28.274938553753255
18.947522854678635	28.299261159010673
18.964189520924265	28.323420237002157
18.9808561871699	28.3475505784641
18.997522853415536	28.37165573686597
19.014189519661166	28.39568236257283
19.03085618590678	28.419641047724888
19.04752285215242	28.443574815792818
19.06418951839805	28.467542047170994
19.080856184643682	28.4915188376003
19.097522850889316	28.515487362274527
19.11418951713495	28.539351064317678
19.130856183380583	28.5631361725189
19.147522849626217	28.586934751508306
19.164189515871833	28.6106908212692
19.180856182117466	28.634527125379535
19.1975228483631	28.65830505242574
19.214189514608734	28.68191400374982
19.230856180854364	28.70550407939565
19.2475228471	28.729075225649233
19.264189513345634	28.75265144526021
19.280856179591265	28.776261540483443
19.297522845836884	28.79979799184834
19.314189512082518	28.82317467401044
19.330856178328148	28.846606247782486
19.347522844573785	28.869901900762528
19.364189510819415	28.893085615626497
19.38085617706505	28.916417904376576
19.397522843310686	28.939705855064748
19.414189509556316	28.962930189301655
19.43085617580193	28.98613562634885
19.44752284204757	29.009151852120567
19.4641895082932	29.032223653123832
19.480856174538832	29.055376062107445
19.497522840784466	29.078559778394677
19.5141895070301	29.10157546812742
19.530856173275733	29.124614163578016
19.547522839521367	29.14743065480002
19.564189505766983	29.170422448548113
19.580856172012616	29.19346241553114
19.59752283825825	29.21652092873228
19.614189504503884	29.239442163738232
19.630856170749514	29.262426707536296
19.64752283699515	29.285226832818587
19.664189503240785	29.30800754564627
19.680856169486415	29.330910175314695
19.697522835732034	29.353676284496288
19.714189501977668	29.37642700283964
19.730856168223298	29.398943872372797
19.747522834468935	29.421530637919595
19.764189500714565	29.444189088946892
19.7808561669602	29.466865085565164
19.797522833205836	29.48931425672186
19.814189499451466	29.51167685367048
19.83085616569708	29.534077634531002
19.84752283194272	29.5565449394451
19.86418949818835	29.579085865448747
19.880856164433983	29.601521018486007
19.897522830679616	29.62378962547415
19.91418949692525	29.645938485900484
19.930856163170883	29.668116768713364
19.947522829416517	29.69040691259993
19.964189495662133	29.71276092721594
19.980856161907766	29.735044655944808
19.9975228281534	29.75720279737013
20.014189494399034	29.77926039290426
20.030856160644664	29.80132756668203
20.0475228268903	29.823428735812737
20.064189493135935	29.845488085721186
20.080856159381565	29.867406929186224
20.097522825627184	29.889219763644384
20.114189491872818	29.91081332162435
20.130856158118448	29.932593058903475
20.147522824364085	29.954505552280015
20.164189490609715	29.97643290150334
20.18085615685535	29.998243980440108
20.197522823100986	30.019896442984358
20.214189489346616	30.041482461733597
20.23085615559223	30.063163357602278
20.24752282183787	30.08493672577893
20.2641894880835	30.106697900346724
20.280856154329133	30.12838062682225
20.297522820574766	30.149869519967623
20.3141894868204	30.171335975586675
20.330856153066033	30.192862495949147
20.347522819311667	30.214397659037754
20.364189485557283	30.23579252487104
20.380856151802917	30.25706520377271
20.39752281804855	30.278240931891986
20.414189484294184	30.299483960727667
20.430856150539814	30.320827051036048
20.44752281678545	30.342116437917305
20.464189483031085	30.363256078198216
20.480856149276715	30.38423827910421
20.497522815522334	30.405225213822913
20.514189481767968	30.426270949171425
20.530856148013598	30.4474084914047
20.547522814259235	30.468433725992178
20.564189480504865	30.489317734701128
20.5808561467505	30.51019408609273
20.597522812996136	30.530984352793098
20.614189479241766	30.551865602806068
20.630856145487382	30.57277409632261
20.64752281173302	30.593601150419598
20.66418947797865	30.614310529021054
20.680856144224283	30.63491690090673
20.697522810469916	30.65536998943746
20.71418947671555	30.675908826758935
20.730856142961184	30.6965612533798
20.747522809206817	30.717159283572748
20.764189475452433	30.73761037531507
20.780856141698067	30.757964153106666
20.7975228079437	30.77817478811109
20.814189474189334	30.79852730311735
20.830856140434964	30.818978695002727
20.8475228066806	30.839415020734382
20.864189472926235	30.859741061173608
20.880856139171865	30.87999748637617
20.897522805417484	30.9002201521137
20.914189471663118	30.92046256322591
20.930856137908748	30.940883364197134
20.947522804154385	30.96113569502561
20.964189470400015	30.98131353776319
20.98085613664565	31.00133811871488
20.997522802891286	31.02134784418218
21.014189469136916	31.04136008387525
21.030856135382532	31.061505756244635
21.04752280162817	31.081477616986444
21.0641894678738	31.101384156512047
21.080856134119433	31.12109037481191
21.097522800365066	31.140825147177104
21.1141894666107	31.160730078300457
21.13085613285633	31.18051149627493
21.147522799101967	31.20019533103369
21.164189465347583	31.219706223195626
21.180856131593217	31.23931320861814
21.19752279783885	31.25899428776014
21.214189464084484	31.278723633243157
21.230856130330114	31.298321035737203
21.24752279657575	31.31769281900785
21.26418946282138	31.336968060309957
21.280856129067015	31.35629726361386
21.297522795312634	31.37570199163091
21.314189461558268	31.3951789421314
21.330856127803898	31.41453769517171
21.347522794049535	31.433800401267977
21.364189460295165	31.452960160101288
21.3808561265408	31.47214288989865
21.397522792786432	31.49137479898373
21.414189459032066	31.51064174654652
21.430856125277682	31.529718035753213
21.44752279152332	31.548679795179332
21.46418945776895	31.567402354318965
21.480856124014583	31.586285616372646
21.497522790260216	31.605250936209835
21.51418945650585	31.62429639448048
21.53085612275148	31.643193673226897
21.547522788997117	31.661846906203046
21.564189455242733	31.680514835892833
21.580856121488367	31.699328262100188
21.597522787734	31.71816284964253
21.614189453979634	31.737053443931547
21.630856120225264	31.755867554425784
21.6475227864709	31.77452936366803
21.66418945271653	31.793167840164912
21.680856118962165	31.81177239017102
21.697522785207784	31.83040166788861
21.714189451453418	31.848993403095974
21.730856117699048	31.867461674703183
21.747522783944685	31.88581526022183
21.764189450190315	31.904217910871473
21.78085611643595	31.922715843044248
21.797522782681582	31.941175383007018
21.814189448927216	31.959439774631853
21.830856115172832	31.97760638517682
21.84752278141847	31.995759871522875
21.8641894476641	32.01394821094662
21.880856113909733	32.03223835378568
21.897522780155366	32.05040297576825
21.914189446401	32.068355535794424
21.93085611264663	32.08633535698888
21.947522778892267	32.104174683461736
21.964189445137883	32.12216340106504
21.980856111383517	32.14024362675474
21.99752277762915	32.1582037350269
22.014189443874784	32.17594233387105
22.030856110120414	32.19374865312917
22.04752277636605	32.21142706088865
22.06418944261168	32.22915582593419
22.080856108857315	32.2469430013828
22.097522775102934	32.26473023182981
22.114189441348568	32.28232703201177
22.130856107594198	32.29988170852735
22.147522773839835	32.317188178611346
22.164189440085465	32.334575239764
22.1808561063311	32.35213545884206
22.197522772576733	32.369754552922416
22.214189438822366	32.38710112453191
22.230856105067982	32.404298279424644
22.24752277131362	32.42150331054799
22.26418943755925	32.43882806124761
22.280856103804883	32.45628972806279
22.297522770050517	32.47378897643811
22.31418943629615	32.49114168057973
22.33085610254178	32.50827954267461
22.347522768787417	32.52537286487729
22.364189435033033	32.54248722309148
22.380856101278667	32.559776900202145
22.3975227675243	32.576900255384025
22.414189433769934	32.593987582128484
22.430856100015564	32.61083871285321
22.4475227662612	32.62766417364994
22.46418943250683	32.64466355590244
22.480856098752465	32.66172819422565
22.497522764998084	32.678557946756705
22.514189431243718	32.6952948310928
22.530856097489348	32.711978472305645
22.547522763734985	32.72868562162205
22.564189429980615	32.745516572161065
22.58085609622625	32.76232742153851
22.597522762471883	32.7789098996677
22.614189428717516	32.7953999060186
22.630856094963132	32.811886586860425
22.64752276120877	32.828450495989756
22.6641894274544	32.8450594176332
22.680856093700033	32.86168203177123
22.697522759945667	32.8781387215425
22.7141894261913	32.8943912638246
22.73085609243693	32.910565878311296
22.747522758682567	32.926893124249595
22.764189424928183	32.94323583968272
22.780856091173817	32.95952924462867
22.79752275741945	32.975745640399886
22.814189423665084	32.99161595150542
22.830856089910714	33.007669554752304
22.84752275615635	33.02372263113551
22.86418942240198	33.03984807333255
22.880856088647615	33.05598912170138
22.897522754893235	33.07203578710665
22.914189421138868	33.084529255223316
22.930856087384498	33.09670037202982
22.947522753630135	33.11254292360376
22.964189419875765	33.12848426616625
22.9808560861214	33.14445195056108
22.997522752367033	33.16034064305376
23.014189418612666	33.176125504055726
23.030856084858282	33.19182625987924
23.04752275110392	33.20760269133504
23.06418941734955	33.22341300078996
23.080856083595183	33.239153139006746
23.097522749840817	33.254711562314924
23.11418941608645	33.270206301812685
23.13085608233208	33.285723263832224
23.147522748577718	33.30134348839868
23.164189414823333	33.31686915302786
23.180856081068967	33.332244217684305
23.1975227473146	33.3474536090341
23.214189413560234	33.36267703480905
23.230856079805864	33.377938096014915
23.2475227460515	33.39323858137582
23.26418941229713	33.4085083427564
23.280856078542765	33.42359107503866
23.297522744788385	33.43858365759634
23.314189411034018	33.45359155375284
23.33085607727965	33.46856341808828
23.347522743525285	33.483602845284025
23.364189409770916	33.498623061987246
23.38085607601655	33.51351506739572
23.397522742262183	33.528391049209155
23.414189408507816	33.543089922885265
23.430856074753432	33.557852821158725
23.44752274099907	33.57275309176019
23.4641894072447	33.58761645967954
23.480856073490333	33.60232982208875
23.497522739735967	33.617012102708365
23.5141894059816	33.63149036450036
23.53085607222723	33.64603232757313
23.547522738472868	33.66069123027394
23.564189404718483	33.67538245147259
23.580856070964117	33.68993490980485
23.59752273720975	33.70440029431604
23.614189403455384	33.718764337346585
23.630856069701014	33.73317386871121
23.64752273594665	33.74776504949029
23.66418940219228	33.76230101731084
23.680856068437915	33.77670345101312
23.697522734683535	33.791072540669376
23.71418940092917	33.80538270873712
23.7308560671748	33.819647970953305
23.747522733420436	33.83409966248067
23.764189399666066	33.84843545556176
23.7808560659117	33.862630832088975
23.797522732157333	33.87659433765844
23.814189398402966	33.890683561607105
23.830856064648582	33.90490220670217
23.84752273089422	33.91910130396931
23.86418939713985	33.93309738788179
23.880856063385483	33.9470167199302
23.897522729631117	33.96095485500367
23.91418939587675	33.974949987301564
23.93085606212238	33.98903816275418
23.947522728368018	34.00305175725224
23.964189394613634	34.016889026529235
23.980856060859267	34.030573228713344
23.9975227271049	34.04433580999138
24.014189393350534	34.05816652995235
24.030856059596164	34.072005893505974
24.0475227258418	34.08576812610542
24.06418939208743	34.09942294841416
24.080856058333065	34.1129506817918
24.097522724578685	34.12652626988594
24.11418939082432	34.14018054182885
24.13085605706995	34.15384391597187
24.147522723315586	34.16734704942944
24.164189389561216	34.18066151868584
24.18085605580685	34.193916730632516
24.197522722052483	34.20722958267605
24.214189388298117	34.22060789631912
24.230856054543732	34.23396702647678
24.24752272078937	34.24718800752251
24.264189387035	34.25962284037316
24.280856053280633	34.272603259667704
24.297522719526267	34.285701416805004
24.3141893857719	34.298924413353085
24.33085605201753	34.31209062127583
24.347522718263168	34.325211739166754
24.364189384508784	34.33814063815205
24.380856050754417	34.351101400567174
24.39752271700005	34.3641266765218
24.414189383245684	34.37710955901386
24.430856049491315	34.38993179263393
24.44752271573695	34.402661927068635
24.46418938198258	34.41543435594322
24.480856048228215	34.42821251263953
24.497522714473835	34.44105002958728
24.51418938071947	34.45380720986377
24.5308560469651	34.46645049239055
24.547522713210736	34.47904507141182
24.564189379456366	34.491635070052254
24.580856045702	34.504283327412715
24.597522711947633	34.51698617837249
24.614189378193267	34.52951789869701
24.630856044438882	34.541944301957045
24.64752271068452	34.55435025243808
24.66418937693015	34.566699543843754
24.680856043175783	34.57914839289294
24.697522709421417	34.59158053457462
24.71418937566705	34.60385983222762
24.73085604191268	34.61613619812346
24.747522708158318	34.62830364495517
24.764189374403934	34.640467498061284
24.780856040649567	34.6526903178321
24.7975227068952	34.66491933719493
24.814189373140835	34.67705394557163
24.830856039386465	34.689175611633026
24.8475227056321	34.70104676427318
24.864189371877732	34.71299819811489
24.880856038123365	34.7250594607587
24.897522704368985	34.737137020757785
24.91418937061462	34.74903868470203
24.93085603686025	34.7609290871566
24.947522703105886	34.772711780676566
24.964189369351516	34.78458605608894
24.98085603559715	34.7965506432336
24.997522701842783	34.80844975810558
25.014189368088417	34.820211728443454
25.030856034334033	34.831799496949884
25.04752270057967	34.84339918257363
25.0641893668253	34.85512376908085
25.080856033070933	34.86681938167374
25.097522699316567	34.87842104271672
25.1141893655622	34.88983129944698
25.13085603180783	34.901218181716075
25.147522698053468	34.91263104709389
25.164189364299084	34.92412613840611
25.180856030544717	34.93548048955109
25.19752269679035	34.94679248162549
25.214189363035985	34.95799777275803
25.230856029281615	34.96925452414849
25.247522695527252	34.98059912739155
25.264189361772882	34.992017217438054
25.280856028018516	35.003290907257195
25.297522694264135	35.01443205072205
25.31418936050977	35.025536691135905
25.3308560267554	35.03667598137905
25.347522693001036	35.04785087091514
25.364189359246666	35.05906144945175
25.3808560254923	35.07016452992546
25.397522691737933	35.081119525539314
25.414189357983567	35.09208853040706
25.430856024229183	35.103058049508775
25.44752269047482	35.11406743459236
25.46418935672045	35.12506271370059
25.480856022966083	35.13604394744979
25.497522689211717	35.14680485075179
25.51418935545735	35.15767071208984
25.53085602170298	35.16860342943641
25.547522687948618	35.179448432557976
25.564189354194234	35.19023891501342
25.580856020439867	35.20090926613628
25.5975226866855	35.211503866283714
25.614189352931135	35.22215974331981
25.630856019176765	35.23286675787974
25.647522685422402	35.24351583748332
25.664189351668032	35.25406409769584
25.680856017913666	35.26449546210356
25.697522684159285	35.27492630401107
25.71418935040492	35.2854316719247
25.73085601665055	35.29588496022865
25.747522682896186	35.30629901920997
25.764189349141816	35.31662486589671
25.78085601538745	35.32694848851749
25.797522681633083	35.337311442896755
25.814189347878717	35.34766651561957
25.830856014124333	35.35794411933661
25.84752268036997	35.36815116720553
25.8641893466156	35.37832073097525
25.880856012861233	35.38854234496794
25.897522679106867	35.39876033495264
25.9141893453525	35.40894567289152
25.93085601159813	35.41902482056303
25.947522677843768	35.42905831281614
25.964189344089384	35.43908242787638
25.980856010335017	35.44912368129072
25.99752267658065	35.45922989376154
26.014189342826285	35.46916108551569
26.030856009071915	35.47906457072611
26.047522675317552	35.48882767079134
26.064189341563182	35.49864302099275
26.080856007808816	35.50849036351041
26.097522674054435	35.51832896626004
26.11418934030007	35.52805225187444
26.1308560065457	35.53770677383508
26.147522672791336	35.54718963199662
26.164189339036966	35.556774381288236
26.1808560052826	35.56649361160478
26.197522671528233	35.57613466771039
26.214189337773867	35.58567404166364
26.230856004019483	35.59515108633661
26.24752267026512	35.604606871422284
26.26418933651075	35.61407263932447
26.280856002756384	35.62364082036237
26.297522669002017	35.63310199925317
26.31418933524765	35.64254116914548
26.33085600149328	35.65186790339116
26.347522667738918	35.66120943190983
26.364189333984534	35.67061570340756
26.380856000230168	35.679961456349645
26.3975226664758	35.689214778225214
26.414189332721435	35.69828872820519
26.430855998967065	35.70741576045578
26.447522665212702	35.716650718242526
26.464189331458332	35.72581652255752
26.480855997703966	35.7348771183028
26.497522663949585	35.74387401343124
26.51418933019522	35.75292773995082
26.53085599644085	35.76202018904731
26.547522662686486	35.77109567451961
26.564189328932116	35.780104480659176
26.58085599517775	35.789048357532764
26.597522661423383	35.79788923589085
26.614189327669017	35.80680825357521
26.630855993914633	35.815743082347566
26.64752266016027	35.82460536294716
26.6641893264059	35.83336214659203
26.680855992651534	35.84204978825138
26.697522658897167	35.85069554460858
26.7141893251428	35.859388822479325
26.73085599138843	35.86809997005145
26.747522657634068	35.87677163698738
26.764189323879684	35.88540470757797
26.780855990125318	35.89380533470666
26.79752265637095	35.90234363678091
26.814189322616585	35.91090543013609
26.830855988862215	35.91949426906278
26.847522655107852	35.92803006936014
26.864189321353482	35.93649456966188
26.880855987599116	35.94474085295446
26.897522653844735	35.95311440307042
26.91418932009037	35.96157187520578
26.930855986336	35.96998427807978
26.947522652581636	35.978333440876845
26.964189318827266	35.98658563883312
26.9808559850729	35.99479388281286
26.997522651318533	36.00304620408742
27.014189317564167	36.0113284596685
27.030855983809783	36.01952150900904
27.047522650055416	36.02765308919731
27.06418931630105	36.035739853618786
27.080855982546684	36.04380438265121
27.097522648792317	36.05191964020134
27.11418931503795	36.06003011670988
27.13085598128358	36.06797372384088
27.147522647529218	36.0758991422462
27.164189313774834	36.08373254189469
27.180855980020464	36.0916405273382
27.1975226462661	36.09960404321153
27.214189312511735	36.10752979973753
27.230855978757365	36.11535356768033
27.247522645003002	36.12315842328344
27.264189311248632	36.13090869105365
27.280855977494266	36.1386817655755
27.297522643739885	36.14644481122836
27.314189309985515	36.154216579717804
27.33085597623115	36.16193160742986
27.347522642476786	36.169642238662874
27.364189308722416	36.17724266342601
27.38085597496805	36.18481044010867
27.397522641213683	36.192438293243114
27.414189307459317	36.20009320557505
27.430855973704933	36.207695819152626
27.447522639950567	36.215210701020496
27.4641893061962	36.222560213617406
27.480855972441834	36.23001932694204
27.497522638687467	36.23754797396075
27.5141893049331	36.24515680940043
27.53085597117873	36.25260673462437
27.54752263742437	36.260076431154886
27.564189303669984	36.267418712872946
27.580855969915614	36.274813615162444
27.59752263616125	36.282253923187525
27.614189302406885	36.289684031167944
27.630855968652515	36.29700980087393
27.647522634898152	36.304263178819056
27.664189301143782	36.311500592483114
27.680855967389416	36.318765580351524
27.697522633635035	36.32608139155146
27.714189299880665	36.33333430818488
27.7308559661263	36.340496760629335
27.747522632371936	36.34761426865517
27.764189298617566	36.35475983522802
27.7808559648632	36.361998225332535
27.797522631108833	36.369102135040634
27.814189297354467	36.3761574031187
27.830855963600083	36.383065769340504
27.847522629845717	36.39005187593962
27.86418929609135	36.39705189188202
27.880855962336984	36.4041000830547
27.897522628582617	36.41110593323094
27.91418929482825	36.41803116675451
27.93085596107388	36.4248724806608
27.94752262731952	36.43175891360642
27.964189293565134	36.43867336375033
27.980855959810764	36.44558643199709
27.9975226260564	36.45242773433719
28.014189292302035	36.45919257713676
28.030855958547665	36.465917469460635
28.047522624793302	36.47263669846225
28.064189291038932	36.47937765406853
28.080855957284566	36.48613823909165
28.097522623530185	36.49282911773734
28.114189289775815	36.49936804024702
28.13085595602145	36.50589076178625
28.147522622267086	36.512512209569124
28.164189288512716	36.51915999918726
28.18085595475835	36.52582960374725
28.197522621003984	36.53245525814777
28.214189287249617	36.53896870758614
28.230855953495233	36.545505310849535
28.247522619740867	36.55206027693669
28.2641892859865	36.558600118628654
28.280855952232134	36.56506687536561
28.297522618477768	36.57150561783013
28.3141892847234	36.5778511815582
28.33085595096903	36.58419484545791
28.34752261721467	36.59060528209674
28.364189283460284	36.59696663411624
28.380855949705914	36.60324830099075
28.39752261595155	36.60945318851562
28.414189282197185	36.6156977742913
28.430855948442815	36.62195707353607
28.447522614688452	36.62824806021525
28.464189280934082	36.634481899643774
28.480855947179716	36.64062337440114
28.497522613425335	36.64672886323411
28.514189279670966	36.65285214746425
28.5308559459166	36.65903891546387
28.547522612162236	36.66522019512784
28.564189278407866	36.67134339791647
28.5808559446535	36.67743318410575
28.597522610899134	36.68347653631485
28.614189277144767	36.68951523791041
28.630855943390383	36.69558387192817
28.647522609636017	36.701621151433635
28.66418927588165	36.70757346688974
28.680855942127284	36.71355831769433
28.697522608372918	36.719454518086316
28.71418927461855	36.72533007430301
28.73085594086418	36.731249127030416
28.74752260710982	36.737175996263844
28.764189273355434	36.74305995476749
28.780855939601064	36.7488710385574
28.7975226058467	36.75460153407923
28.814189272092335	36.76038586026981
28.830855938337965	36.76621169228007
28.847522604583602	36.772079220613335
28.864189270829232	36.77787497729967
28.880855937074866	36.78364874331213
28.897522603320486	36.7893687361774
28.914189269566116	36.79508582108752
28.93085593581175	36.80086283636051
28.947522602057386	36.80658724071291
28.964189268303016	36.812283325902506
28.98085593454865	36.81786997982621
28.997522600794284	36.823454063915044
29.014189267039917	36.82907606734474
29.030855933285533	36.83478483203991
29.047522599531167	36.84038647291503
29.0641892657768	36.8459448683706
29.080855932022434	36.85142998441653
29.097522598268068	36.856966163423216
29.1141892645137	36.86254930135246
29.13085593075933	36.86803044468066
29.14752259700497	36.873487475577036
29.164189263250584	36.87886868689343
29.180855929496214	36.88430901107803
29.19752259574185	36.88978067526956
29.214189261987485	36.89525162008062
29.230855928233115	36.90065178813117
29.247522594478752	36.90602794376198
29.264189260724383	36.9113694517224
29.280855926970016	36.91676247721276
29.297522593215636	36.922172075912705
29.314189259461266	36.92753855720478
29.3308559257069	36.932858825439205
29.347522591952533	36.93813068935887
29.364189258198166	36.943381477832766
29.3808559244438	36.94863611927074
29.397522590689434	36.95390605906128
29.414189256935067	36.95917750811982
29.430855923180683	36.96439313338675
29.447522589426317	36.96943503466926
29.46418925567195	36.97453650935596
29.48085592191758	36.97966585973002
29.497522588163218	36.98484108912691
29.51418925440885	36.9900271822041
29.53085592065448	36.99515802058682
29.54752258690012	37.00018420432542
29.564189253145734	37.005257045502795
29.580855919391364	37.01036190790343
29.597522585637	37.015449252333696
29.61418925188263	37.02050443568988
29.630855918128265	37.02549406735883
29.647522584373903	37.03044818435529
29.664189250619533	37.035444632296894
29.680855916865166	37.040455856578
29.697522583110786	37.0454266468098
29.714189249356416	37.05031401411701
29.73085591560205	37.05517591268961
29.747522581847683	37.060066974398076
29.764189248093317	37.06495767863986
29.78085591433895	37.06986621020991
29.797522580584584	37.074696833032164
29.814189246830217	37.079489619506234
29.830855913075833	37.084268269360116
29.847522579321467	37.08906562614607
29.8641892455671	37.093904084572735
29.88085591181273	37.09871338813279
29.897522578058368	37.10346144740759
29.914189244304	37.10819746687885
29.93085591054963	37.11289908377301
29.94752257679527	37.117598616836965
29.9641892430409	37.12235348933528
29.980855909286515	37.12708378529154
29.99752257553215	37.13178827082316
30.014189241777782	37.13647776621707
30.030855908023415	37.14109987488646
30.047522574269053	37.14571461980927
30.064189240514683	37.150345415805845
30.080855906760316	37.154990467401156
30.09752257300595	37.159589959538
30.114189239251566	37.164124797914845
30.1308559054972	37.168567504007186
30.147522571742833	37.173092959204816
30.164189237988467	37.17767753590961
30.1808559042341	37.18228389115147
30.197522570479734	37.186827630525144
30.214189236725367	37.19134021009392
30.230855902970998	37.19582374181587
30.247522569216617	37.20031323732111
30.26418923546225	37.204857714531926
30.28085590170788	37.20937987045703
30.297522567953518	37.213848232361535
30.31418923419915	37.218238963073574
30.33085590044478	37.22262546782707
30.34752256669042	37.22706353489432
30.36418923293605	37.231492580067275
30.380855899181665	37.235888199740344
30.397522565427302	37.240219024650614
30.414189231672932	37.24454212466594
30.430855897918565	37.248897686841616
30.447522564164203	37.25329227993425
30.464189230409833	37.257627256737734
30.480855896655466	37.261928360480255
30.4975225629011	37.26615472672396
30.514189229146716	37.27043958736476
30.53085589539235	37.274739385067825
30.547522561637983	37.27906282002964
30.564189227883617	37.28335859666212
30.58085589412925	37.28761044399576
30.597522560374884	37.29182678173411
30.614189226620518	37.29606612069589
30.630855892866148	37.30032967237045
30.647522559111767	37.30460921505655
30.6641892253574	37.30882388534979
30.68085589160303	37.31297946454768
30.697522557848668	37.31712175046171
30.7141892240943	37.32127234741872
30.73085589033993	37.32543307798251
30.74752255658557	37.32958945304316
30.7641892228312	37.33370877044347
30.780855889076815	37.33773377184054
30.797522555322452	37.34182672754343
30.814189221568082	37.34593985617085
30.830855887813716	37.3500681717986
30.847522554059353	37.35414904800276
30.864189220304983	37.35820837001779
30.880855886550616	37.36221809878145
30.89752255279625	37.366235094694865
30.914189219041866	37.3702779216436
30.9308558852875	37.3743038649978
30.947522551533133	37.37828696278183
30.964189217778767	37.38222055015402
30.9808558840244	37.3861718071798
30.997522550270034	37.39015530366268
31.014189216515668	37.394131598922385
31.030855882761298	37.39806266901477
31.047522549006917	37.401970376988395
31.06418921525255	37.40590068608887
31.08085588149818	37.40982489511834
31.097522547743818	37.41377516921535
31.11418921398945	37.417664774220086
31.13085588023508	37.42151737476211
31.14752254648072	37.42534629758513
31.16418921272635	37.42914664176138
31.180855878971965	37.432990462190226
31.197522545217602	37.4368256297716
31.214189211463232	37.44060993419966
31.230855877708866	37.44437244572582
31.247522543954503	37.44812075777323
31.264189210200133	37.45184527718298
31.280855876445766	37.4556306359466
31.2975225426914	37.459391744460746
31.314189208937016	37.463121568588576
31.33085587518265	37.466853218348724
31.347522541428283	37.470535052019734
31.364189207673917	37.47419924415754
31.38085587391955	37.47789601222046
31.397522540165184	37.48161378585614
31.414189206410818	37.4853023328537
31.430855872656448	37.48899214770825
31.447522538902067	37.49258984467115
31.4641892051477	37.49622360465478
31.48085587139333	37.499918742043526
31.497522537638968	37.503614968753794
31.5141892038846	37.50725871601132
31.53085587013023	37.51088538267922
31.54752253637587	37.51449076826586
31.5641892026215	37.51810597759918
31.580855868867115	37.52176493666545
31.597522535112752	37.52536643798159
31.614189201358382	37.52895329950648
31.630855867604016	37.532470504914
31.64752253384965	37.536008819231846
31.664189200095283	37.539569176014744
31.680855866340917	37.54310427670688
31.69752253258655	37.54661722485455
31.714189198832166	37.55008396732346
31.7308558650778	37.553557147227004
31.747522531323433	37.557037454418825
31.764189197569067	37.56053761437064
31.780855863814697	37.56399503601964
31.797522530060334	37.567426795879214
31.814189196305968	37.57082307007446
31.830855862551598	37.57426269875493
31.847522528797217	37.57769817147199
31.86418919504285	37.58115004025555
31.874852528106818	37.583338019036766
31.874855861440064	37.58333870069536
31.87566252808635	37.58333870069536
31.89232919433198	37.58333870069536
31.908995860577615	37.58333870069536
31.925662526823235	37.58333870069536
31.94232919306887	37.58333870069536
31.9589958593145	37.58333870069536
31.975662525560136	37.58333870069536
31.992329191805766	37.58333870069536
32.0089958580514	37.58333870069536
32.02566252429703	37.58333870069536
32.04232919054267	37.58333870069536
32.058995856788286	37.58333870069536
32.07566252303392	37.58333870069536
32.092329189279546	37.58333870069536
32.10899585552519	37.58333870069536
32.12566252177081	37.58333870069536
32.142329188016454	37.58333870069536
32.15899585426208	37.58333870069536
32.175662520507714	37.58333870069536
32.192329186753334	37.58333870069536
32.20899585299897	37.58333870069536
32.2256625192446	37.58333870069536
32.242329185490235	37.58333870069536
32.25899585173587	37.58333870069536
32.2756625179815	37.58333870069536
32.292329184227135	37.58333870069536
32.30899585047277	37.58333870069536
32.32566251671838	37.58333870069536
32.342329182964015	37.58333870069536
32.35899584920965	37.58333870069536
32.37566251545528	37.58333870069536
32.392329181700916	37.58333870069536
32.40899584794655	37.58333870069536
32.42566251419218	37.58333870069536
32.44232918043782	37.58333870069536
32.458995846683436	37.58333870069536
32.47566251292907	37.58333870069536
32.492329179174696	37.58333870069536
32.50899584542034	37.58333870069536
32.52566251166596	37.58333870069536
32.542329177911604	37.58333870069536
32.55899584415723	37.58333870069536
32.575662510402864	37.58333870069536
32.592329176648484	37.58333870069536
32.60899584289412	37.58333870069536
32.62566250913975	37.58333870069536
32.642329175385385	37.58333870069536
32.65899584163102	37.58333870069536
32.67566250787665	37.58333870069536
32.692329174122285	37.58333870069536
32.70899584036792	37.58333870069536
32.72566250661353	37.58333870069536
32.742329172859165	37.58333870069536
32.7589958391048	37.58333870069536
32.77566250535043	37.58333870069536
32.792329171596066	37.58333870069536
32.8089958378417	37.58333870069536
32.82566250408733	37.58333870069536
32.84232917033297	37.58333870069536
32.858995836578586	37.58333870069536
32.87566250282422	37.58333870069536
32.892329169069846	37.58333870069536
32.90899583531549	37.58333870069536
32.92566250156111	37.58333870069536
32.942329167806754	37.58333870069536
32.95899583405238	37.58333870069536
32.975662500298014	37.58333870069536
32.992329166543634	37.58333870069536
33.00899583278927	37.58333870069536
33.0256624990349	37.58333870069536
33.042329165280535	37.58333870069536
33.05899583152617	37.58333870069536
33.0756624977718	37.58333870069536
33.092329164017436	37.58333870069536
33.10899583026307	37.58333870069536
33.12566249650868	37.58333870069536
33.142329162754315	37.58333870069536
33.15899582899995	37.58333870069536
33.17566249524558	37.58333870069536
33.192329161491216	37.58333870069536
33.20899582773685	37.58333870069536
33.22566249398248	37.58333870069536
33.24232916022812	37.58333870069536
33.258995826473736	37.58333870069536
33.27566249271937	37.58333870069536
33.292329158964996	37.58333870069536
33.30899582521064	37.58333870069536
33.325662491456264	37.58333870069536
33.342329157701904	37.58333870069536
33.35899582394753	37.58333870069536
33.375662490193164	37.58333870069536
33.392329156438784	37.58333870069536
33.40899582268442	37.58333870069536
33.42566248893005	37.58333870069536
33.442329155175685	37.58333870069536
33.45899582142132	37.58333870069536
33.47566248766695	37.58333870069536
33.492329153912586	37.58333870069536
33.50899582015822	37.58333870069536
33.52566248640383	37.58333870069536
33.542329152649465	37.58333870069536
33.5589958188951	37.58333870069536
33.57566248514073	37.58333870069536
33.592329151386366	37.58333870069536
33.608995817632	37.58333870069536
33.62566248387763	37.58333870069536
33.64232915012327	37.58333870069536
33.658995816368886	37.58333870069536
33.67566248261452	37.58333870069536
33.692329148860146	37.58333870069536
33.70899581510579	37.58333870069536
33.725662481351414	37.58333870069536
33.742329147597054	37.58333870069536
33.75899581384268	37.58333870069536
33.775662480088315	37.58333870069536
33.792329146333934	37.58333870069536
33.80899581257957	37.58333870069536
33.8256624788252	37.58333870069536
33.842329145070835	37.58333870069536
33.85899581131647	37.58333870069536
33.8756624775621	37.58333870069536
33.892329143807736	37.58333870069536
33.90899581005337	37.58333870069536
33.92566247629898	37.58333870069536
33.942329142544615	37.58333870069536
33.95899580879025	37.58333870069536
33.97566247503588	37.58333870069536
33.992329141281516	37.58333870069536
34.00899580752715	37.58333870069536
34.02566247377278	37.58333870069536
34.04232914001842	37.58333870069536
34.058995806264036	37.58333870069536
34.07566247250967	37.58333870069536
34.0923291387553	37.58333870069536
34.10899580500094	37.58333870069536
34.125662471246564	37.58333870069536
34.1423291374922	37.58333870069536
34.15899580373784	37.58333870069536
34.175662469983465	37.58333870069536
34.192329136229084	37.58333870069536
34.20899580247472	37.58333870069536
34.22566246872035	37.58333870069536
34.242329134965985	37.58333870069536
34.25899580121162	37.58333870069536
34.275662467457245	37.58333870069536
34.292329133702886	37.58333870069536
34.30899579994852	37.58333870069536
34.32566246619413	37.58333870069536
34.342329132439765	37.58333870069536
34.358995798685406	37.58333870069536
34.37566246493103	37.58333870069536
34.392329131176666	37.58333870069536
34.4089957974223	37.58333870069536
34.42566246366793	37.58333870069536
34.44232912991357	37.58333870069536
34.458995796159186	37.58333870069536
34.47566246240481	37.58333870069536
34.492329128650454	37.58333870069536
34.50899579489609	37.58333870069536
34.525662461141714	37.58333870069536
34.54232912738735	37.58333870069536
34.55899579363299	37.58333870069536
34.575662459878615	37.58333870069536
34.592329126124234	37.58333870069536
34.60899579236987	37.58333870069536
34.6256624586155	37.58333870069536
34.642329124861135	37.58333870069536
34.65899579110677	37.58333870069536
34.675662457352395	37.58333870069536
34.692329123598036	37.58333870069536
34.70899578984367	37.58333870069536
34.72566245608928	37.58333870069536
34.742329122334915	37.58333870069536
34.758995788580556	37.58333870069536
34.77566245482618	37.58333870069536
34.792329121071816	37.58333870069536
34.80899578731745	37.58333870069536
34.82566245356308	37.58333870069536
34.84232911980872	37.58333870069536
34.85899578605434	37.58333870069536
34.87566245229996	37.58333870069536
34.892329118545604	37.58333870069536
34.90899578479124	37.58333870069536
34.925662451036864	37.58333870069536
34.9423291172825	37.58333870069536
34.95899578352814	37.58333870069536
34.975662449773765	37.58333870069536
34.992329116019384	37.58333870069536
