0.058333333333333334	0.0
0.11666666666666667	1.0277000000000953
0.175	2.108900000000176
0.23333333333333334	2.9702000000002045
0.2916666666666667	2.9504000000001724
0.35	2.128900000000158
0.4083333333333333	2.1864000000000487
0.4666666666666667	1.9308000000000902
0.525	1.6395000000002256
0.5833333333333334	2.263500000000022
0.6416666666666667	2.413400000000138
0.7	2.3944000000001324
0.7583333333333333	2.235700000000179
0.8166666666666667	-0.353099999999813
0.875	-13.0317
0.9333333333333333	-14.142999999999802
0.9916666666666667	-14.90039999999999
1.05	-15.909199999999828
1.1083333333333334	-17.499799999999823
1.1666666666666667	-16.334899999999834
1.225	-17.42619999999988
1.2833333333333334	-16.631099999999833
1.3416666666666666	-17.14799999999991
1.4	-16.89319999999998
1.4583333333333333	-17.374799999999823
1.5166666666666666	-18.8753999999999
1.575	-19.124799999999823
1.6333333333333333	-18.552299999999832
1.6916666666666667	-18.354499999999916
1.75	-19.04249999999979
1.8083333333333333	-18.33479999999986
1.8666666666666667	-19.67139999999995
1.925	-19.69769999999994
1.9833333333333334	-19.0933
2.0416666666666665	-20.10719999999992
2.1	-19.448499999999967
2.158333333333333	-20.347299999999905
2.216666666666667	-20.739199999999983
2.275	-20.735599999999977
2.3333333333333335	-20.00149999999985
2.3916666666666666	-20.57269999999994
2.45	-20.191699999999855
2.5083333333333333	-21.230099999999993
2.566666666666667	-21.077699999999822
2.625	-20.865499999999884
2.683333333333333	-21.965099999999893
2.7416666666666667	-20.99519999999984
2.8	-21.620899999999892
2.8583333333333334	-22.236999999999853
2.9166666666666665	-22.019199999999955
2.975	-21.540899999999965
3.033333333333333	-21.82679999999982
3.091666666666667	-21.43529999999987
3.15	-22.24709999999982
3.2083333333333335	-22.9391999999998
3.2666666666666666	-22.56769999999983
3.325	-22.615899999999783
3.3833333333333333	-22.567999999999984
3.441666666666667	-22.883099999999786
3.5	-23.50429999999983
3.558333333333333	-21.537099999999782
3.6166666666666667	-21.962999999999965
3.675	-22.15379999999982
3.7333333333333334	-23.402899999999818
3.7916666666666665	-22.781499999999824
3.85	-23.50429999999983
3.908333333333333	-23.103099999999813
3.966666666666667	-23.07459999999992
4.025	-22.49059999999986
4.083333333333333	-22.233599999999797
4.141666666666667	-22.191299999999956
4.2	-23.84089999999992
4.258333333333334	-23.47369999999978
4.316666666666666	-23.397899999999936
4.375	-24.36279999999988
4.433333333333334	-23.120899999999892
4.491666666666666	-24.3304999999998
4.55	-24.18029999999999
4.608333333333333	-23.270899999999983
4.666666666666667	-23.909599999999955
4.725	-23.621099999999842
4.783333333333333	-25.533699999999953
4.841666666666667	-25.273599999999988
4.9	-25.6728999999998
4.958333333333333	-26.005999999999858
5.016666666666667	-26.02209999999991
5.075	-25.730999999999995
5.133333333333334	-24.14749999999981
5.191666666666666	-25.393499999999904
5.25	-25.94489999999996
5.308333333333334	-26.322799999999916
5.366666666666666	-24.164999999999964
5.425	-23.551699999999983
5.483333333333333	-24.71889999999985
5.541666666666667	-24.62039999999979
5.6	-24.196699999999964
5.658333333333333	-25.22889999999984
5.716666666666667	-24.607699999999795
5.775	-24.976399999999785
5.833333333333333	-25.076899999999796
5.891666666666667	-24.520099999999957
5.95	-25.46629999999982
6.008333333333334	-24.439699999999903
6.066666666666666	-24.791099999999915
6.125	-25.350299999999834
6.183333333333334	-24.716199999999844
6.241666666666666	-25.435699999999997
6.3	-25.870999999999867
6.358333333333333	-26.361899999999878
6.416666666666667	-25.634599999999864
6.475	-25.113799999999856
6.533333333333333	-25.25779999999986
6.591666666666667	-26.277399999999943
6.65	-24.997499999999945
6.708333333333333	-25.887499999999818
6.766666666666667	-26.283499999999776
6.825	-26.69289999999978
6.883333333333334	-27.02689999999984
6.941666666666666	-26.062399999999798
7.0	-26.01079999999979
7.058333333333334	-27.030399999999872
7.116666666666666	-26.78819999999996
7.175	-25.98199999999997
7.233333333333333	-26.485599999999977
7.291666666666667	-26.506599999999935
7.35	-26.30139999999983
7.408333333333333	-26.44549999999981
7.466666666666667	-27.110799999999927
7.525	-26.822799999999916
7.583333333333333	-27.5329999999999
7.641666666666667	-26.97259999999983
7.7	-27.17569999999978
7.758333333333334	-27.816899999999805
7.816666666666666	-26.833499999999958
7.875	-27.802599999999984
7.933333333333334	-27.55249999999978
7.991666666666666	-26.964899999999943
8.05	-28.402399999999943
8.108333333333333	-27.76859999999988
8.166666666666666	-27.902899999999818
8.225	-27.776399999999967
8.283333333333333	-28.010699999999815
8.341666666666667	-28.178399999999783
8.4	-27.696699999999964
8.458333333333334	-28.21199999999999
8.516666666666667	-27.674499999999853
8.575	-28.985599999999977
8.633333333333333	-27.530099999999948
8.691666666666666	-28.199699999999893
8.75	-28.702799999999797
8.808333333333334	-28.05069999999978
8.866666666666667	-28.320799999999963
8.925	-28.15209999999979
8.983333333333333	-28.864499999999907
9.041666666666666	-28.7679999999998
9.1	-28.759199999999964
9.158333333333333	-28.39359999999988
9.216666666666667	-29.09779999999978
9.275	-29.213199999999915
9.333333333333334	-28.892199999999775
9.391666666666667	-28.589999999999918
9.45	-29.605699999999842
9.508333333333333	-29.881599999999935
9.566666666666666	-28.836099999999988
9.625	-29.183099999999968
9.683333333333334	-28.65599999999995
9.741666666666667	-28.784599999999955
9.8	-29.092299999999796
9.858333333333333	-28.464899999999943
9.916666666666666	-29.08239999999978
9.975	-29.780699999999797
10.033333333333333	-28.868099999999913
10.091666666666667	-28.853799999999865
10.15	-29.828599999999824
10.208333333333334	-28.27539999999999
10.266666666666667	-29.186899999999923
10.325	-28.948399999999992
10.383333333333333	-29.335399999999936
10.441666666666666	-29.093099999999822
10.5	-29.381399999999985
10.558333333333334	-29.37559999999985
10.616666666666667	-29.842399999999998
10.675	-29.38519999999994
10.733333333333333	-30.149199999999837
10.791666666666666	-29.175899999999956
10.85	-29.20979999999986
10.908333333333333	-29.076899999999796
10.966666666666667	-29.71589999999992
11.025	-30.17969999999991
11.083333333333334	-30.040699999999788
11.141666666666667	-30.381099999999833
11.2	-30.756299999999783
11.258333333333333	-30.048699999999826
11.316666666666666	-30.68139999999994
11.375	-29.5788
11.433333333333334	-30.636999999999944
11.491666666666667	-29.883299999999963
11.55	-29.616399999999885
11.608333333333333	-30.3295999999998
11.666666666666666	-30.145099999999957
11.725	-28.877399999999852
11.783333333333333	-30.47939999999994
11.841666666666667	-29.86559999999986
11.9	-30.5795999999998
11.958333333333334	-30.199899999999843
12.016666666666667	-29.727899999999863
12.075	-30.47329999999988
12.133333333333333	-30.089099999999917
12.191666666666666	-29.815099999999802
12.25	-30.562199999999848
12.308333333333334	-29.292799999999943
12.366666666666667	-29.611999999999853
12.425	-29.928499999999985
12.483333333333333	-30.25519999999983
12.541666666666666	-30.21479999999997
12.6	-29.902599999999893
12.658333333333333	-30.231599999999844
12.716666666666667	-30.715599999999995
12.775	-31.115299999999934
12.833333333333334	-30.82159999999999
12.891666666666667	-29.333799999999883
12.95	-30.130699999999933
13.008333333333333	-30.057399999999916
13.066666666666666	-30.483399999999847
13.125	-30.974299999999857
13.183333333333334	-31.44049999999993
13.241666666666667	-30.327099999999973
13.3	-30.39469999999983
13.358333333333333	-30.308899999999994
13.416666666666666	-29.71289999999999
13.475	-30.303399999999783
13.533333333333333	-29.5779
13.591666666666667	-30.614499999999907
13.65	-30.02929999999992
13.708333333333334	-29.547599999999875
13.766666666666667	-29.663699999999835
13.825	-30.165399999999863
13.883333333333333	-29.57659999999987
13.941666666666666	-30.296099999999797
14.0	-30.140499999999975
14.058333333333334	-30.78729999999996
14.116666666666667	-30.0933
14.175	-29.981199999999944
14.233333333333333	-30.269599999999855
14.291666666666666	-29.623299999999972
14.35	-30.492299999999886
14.408333333333333	-29.701099999999997
14.466666666666667	-29.115299999999934
14.525	-29.74669999999992
14.583333333333334	-30.167799999999943
14.641666666666667	-29.93269999999984
14.7	-29.8753999999999
14.758333333333333	-28.849899999999934
14.816666666666666	-29.664199999999937
14.875	-30.55329999999981
14.933333333333334	-29.790599999999813
14.991666666666667	-29.331199999999853
15.05	-31.44069999999988
15.108333333333333	-31.871099999999842
15.166666666666666	-31.57679999999982
15.225	-31.61759999999981
15.283333333333333	-32.18999999999983
15.341666666666667	-31.908099999999877
15.4	-31.772699999999986
15.458333333333334	-31.74499999999989
15.516666666666667	-31.024299999999812
15.575	-31.991999999999962
15.633333333333333	-31.303499999999985
15.691666666666666	-31.587699999999813
15.75	-31.69739999999979
15.808333333333334	-30.693499999999858
15.866666666666667	-31.928499999999985
15.925	-32.19969999999989
15.983333333333333	-31.588199999999915
16.041666666666668	-31.53819999999996
16.1	-32.15239999999994
16.158333333333335	-31.93229999999994
16.216666666666665	-31.855599999999868
16.275	-32.22479999999996
16.333333333333332	-30.712099999999964
16.391666666666666	-31.286499999999933
16.45	-30.620599999999968
16.508333333333333	-31.077599999999848
16.566666666666666	-31.055699999999888
16.625	-30.449899999999843
16.683333333333334	-30.332299999999805
16.741666666666667	-30.901999999999816
16.8	-30.976399999999785
16.858333333333334	-30.386999999999944
16.916666666666668	-30.785199999999804
16.975	-30.357499999999845
17.033333333333335	-30.385899999999992
17.091666666666665	-30.91119999999978
17.15	-30.993299999999863
17.208333333333332	-29.65189999999984
17.266666666666666	-29.951099999999997
17.325	-30.33979999999997
17.383333333333333	-30.327099999999973
17.441666666666666	-30.099899999999934
17.5	-30.489299999999957
17.558333333333334	-30.309699999999793
17.616666666666667	-30.590499999999793
17.675	-30.470299999999952
17.733333333333334	-30.361999999999853
17.791666666666668	-30.626899999999978
17.85	-29.468399999999974
17.908333333333335	-29.325399999999945
17.966666666666665	-29.451499999999896
18.025	-30.0942
18.083333333333332	-31.008299999999963
18.141666666666666	-31.008699999999862
18.2	-30.546999999999798
18.258333333333333	-29.72129999999993
18.316666666666666	-30.27319999999986
18.375	-30.446399999999812
18.433333333333334	-30.4837
18.491666666666667	-30.46279999999979
18.55	-30.537099999999782
18.608333333333334	-30.99739999999997
18.666666666666668	-30.6712
18.725	-29.6878999999999
18.783333333333335	-30.31609999999978
18.841666666666665	-30.125299999999925
18.9	-30.189999999999827
18.958333333333332	-30.274399999999787
19.016666666666666	-29.80289999999991
19.075	-30.01689999999985
19.133333333333333	-30.556299999999965
19.191666666666666	-29.55699999999979
19.25	-29.983599999999797
19.308333333333334	-29.952699999999822
19.366666666666667	-29.35069999999996
19.425	-29.5616
19.483333333333334	-29.646299999999883
19.541666666666668	-29.601799999999912
19.6	-29.955099999999902
19.658333333333335	-30.280899999999974
19.716666666666665	-29.577399999999898
19.775	-29.646399999999858
19.833333333333332	-28.774199999999837
19.891666666666666	-29.883899999999812
19.95	-28.899199999999837
20.008333333333333	-29.18119999999999
20.066666666666666	-30.060699999999997
20.125	-29.790899999999965
20.183333333333334	-28.949999999999818
20.241666666666667	-29.401799999999866
20.3	-28.83959999999979
20.358333333333334	-28.33869999999979
20.416666666666668	-28.536799999999857
20.475	-28.065599999999904
20.533333333333335	-28.891099999999824
20.591666666666665	-28.476499999999987
20.65	-28.7337
20.708333333333332	-28.600299999999834
20.766666666666666	-28.926099999999906
20.825	-28.23819999999978
20.883333333333333	-28.326499999999896
20.941666666666666	-27.89969999999994
21.0	-28.649099999999862
21.058333333333334	-28.669799999999896
21.116666666666667	-28.00799999999981
21.175	-28.092699999999923
21.233333333333334	-27.946199999999862
21.291666666666668	-27.451899999999796
21.35	-27.540399999999863
21.408333333333335	-27.541799999999967
21.466666666666665	-28.42639999999983
21.525	-27.58719999999994
21.583333333333332	-27.080399999999827
21.641666666666666	-27.21659999999997
21.7	-27.798099999999977
21.758333333333333	-27.409299999999803
21.816666666666666	-26.35929999999985
21.875	-27.146399999999858
21.933333333333334	-26.409099999999853
21.991666666666667	-27.22569999999996
22.05	-26.71479999999997
22.108333333333334	-27.114199999999983
22.166666666666668	-27.082299999999805
22.225	-26.085999999999785
22.283333333333335	-26.243399999999838
22.341666666666665	-26.774799999999914
22.4	-26.374499999999898
22.458333333333332	-26.69399999999996
22.516666666666666	-26.21939999999995
22.575	-26.245599999999968
22.633333333333333	-26.11389999999983
22.691666666666666	-25.955199999999877
22.75	-25.882199999999784
22.808333333333334	-24.654599999999846
22.866666666666667	-26.40989999999988
22.925	-24.492999999999938
22.983333333333334	-25.462999999999965
23.041666666666668	-25.91009999999983
23.1	-24.903999999999996
23.158333333333335	-25.649599999999964
23.216666666666665	-24.24709999999982
23.275	-21.90039999999999
23.333333333333332	-24.417399999999816
23.391666666666666	-23.6882999999998
23.45	-23.5628999999999
23.508333333333333	-24.410199999999804
23.566666666666666	-24.855299999999943
23.625	-25.029899999999998
23.683333333333334	-24.534599999999955
23.741666666666667	-24.686299999999846
23.8	-24.008599999999888
23.858333333333334	-24.452799999999797
23.916666666666668	-24.024599999999964
23.975	-24.19899999999984
24.033333333333335	-23.693499999999858
24.091666666666665	-23.677299999999832
24.15	-23.753099999999904
24.208333333333332	-23.81619999999998
24.266666666666666	-24.12369999999987
24.325	-23.881299999999783
24.383333333333333	-23.748199999999997
24.441666666666666	-24.204699999999775
24.5	-23.96439999999984
24.558333333333334	-23.02489999999989
24.616666666666667	-23.607899999999972
24.675	-23.360799999999927
24.733333333333334	-23.294099999999844
24.791666666666668	-22.792999999999893
24.85	-22.533499999999776
24.908333333333335	-22.94109999999978
24.966666666666665	-23.350299999999834
25.025	-22.689099999999826
25.083333333333332	-22.629599999999982
25.141666666666666	-22.293899999999894
25.2	-22.499699999999848
25.258333333333333	-22.396499999999833
25.316666666666666	-22.13799999999992
25.375	-22.56139999999982
25.433333333333334	-21.781799999999976
25.491666666666667	-21.58779999999979
25.55	-21.447299999999814
25.608333333333334	-21.606399999999894
25.666666666666668	-21.786799999999857
25.725	-21.391599999999926
25.783333333333335	-21.968399999999974
25.841666666666665	-21.760699999999815
25.9	-20.80989999999997
25.958333333333332	-21.543199999999842
26.016666666666666	-21.28839999999991
26.075	-20.723199999999906
26.133333333333333	-21.13019999999983
26.191666666666666	-21.629899999999907
26.25	-21.526399999999967
26.308333333333334	-20.765499999999975
26.366666666666667	-22.28509999999983
26.425	-20.75579999999991
26.483333333333334	-21.734399999999823
26.541666666666668	-20.151999999999816
26.6	-21.00059999999985
26.658333333333335	-21.04229999999984
26.716666666666665	-20.59159999999997
26.775	-20.471699999999828
26.833333333333332	-20.91899999999987
26.891666666666666	-20.52509999999984
26.95	-20.71289999999999
27.008333333333333	-19.907899999999927
27.066666666666666	-20.111899999999878
27.125	-20.015899999999874
27.183333333333334	-19.703899999999976
27.241666666666667	-20.216699999999946
27.3	-19.85259999999994
27.358333333333334	-19.819699999999784
27.416666666666668	-20.12189999999987
27.475	-19.627699999999777
27.533333333333335	-20.222099999999955
27.591666666666665	-19.498599999999897
27.65	-19.520499999999856
27.708333333333332	-19.603999999999814
27.766666666666666	-19.58719999999994
27.825	-19.44509999999991
27.883333333333333	-19.07679999999982
27.941666666666666	-19.259799999999814
28.0	-18.55049999999983
28.058333333333334	-19.289199999999937
28.116666666666667	-18.90429999999992
28.175	-18.503099999999904
28.233333333333334	-19.136999999999944
28.291666666666668	-19.01819999999998
28.35	-18.392699999999877
28.408333333333335	-18.72479999999996
28.466666666666665	-18.282899999999927
28.525	-19.062399999999798
28.583333333333332	-18.18529999999987
28.641666666666666	-18.549399999999878
28.7	-18.338199999999915
28.758333333333333	-18.27229999999986
28.816666666666666	-18.307199999999966
28.875	-18.87369999999987
28.933333333333334	-17.542899999999918
28.991666666666667	-18.433399999999892
29.05	-18.40379999999982
29.108333333333334	-17.862499999999955
29.166666666666668	-17.634199999999964
29.225	-17.99039999999991
29.283333333333335	-17.770499999999856
29.341666666666665	-17.47939999999994
29.4	-17.413099999999986
29.458333333333332	-17.62299999999982
29.516666666666666	-18.234899999999925
29.575	-17.81049999999982
29.633333333333333	-17.488799999999856
29.691666666666666	-17.542899999999918
29.75	-16.869899999999916
29.808333333333334	-17.00279999999998
29.866666666666667	-17.432399999999916
29.925	-16.889399999999796
29.983333333333334	-17.478199999999788
30.041666666666668	-16.855499999999893
30.1	-17.455099999999902
30.158333333333335	-17.546999999999798
30.216666666666665	-16.843999999999824
30.275	-16.734899999999925
30.333333333333332	-17.302399999999807
30.391666666666666	-17.00319999999988
30.45	-16.341499999999996
30.508333333333333	-16.274199999999837
30.566666666666666	-16.706699999999955
30.625	-17.023999999999887
30.683333333333334	-16.946699999999964
30.741666666666667	-16.800199999999904
30.8	-16.601199999999835
30.858333333333334	-16.073199999999815
30.916666666666668	-16.263299999999845
30.975	-15.44399999999996
31.033333333333335	-15.850099999999884
31.091666666666665	-15.863099999999804
31.15	-16.026599999999917
31.208333333333332	-16.308799999999792
31.266666666666666	-16.08779999999979
31.325	-15.776999999999816
31.383333333333333	-16.24669999999992
31.441666666666666	-15.32179999999994
31.5	-15.693499999999858
31.558333333333334	-17.041799999999967
31.616666666666667	-18.087699999999813
31.675	-17.189999999999827
31.733333333333334	-17.390699999999924
31.791666666666668	-17.733999999999924
31.85	-18.261999999999944
31.908333333333335	-17.436899999999923
31.966666666666665	-17.137399999999843
32.025	-17.940599999999904
32.083333333333336	-16.817099999999982
32.141666666666666	-17.568799999999783
32.2	-18.02189999999996
32.25833333333333	-16.930599999999913
32.31666666666667	-17.702399999999898
32.375	-18.115999999999985
32.43333333333333	-18.16009999999983
32.49166666666667	-17.301499999999805
32.55	-18.42009999999982
32.608333333333334	-17.9849999999999
32.666666666666664	-18.5616
32.725	-18.369399999999814
32.78333333333333	-17.540699999999788
32.84166666666667	-18.28529999999978
32.9	-17.801999999999907
32.958333333333336	-18.691899999999805
33.016666666666666	-18.939499999999953
33.075	-17.780599999999822
33.13333333333333	-18.499699999999848
33.19166666666667	-17.940999999999804
33.25	-17.990999999999985
33.30833333333333	-18.10759999999982
33.36666666666667	-18.220999999999776
33.425	-18.271999999999935
33.483333333333334	-18.584299999999985
33.541666666666664	-18.31939999999986
33.6	-18.46849999999995
33.65833333333333	-19.72759999999994
33.71666666666667	-18.461799999999812
33.775	-19.72979999999984
33.833333333333336	-18.405899999999974
33.891666666666666	-19.251999999999953
33.95	-18.60979999999995
34.00833333333333	-18.72499999999991
34.06666666666667	-18.76929999999993
34.125	-19.42179999999985
34.18333333333333	-19.021599999999808
34.24166666666667	-18.8757999999998
34.3	-19.76649999999995
34.358333333333334	-18.286699999999882
34.416666666666664	-18.474399999999832
34.475	-18.775499999999965
34.53333333333333	-19.174799999999777
34.59166666666667	-19.480599999999868
34.65	-19.3436999999999
34.708333333333336	-19.19529999999986
34.766666666666666	-18.416299999999865
34.825	-19.587699999999813
34.88333333333333	-18.532899999999927
34.94166666666667	-18.221799999999803
35.0	-18.84789999999998
