0.058333333333333334	0.0
0.11666666666666667	-1.1310000000003129
0.175	-2.788000000000011
0.23333333333333334	-6.959000000000287
0.2916666666666667	-7.483999999999924
0.35	-6.126999999999953
0.4083333333333333	-5.442000000000007
0.4666666666666667	-10.96100000000024
0.525	-7.605000000000018
0.5833333333333334	-10.182999999999993
0.6416666666666667	-11.307999999999993
0.7	-9.874000000000251
0.7583333333333333	-8.070000000000164
0.8166666666666667	-13.958000000000084
0.875	91.84199999999964
0.9333333333333333	107.09999999999991
0.9916666666666667	104.36599999999999
1.05	111.16300000000001
1.1083333333333334	115.64100000000008
1.1666666666666667	112.22199999999975
1.225	121.20599999999968
1.2833333333333334	120.36400000000003
1.3416666666666666	139.28600000000006
1.4	139.82199999999966
1.4583333333333333	144.42000000000007
1.5166666666666666	153.2239999999997
1.575	149.83500000000004
1.6333333333333333	166.17999999999984
1.6916666666666667	167.98399999999992
1.75	171.79899999999998
1.8083333333333333	183.99800000000005
1.8666666666666667	187.66499999999996
1.925	188.8159999999998
1.9833333333333334	206.3159999999998
2.0416666666666665	203.58099999999968
2.1	214.30999999999995
2.158333333333333	212.44299999999976
2.216666666666667	224.8689999999997
2.275	227.07699999999977
2.3333333333333335	235.64699999999993
2.3916666666666666	237.38599999999997
2.45	247.27999999999975
2.5083333333333333	255.29899999999998
2.566666666666667	267.63899999999967
2.625	270.25099999999975
2.683333333333333	274.0619999999999
2.7416666666666667	284.2539999999999
2.8	287.62699999999995
2.8583333333333334	294.7999999999997
2.9166666666666665	303.21900000000005
2.975	310.10099999999966
3.033333333333333	321.9249999999997
3.091666666666667	331.8879999999999
3.15	331.25999999999976
3.2083333333333335	340.66399999999976
3.2666666666666666	346.28399999999965
3.325	356.50499999999965
3.3833333333333333	371.03600000000006
3.441666666666667	367.3489999999997
3.5	377.2750000000001
3.558333333333333	386.933
3.6166666666666667	388.4229999999998
3.675	403.817
3.7333333333333334	415.2619999999997
3.7916666666666665	409.3829999999998
3.85	427.89300000000003
3.908333333333333	427.5569999999998
3.966666666666667	442.1729999999998
4.025	451.39300000000003
4.083333333333333	454.93499999999995
4.141666666666667	470.91899999999987
4.2	470.451
4.258333333333334	476.297
4.316666666666666	496.12999999999965
4.375	493.99699999999984
4.433333333333334	509.808
4.491666666666666	512.6839999999997
4.55	519.703
4.608333333333333	536.7259999999997
4.666666666666667	540.0740000000001
4.725	548.5419999999999
4.783333333333333	558.9789999999998
4.841666666666667	561.3939999999998
4.9	576.288
4.958333333333333	590.406
5.016666666666667	588.5039999999999
5.075	606.6039999999998
5.133333333333334	619.143
5.191666666666666	628.5830000000001
5.25	638.0279999999998
5.308333333333334	637.5189999999998
5.366666666666666	654.56
5.425	657.335
5.483333333333333	663.9269999999997
5.541666666666667	682.2839999999997
5.6	687.0219999999999
5.658333333333333	690.7219999999998
5.716666666666667	713.1959999999999
5.775	722.8179999999998
5.833333333333333	726.8240000000001
5.891666666666667	751.2799999999997
5.95	742.0189999999998
6.008333333333334	761.029
6.066666666666666	766.6209999999996
6.125	775.2739999999999
6.183333333333334	793.8040000000001
6.241666666666666	803.2049999999999
6.3	800.3629999999998
6.358333333333333	827.1569999999997
6.416666666666667	827.3699999999999
6.475	832.1599999999999
6.533333333333333	858.982
6.591666666666667	860.0319999999997
6.65	866.2419999999997
6.708333333333333	892.556
6.766666666666667	891.288
6.825	904.239
6.883333333333334	924.8339999999998
6.941666666666666	931.5519999999997
7.0	943.0
7.058333333333334	957.2950000000001
7.116666666666666	956.3849999999998
7.175	981.7549999999997
7.233333333333333	991.8699999999999
7.291666666666667	995.5070000000001
7.35	1011.1329999999998
7.408333333333333	1021.4269999999997
7.466666666666667	1033.239
7.525	1047.105
7.583333333333333	1060.8109999999997
7.641666666666667	1068.183
7.7	1086.067
7.758333333333334	1095.8269999999998
7.816666666666666	1113.9029999999998
7.875	1124.0629999999996
7.933333333333334	1126.969
7.991666666666666	1146.304
8.05	1153.897
8.108333333333333	1165.375
8.166666666666666	1189.6479999999997
8.225	1199.6369999999997
8.283333333333333	1211.422
8.341666666666667	1227.6689999999999
8.4	1227.4359999999997
8.458333333333334	1261.3089999999997
8.516666666666667	1259.676
8.575	1265.02
8.633333333333333	1294.3669999999997
8.691666666666666	1307.252
8.75	1311.7709999999997
8.808333333333334	1337.248
8.866666666666667	1343.1509999999998
8.925	1361.364
8.983333333333333	1374.33
9.041666666666666	1378.708
9.1	1409.9500000000003
9.158333333333333	1415.3049999999998
9.216666666666667	1426.5899999999997
9.275	1433.6039999999998
9.333333333333334	1445.6749999999997
9.391666666666667	1476.6869999999994
9.45	1485.5719999999997
9.508333333333333	1483.3809999999999
9.566666666666666	1522.3439999999996
9.625	1523.3229999999999
9.683333333333334	1536.958
9.741666666666667	1564.6979999999999
9.8	1566.3139999999999
9.858333333333333	1585.3539999999998
9.916666666666666	1594.5480000000002
9.975	1617.159
10.033333333333333	1638.0309999999995
10.091666666666667	1652.7819999999997
10.15	1660.2019999999998
10.208333333333334	1686.717
10.266666666666667	1697.9720000000002
10.325	1709.1199999999994
10.383333333333333	1730.73
10.441666666666666	1732.944
10.5	1761.243
10.558333333333334	1766.976
10.616666666666667	1774.0039999999995
10.675	1807.824
10.733333333333333	1816.0319999999997
10.791666666666666	1824.725
10.85	1851.8899999999999
10.908333333333333	1854.5499999999997
10.966666666666667	1875.4010000000003
11.025	1899.8269999999998
11.083333333333334	1896.69
11.141666666666667	1931.3430000000003
11.2	1925.5939999999996
11.258333333333333	1952.194
11.316666666666666	1989.087
11.375	1994.6969999999997
11.433333333333334	2011.0819999999999
11.491666666666667	2034.8899999999999
11.55	2032.9900000000002
11.608333333333333	2070.0229999999997
11.666666666666666	2074.1169999999997
11.725	2104.351
11.783333333333333	2112.0269999999996
11.841666666666667	2111.2599999999998
11.9	2138.529
11.958333333333334	2157.819
12.016666666666667	2171.994
12.075	2200.931
12.133333333333333	2208.0319999999997
12.191666666666666	2230.525
12.25	2241.1389999999997
12.308333333333334	2249.1289999999995
12.366666666666667	2284.801
12.425	2286.252
12.483333333333333	2317.476
12.541666666666666	2321.828
12.6	2343.1240000000003
12.658333333333333	2364.0930000000003
12.716666666666667	2386.9599999999996
12.775	2391.0769999999998
12.833333333333334	2416.7629999999995
12.891666666666667	2413.744
12.95	2442.8799999999997
13.008333333333333	2466.32
13.066666666666666	2474.8529999999996
13.125	2507.8619999999996
13.183333333333334	2504.0930000000003
13.241666666666667	2531.8299999999995
13.3	2544.0669999999996
13.358333333333333	2557.606
13.416666666666666	2585.3250000000003
13.475	2594.315
13.533333333333333	2617.4829999999997
13.591666666666667	2643.354
13.65	2645.158
13.708333333333334	2671.6510000000003
13.766666666666667	2686.4900000000002
13.825	2709.569
13.883333333333333	2737.484
13.941666666666666	2756.9599999999996
14.0	2766.551
14.058333333333334	2799.5049999999997
14.116666666666667	2796.6109999999994
14.175	2824.582
14.233333333333333	2847.4289999999996
14.291666666666666	2861.2419999999997
14.35	2871.7639999999997
14.408333333333333	2880.583
14.466666666666667	2925.855
14.525	2911.0809999999997
14.583333333333334	2936.5439999999994
14.641666666666667	2973.6659999999997
14.7	2972.4509999999996
14.758333333333333	2994.0669999999996
14.816666666666666	3022.8609999999994
14.875	3019.6420000000003
14.933333333333334	3053.1169999999997
14.991666666666667	3071.333
15.05	3072.565
15.108333333333333	3120.9909999999995
15.166666666666666	3110.819
15.225	3132.292
15.283333333333333	3161.0679999999998
15.341666666666667	3164.097
15.4	3206.427
15.458333333333334	3230.9900000000002
15.516666666666667	3226.896
15.575	3254.4289999999996
15.633333333333333	3270.5840000000003
15.691666666666666	3311.462
15.75	3315.7049999999995
15.808333333333334	3323.128
15.866666666666667	3364.2329999999997
15.925	3359.7149999999997
15.983333333333333	3388.993
16.041666666666668	3404.9689999999996
16.1	3418.1079999999997
16.158333333333335	3447.3619999999996
16.216666666666665	3459.7000000000003
16.275	3476.15
16.333333333333332	3495.9590000000003
16.391666666666666	3512.8250000000003
16.45	3528.5840000000003
16.508333333333333	3547.9900000000002
16.566666666666666	3573.35
16.625	3587.5679999999998
16.683333333333334	3618.789
16.741666666666667	3617.194
16.8	3638.8979999999997
16.858333333333334	3667.7949999999996
16.916666666666668	3667.3709999999996
16.975	3707.7589999999996
17.033333333333335	3718.7899999999995
17.091666666666665	3738.7090000000003
17.15	3742.1609999999996
17.208333333333332	3750.092
17.266666666666666	3792.128
17.325	3808.391
17.383333333333333	3810.743
17.441666666666666	3852.0350000000003
17.5	3865.417
17.558333333333334	3869.578
17.616666666666667	3891.405
17.675	3914.257
17.733333333333334	3933.427
17.791666666666668	3961.3749999999995
17.85	3958.4410000000003
17.908333333333335	3982.0449999999996
17.966666666666665	4007.2589999999996
18.025	4017.283
18.083333333333332	4031.3169999999996
18.141666666666666	4054.9519999999998
18.2	4080.338
18.258333333333333	4103.776
18.316666666666666	4125.459000000001
18.375	4145.682999999999
18.433333333333334	4176.119000000001
18.491666666666667	4170.939
18.55	4209.394
18.608333333333334	4217.244000000001
18.666666666666668	4229.677
18.725	4243.965
18.783333333333335	4267.549999999999
18.841666666666665	4288.535
18.9	4309.317999999999
18.958333333333332	4314.1630000000005
19.016666666666666	4335.264999999999
19.075	4349.32
19.133333333333333	4361.761
19.191666666666666	4370.682999999999
19.25	4405.262000000001
19.308333333333334	4402.83
19.366666666666667	4422.062
19.425	4435.463
19.483333333333334	4453.525
19.541666666666668	4491.576999999999
19.6	4488.563
19.658333333333335	4514.482
19.716666666666665	4526.25
19.775	4545.8150000000005
19.833333333333332	4557.835999999999
19.891666666666666	4562.605
19.95	4588.329
20.008333333333333	4601.619999999999
20.066666666666666	4611.0380000000005
20.125	4622.227999999999
20.183333333333334	4638.110999999999
20.241666666666667	4665.994999999999
20.3	4670.001
20.358333333333334	4713.353999999999
20.416666666666668	4720.370999999999
20.475	4742.5470000000005
20.533333333333335	4761.892
20.591666666666665	4765.109
20.65	4789.726000000001
20.708333333333332	4785.812
20.766666666666666	4804.057000000001
20.825	4820.778
20.883333333333333	4840.0740000000005
20.941666666666666	4849.357
21.0	4866.795
21.058333333333334	4867.391
21.116666666666667	4885.4349999999995
21.175	4899.126
21.233333333333334	4908.867
21.291666666666668	4925.375
21.35	4941.957
21.408333333333335	4959.868
21.466666666666665	4967.228999999999
21.525	4975.034
21.583333333333332	4998.02
21.641666666666666	5002.65
21.7	5001.592000000001
21.758333333333333	5029.411
21.816666666666666	5046.669
21.875	5045.1669999999995
21.933333333333334	5075.428
21.991666666666667	5080.989
22.05	5097.153
22.108333333333334	5118.33
22.166666666666668	5107.187
22.225	5135.603999999999
22.283333333333335	5131.002
22.341666666666665	5145.628999999999
22.4	5161.99
22.458333333333332	5174.236999999999
22.516666666666666	5180.6810000000005
22.575	5194.003999999999
22.633333333333333	5200.76
22.691666666666666	5215.101000000001
22.75	5223.485999999999
22.808333333333334	5228.048999999999
22.866666666666667	5249.885
22.925	5249.607
22.983333333333334	5341.985000000001
23.041666666666668	5257.342000000001
23.1	5273.567999999999
23.158333333333335	5299.896000000001
23.216666666666665	5305.323
23.275	5304.751
23.333333333333332	5322.831
23.391666666666666	5318.456
23.45	5346.611999999999
23.508333333333333	5339.387000000001
23.566666666666666	5360.129999999999
23.625	5376.4400000000005
23.683333333333334	5378.563
23.741666666666667	5390.382
23.8	5389.519
23.858333333333334	5406.914000000001
23.916666666666668	5404.284
23.975	5431.941999999999
24.033333333333335	5425.262999999999
24.091666666666665	5449.975
24.15	5440.75
24.208333333333332	5457.271999999999
24.266666666666666	5471.037
24.325	5473.012000000001
24.383333333333333	5477.151
24.441666666666666	5492.954
24.5	5488.642
24.558333333333334	5502.882
24.616666666666667	5497.335000000001
24.675	5508.478000000001
24.733333333333334	5516.727000000001
24.791666666666668	5524.037
24.85	5536.485000000001
24.908333333333335	5541.683000000001
24.966666666666665	5536.77
25.025	5546.272000000001
25.083333333333332	5561.748
25.141666666666666	5554.882
25.2	5567.386
25.258333333333333	5570.264000000001
25.316666666666666	5588.621000000001
25.375	5601.234
25.433333333333334	5601.4619999999995
25.491666666666667	5597.0779999999995
25.55	5609.009
25.608333333333334	5617.213
25.666666666666668	5632.734
25.725	5625.904
25.783333333333335	5636.109
25.841666666666665	5649.35
25.9	5653.785
25.958333333333332	5662.137000000001
26.016666666666666	5676.386
26.075	5663.195
26.133333333333333	5691.178
26.191666666666666	5690.526
26.25	5690.481
26.308333333333334	5688.257
26.366666666666667	5713.514999999999
26.425	5697.802
26.483333333333334	5698.238000000001
26.541666666666668	5711.839
26.6	5715.135
26.658333333333335	5713.214
26.716666666666665	5718.409
26.775	5724.657000000001
26.833333333333332	5745.331
26.891666666666666	5733.089
26.95	5747.948
27.008333333333333	5751.545
27.066666666666666	5756.42
27.125	5750.461000000001
27.183333333333334	5754.035
27.241666666666667	5751.053
27.3	5773.4439999999995
27.358333333333334	5760.782999999999
27.416666666666668	5764.717000000001
27.475	5786.450000000001
27.533333333333335	5773.5380000000005
27.591666666666665	5783.164000000001
27.65	5804.714
27.708333333333332	5784.5740000000005
27.766666666666666	5792.414000000001
27.825	5794.614
27.883333333333333	5804.414000000001
27.941666666666666	5805.004000000001
28.0	5800.647000000001
28.058333333333334	5805.298000000001
28.116666666666667	5812.737000000001
28.175	5814.234
28.233333333333334	5806.5779999999995
28.291666666666668	5822.045
28.35	5825.052
28.408333333333335	5816.598
28.466666666666665	5826.933000000001
28.525	5811.071
28.583333333333332	5826.4
28.641666666666666	5818.889000000001
28.7	5839.398999999999
28.758333333333333	5837.864
28.816666666666666	5842.237000000001
28.875	5838.1
28.933333333333334	5848.499
28.991666666666667	5850.451000000001
29.05	5848.318000000001
29.108333333333334	5866.844000000001
29.166666666666668	5872.222
29.225	5874.638000000001
29.283333333333335	5882.062
29.341666666666665	5862.419
29.4	5880.645
29.458333333333332	5872.159
29.516666666666666	5867.945
29.575	5879.8279999999995
29.633333333333333	5862.492
29.691666666666666	5888.981
29.75	5886.488000000001
29.808333333333334	5893.912
29.866666666666667	5882.825000000001
29.925	5886.952000000001
29.983333333333334	5900.103000000001
30.041666666666668	5906.369000000001
30.1	5903.052
30.158333333333335	5896.304
30.216666666666665	5907.2080000000005
30.275	5917.618
30.333333333333332	5907.875
30.391666666666666	5916.364
30.45	5916.983
30.508333333333333	5931.18
30.566666666666666	5933.996000000001
30.625	5926.144
30.683333333333334	5927.257
30.741666666666667	5939.138000000001
30.8	5926.868
30.858333333333334	5918.344000000001
30.916666666666668	5926.0380000000005
30.975	5915.902
31.033333333333335	5939.536
31.091666666666665	5927.877
31.15	5928.415000000001
31.208333333333332	5938.256000000001
31.266666666666666	5928.898999999999
31.325	5934.071
31.383333333333333	5934.105
31.441666666666666	5928.57
31.5	5942.381000000001
31.558333333333334	5934.402
31.616666666666667	5916.259
31.675	5913.997000000001
31.733333333333334	5919.5779999999995
31.791666666666668	5905.215
31.85	5912.709000000001
31.908333333333335	5896.66
31.966666666666665	5917.763000000001
32.025	5887.261
32.083333333333336	5882.655000000001
32.141666666666666	5884.854000000001
32.2	5897.803
32.25833333333333	5874.064
32.31666666666667	5887.491
32.375	5874.519
32.43333333333333	5880.249
32.49166666666667	5893.733
32.55	5871.169
32.608333333333334	5874.761
32.666666666666664	5876.8330000000005
32.725	5879.294
32.78333333333333	5866.843000000001
32.84166666666667	5876.359
32.9	5849.927
32.958333333333336	5854.338
33.016666666666666	5847.188
33.075	5838.601000000001
33.13333333333333	5848.795
33.19166666666667	5844.548000000001
33.25	5843.357
33.30833333333333	5846.637000000001
33.36666666666667	5852.9490000000005
33.425	5842.162
33.483333333333334	5840.4529999999995
33.541666666666664	5833.755000000001
33.6	5855.460000000001
33.65833333333333	5832.296
33.71666666666667	5839.041000000001
33.775	5836.35
33.833333333333336	5841.784
33.891666666666666	5836.8330000000005
33.95	5832.173000000001
34.00833333333333	5828.954
34.06666666666667	5814.196
34.125	5811.738000000001
34.18333333333333	5816.323
34.24166666666667	5823.404
34.3	5814.618
34.358333333333334	5808.1720000000005
34.416666666666664	5834.4439999999995
34.475	5813.282000000001
34.53333333333333	5811.219000000001
34.59166666666667	5813.789000000001
34.65	5802.550000000001
34.708333333333336	5804.030000000001
34.766666666666666	5811.939
34.825	5811.34
34.88333333333333	5797.588
34.94166666666667	5798.198
35.0	5800.269
