-4.298257416666667	5.845
-4.2816706133333335	5.845
-4.265499381666667	5.845
-4.248837806666667	5.845
-4.232499956666667	5.845
-4.216106708333333	5.845
-4.199647168333334	5.845
-4.18326699	5.845
-4.166933405	5.845
-4.150383816666667	5.845
-4.13412281	5.844
-4.117618538333334	5.843
-4.101351263333334	5.843
-4.0848039400000005	5.843
-4.068522415	5.845
-4.051996816666667	5.845
-4.035739643333334	5.846
-4.01921422	5.846
-4.002939886666667	5.845
-3.986403431666667	5.844
-3.9701295983333336	5.844
-3.95359737	5.845
-3.937295738333334	5.845
-3.9207645983333337	5.845
-3.904271558333334	5.845
-3.888000416666667	5.845
-3.871459196666667	5.845
-3.855136308333334	5.845
-3.838721326666667	5.844
-3.822461868333334	5.844
-3.805898041666667	5.844
-3.789430006666667	5.843
-3.7732478250000003	5.843
-3.756696956666667	5.843
-3.7404351700000005	5.843
-3.7239144983333334	5.844
-3.7074033550000003	5.845
-3.6911111450000003	5.845
-3.6745939733333337	5.845
-3.65832493	5.844
-3.6417867833333335	5.844
-3.6255171333333336	5.844
-3.6089963233333338	5.845
-3.592560365	5.844
-3.57631528	5.844
-3.5598049050000005	5.843
-3.5435198000000003	5.843
-3.527001601666667	5.844
-3.510497291666667	5.845
-3.4942418383333336	5.846
-3.477704846666667	5.845
-3.461449338333334	5.842
-3.444913923333334	5.841
-3.428655066666667	5.841
-3.412145441666667	5.841
-3.3958231000000003	5.841
-3.379437316666667	5.842
-3.3628776783333336	5.841
-3.3465843033333336	5.841
-3.330046471666667	5.841
-3.3137889000000005	5.84
-3.297246096666667	5.84
-3.280975145	5.84
-3.264472926666667	5.842
-3.2479717500000005	5.841
-3.231695443333334	5.842
-3.215187591666667	5.841
-3.19892207	5.842
-3.1823720966666666	5.842
-3.166112791666667	5.842
-3.149599631666667	5.842
-3.133334221666667	5.842
-3.116803265	5.843
-3.1005120533333335	5.842
-3.083988515	5.841
-3.067690153333334	5.84
-3.051176261666667	5.84
-3.03488696	5.84
-3.0183644333333337	5.841
-3.0021056800000006	5.841
-2.985562601666667	5.841
-2.9690460150000004	5.841
-2.9527768250000004	5.841
-2.9362226450000004	5.839
-2.9199670450000004	5.839
-2.903438255	5.839
-2.887173733333334	5.84
-2.870626005	5.841
-2.8543496950000002	5.84
-2.837862995	5.839
-2.821600628333334	5.839
-2.8050674183333335	5.84
-2.788762451666667	5.841
-2.7721868033333337	5.841
-2.7557818033333334	5.841
-2.7395059883333337	5.84
-2.7229648550000003	5.839
-2.7066901450000005	5.839
-2.6901725233333336	5.84
-2.673840076666667	5.84
-2.657326806666667	5.84
-2.6410193150000003	5.839
-2.624737041666667	5.839
-2.6081668350000005	5.838
-2.5918366333333336	5.839
-2.575545241666667	5.838
-2.5588813716666667	5.84
-2.5425035533333338	5.84
-2.526232026666667	5.841
-2.509689126666667	5.84
-2.4933961583333337	5.839
-2.4768487233333336	5.839
-2.460549433333334	5.839
-2.4442659950000003	5.84
-2.427665396666667	5.84
-2.4113909750000007	5.84
-2.39485485	5.84
-2.3785731350000003	5.84
-2.3620330716666667	5.839
-2.3457499100000003	5.839
-2.3292423533333335	5.839
-2.3129673933333335	5.84
-2.2963766633333336	5.841
-2.280050241666667	5.84
-2.263514523333334	5.841
-2.2472537383333338	5.841
-2.2307343533333337	5.841
-2.214434066666667	5.841
-2.1979059233333333	5.841
-2.18159471	5.84
-2.1650684983333335	5.841
-2.148778568333334	5.841
-2.1322362516666673	5.842
-2.1159585016666673	5.841
-2.099674176666667	5.841
-2.0830730383333336	5.841
-2.0667686966666667	5.841
-2.050254521666667	5.841
-2.0339588	5.841
-2.0174250033333334	5.842
-2.0011318483333334	5.843
-1.9846110100000005	5.842
-1.968313366666667	5.842
-1.9517771600000002	5.841
-1.9355707200000003	5.841
-1.9190337616666673	5.841
-1.9027308866666672	5.842
-1.8861793900000006	5.842
-1.8696665350000004	5.843
-1.853391915	5.842
-1.8370819666666671	5.841
-1.8205615883333337	5.841
-1.8042337683333338	5.842
-1.787738181666667	5.842
-1.771265946666667	5.842
-1.754985248333334	5.842
-1.7384131616666667	5.842
-1.7221032700000003	5.842
-1.7058209683333336	5.842
-1.6891822283333333	5.841
-1.6727996233333338	5.842
-1.6565089466666674	5.842
-1.6399945750000007	5.843
-1.6237030400000005	5.842
-1.6071449966666673	5.842
-1.590875836666667	5.842
-1.5745994683333335	5.841
-1.5580478450000004	5.841
-1.5415336383333336	5.841
-1.5252527433333336	5.841
-1.5087001200000003	5.839
-1.4923943883333335	5.838
-1.476109866666667	5.839
-1.459535478333334	5.838
-1.443262715	5.84
-1.4267235533333338	5.839
-1.410479818333334	5.841
-1.3939108016666668	5.842
-1.3776656033333339	5.843
-1.3611089016666673	5.843
-1.3448211600000004	5.842
-1.328356971666667	5.841
-1.3120415833333334	5.841
-1.2955997750000003	5.841
-1.2791136216666672	5.841
-1.2627515016666666	5.841
-1.2461647716666668	5.84
-1.2299603100000005	5.84
-1.2134960016666674	5.839
-1.1970653100000002	5.84
-1.1806064933333338	5.84
-1.1642362850000003	5.84
-1.147894533333334	5.839
-1.131573808333334	5.84
-1.114986796666667	5.84
-1.0985200133333337	5.84
-1.082301558333334	5.84
-1.0658784566666673	5.84
-1.049421126666667	5.84
-1.0330586433333337	5.84
-1.0166761333333336	5.839
-1.0001549233333336	5.84
-0.983774471666667	5.84
-0.9673513216666674	5.841
-0.9508645550000003	5.839
-0.9345283000000002	5.839
-0.9182026783333335	5.838
-0.9017279366666671	5.839
-0.8852413033333337	5.839
-0.8689575300000008	5.839
-0.85259711	5.839
-0.836141168333334	5.84
-0.8196418816666671	5.84
-0.8033874366666671	5.841
-0.7867848166666671	5.841
-0.7704791316666673	5.841
-0.7540482416666672	5.84
-0.7377841133333338	5.839
-0.7211621733333335	5.839
-0.7048683083333334	5.84
-0.6884794483333336	5.842
-0.6720574633333336	5.842
-0.6557255116666671	5.842
-0.6393358716666668	5.841
-0.622896176666667	5.84
-0.606319885	5.839
-0.5900546700000002	5.84
-0.5735146500000003	5.841
-0.5571480450000004	5.841
-0.5408355500000002	5.841
-0.5242921300000005	5.841
-0.5080127800000005	5.839
-0.49148198333333326	5.839
-0.47521531833333386	5.84
-0.45867307500000054	5.841
-0.44241511333333383	5.841
-0.42596261166666727	5.842
-0.40947109500000023	5.842
-0.39319972166666695	5.842
-0.3766547050000004	5.842
-0.36038150000000035	5.842
-0.3438367650000007	5.841
-0.32750478333333355	5.841
-0.31102103833333405	5.841
-0.2945767333333338	5.842
-0.27819260000000057	5.842
-0.2619230833333335	5.842
-0.24546621000000002	5.841
-0.2290305583333332	5.839
-0.21248754833333372	5.839
-0.19623779833333366	5.84
-0.1798109400000003	5.841
-0.16322863000000076	5.84
-0.14695132666666666	5.841
-0.13050342833333328	5.841
-0.11409656833333415	5.841
-0.09773053500000017	5.84
-0.08128071333333331	5.84
-0.06489776833333405	5.841
-0.04865203333333312	5.842
-0.03213909500000067	5.843
-0.015688921666667355	5.842
0.0007709516666665195	5.842
0.017055106666665765	5.845
0.0335299899999999	5.848
0.05002553166666601	5.851
0.06644869999999958	5.854
0.08286968166666586	5.858
0.09918203833333372	5.861
0.11568476166666652	5.863
0.13205276333333327	5.865
0.14849930166666603	5.869
0.1649013850000003	5.873
0.1812158583333332	5.877
0.1975484216666663	5.88
0.21394083833333255	5.883
0.23036482166666605	5.886
0.24685005499999946	5.888
0.2632076983333329	5.89
0.279602034999999	5.894
0.2959902433333328	5.896
0.3123938516666662	5.898
0.32895863666666614	5.901
0.3453340983333337	5.903
0.36168626166666584	5.905
0.37804074833333257	5.907
0.3944538066666663	5.909
0.4108167033333334	5.912
0.4274568933333329	5.914
0.44386002666666613	5.916
0.46008016666666673	5.916
0.47647635333333316	5.918
0.4928791549999998	5.92
0.5095180616666664	5.922
0.5259150233333338	5.924
0.5423060066666663	5.927
0.5587750116666665	5.93
0.5751525716666661	5.932
0.5915802899999996	5.934
0.6079589166666661	5.936
0.624249438333333	5.938
0.6408149216666672	5.94
0.6569685966666663	5.942
0.67353343	5.944
0.6898001899999997	5.944
0.7064020216666664	5.946
0.7227677566666664	5.947
0.7391486316666667	5.95
0.7555177349999997	5.952
0.7720440266666664	5.954
0.7883550599999998	5.956
0.8047599033333332	5.958
0.8211554933333334	5.96
0.8376111016666661	5.962
0.8539322533333333	5.964
0.8704169316666661	5.966
0.8867792233333329	5.968
0.9033584333333335	5.969
0.9196449016666666	5.971
0.9359548899999997	5.972
0.95232692	5.974
0.9687556983333332	5.976
0.985169215	5.978
1.0015637283333332	5.979
1.0179744966666666	5.982
1.034610793333333	5.984
1.0509569699999997	5.985
1.0672451499999998	5.986
1.083726229999999	5.986
1.1001730133333325	5.988
1.1165504549999996	5.99
1.1328877349999997	5.992
1.1493524849999996	5.994
1.1657892233333333	5.996
1.1821229433333338	5.997
1.1985818199999994	5.999
1.2150116366666666	6.001
1.2314474000000004	6.003
1.2478761316666667	6.006
1.2641619733333327	6.007
1.2805675099999991	6.009
1.2970389949999994	6.011
1.3133459699999994	6.013
1.3297752616666667	6.016
1.3462551949999995	6.017
1.3627442249999993	6.019
1.3790265999999995	6.019
1.3954859149999992	6.02
1.4117697316666664	6.022
1.4282449916666664	6.023
1.4446770733333336	6.025
1.4611075683333326	6.026
1.4775610766666656	6.028
1.493829896666666	6.031
1.5104205183333326	6.032
1.5266228650000002	6.033
1.543018524999999	6.034
1.5595379249999999	6.035
1.575993201666666	6.037
1.5924376366666664	6.037
1.6086612899999997	6.037
1.625100925	6.038
1.641611984999999	6.041
1.657871581666666	6.043
1.6742053600000002	6.045
1.6906627983333333	6.045
1.7072791983333335	6.046
1.7236233283333329	6.048
1.7401062349999998	6.05
1.756297055	6.051
1.772673086666667	6.052
1.7892783616666659	6.054
1.8054745483333328	6.056
1.8219359683333334	6.057
1.8384608150000004	6.057
1.8548753583333326	6.059
1.8712933466666657	6.061
1.8876021833333327	6.063
1.9040179916666657	6.065
1.9203863299999995	6.066
1.9367618616666666	6.067
1.9531401283333327	6.069
1.9695809100000004	6.07
1.986000006666667	6.071
2.002557211666667	6.071
2.018850331666666	6.073
2.0352081166666665	6.075
2.051586351666667	6.077
2.068113201666666	6.079
2.0845212650000002	6.08
2.100881666666666	6.081
2.1172736216666665	6.082
2.133619763333333	6.083
2.150244101666667	6.085
2.1666035700000004	6.087
2.1829625849999994	6.089
2.1993794933333337	6.09
2.2157047433333332	6.091
2.2322764999999993	6.092
2.248647713333334	6.093
2.2648941066666666	6.094
2.2813852149999994	6.095
2.2978236716666665	6.096
2.3142615283333328	6.098
2.330591488333333	6.098
2.3470678583333333	6.1
2.3633585266666666	6.101
2.3798265799999996	6.103
2.39633731	6.104
2.4125437783333323	6.105
2.4290571116666664	6.106
2.4455256716666662	6.108
2.4620248783333336	6.111
2.4782603099999996	6.113
2.4947872349999995	6.114
2.5112833583333325	6.114
2.527665758333333	6.113
2.543865283333333	6.115
2.5603123833333337	6.117
2.5767152783333334	6.12
2.593097983333333	6.12
2.6096300150000005	6.121
2.626076556666666	6.121
2.642479746666666	6.124
2.658908556666667	6.123
2.6753149899999995	6.126
2.6916608899999996	6.127
2.708163568333333	6.13
2.724409855	6.132
2.740911801666667	6.131
2.757348414999999	6.133
2.7737498883333327	6.133
2.7899723649999997	6.135
2.80646024	6.135
2.8227419749999996	6.136
2.839267025	6.137
2.855627188333333	6.138
2.872139121666666	6.139
2.888585928333333	6.14
2.90480044	6.14
2.9213940949999992	6.14
2.9377708699999996	6.142
2.954048863333332	6.144
2.9704485599999995	6.146
2.986932791666666	6.145
3.0032869783333327	6.145
3.0196695616666656	6.146
3.0362763983333325	6.148
3.0526795033333336	6.149
3.068816606666667	6.151
3.0854269033333326	6.153
3.1018565449999995	6.153
3.1181640366666663	6.155
3.134698238333333	6.156
3.151061376666666	6.157
3.167435218333333	6.158
3.1837905483333326	6.159
3.2001498533333326	6.16
3.2167421999999997	6.159
3.2331356033333334	6.16
3.249420296666667	6.161
3.2657840866666668	6.162
3.282354176666667	6.163
3.2987591416666664	6.165
3.315141558333333	6.166
3.3314773066666667	6.167
3.347802953333333	6.168
3.364284333333333	6.169
3.3807696566666667	6.17
3.396973648333333	6.172
3.413663493333333	6.174
3.4298811000000002	6.174
3.4464123099999995	6.175
3.4626567616666666	6.175
3.479227121666667	6.177
3.4953913399999994	6.178
3.5118355649999993	6.18
3.5283461366666664	6.182
3.5448586549999996	6.183
3.561088754999999	6.183
3.5776311366666667	6.182
3.5940406966666663	6.182
3.6102746666666663	6.184
3.6266611949999996	6.186
3.6431555133333324	6.189
3.6595490899999996	6.19
3.676004111666667	6.19
3.6925079783333326	6.191
3.7087658066666664	6.192
3.7252737466666668	6.193
3.7417063966666655	6.194
3.758117865	6.195
3.774332248333333	6.197
3.7908652116666657	6.198
3.8072914916666667	6.2
3.8236041416666664	6.201
3.840048733333334	6.202
3.8565612233333324	6.201
3.872791763333333	6.202
3.889281856666666	6.203
3.905700921666667	6.207
3.921962885	6.206
3.9386450349999995	6.206
3.9548576199999994	6.206
3.9712592916666667	6.207
3.987825423333333	6.209
4.004240461666666	6.209
4.02068222	6.214
4.036856871666665	6.214
4.053326248333332	6.215
4.069828776666665	6.212
4.086202748333332	6.213
4.102583745	6.214
4.118919364999999	6.215
4.135291348333333	6.216
4.151876593333333	6.218
4.168244798333334	6.218
4.184654216666666	6.218
4.201106983333333	6.218
4.217431474999999	6.221
4.2337952366666665	6.222
4.250215036666666	6.224
4.266587571666666	6.224
4.282944821666667	6.224
4.299520358333333	6.224
4.315915876666666	6.225
4.332220591666666	6.226
4.348805659999999	6.227
4.365114551666667	6.23
4.38150395	6.231
4.397923605	6.232
4.414297791666667	6.233
4.4306850550000005	6.234
4.447076271666666	6.234
4.46343799	6.234
4.479837146666667	6.235
4.496268831666666	6.234
4.512645171666667	6.235
4.529028368333333	6.236
4.545546371666666	6.237
4.562036481666667	6.239
4.578416081666666	6.24
4.594730960000001	6.241
4.611174665000001	6.242
4.6274935316666665	6.243
4.644142111666665	6.244
4.660316803333333	6.245
4.676709073333332	6.246
4.693136139999999	6.247
4.70951053	6.247
4.726094698333333	6.247
4.742347013333334	6.248
4.758879456666667	6.248
4.775241683333333	6.249
4.791585301666667	6.25
4.8081373749999985	6.253
4.824499759999999	6.255
4.840816753333333	6.255
4.8572345	6.255
4.873768036666667	6.256
4.89012459	6.257
4.906455038333333	6.258
4.922828985	6.259
4.939338656666666	6.26
4.9556864716666675	6.261
4.972257133333334	6.262
4.988591471666667	6.262
5.004954541666666	6.263
5.0213032533333335	6.263
5.037649768333334	6.265
5.0542108783333335	6.265
5.070570648333333	6.266
5.086952248333334	6.267
5.103366615	6.268
5.119703751666667	6.268
5.136312175000001	6.268
5.152657329999999	6.268
5.1690387016666675	6.27
5.18543733	6.271
5.201790786666668	6.272
5.218183468333332	6.273
5.234529428333334	6.274
5.250980653333333	6.275
5.267404231666666	6.276
5.283973018333332	6.278
5.300362579999999	6.278
5.316732276666666	6.278
5.333075833333333	6.279
5.349507973333332	6.281
5.365830945	6.282
5.382416946666667	6.282
5.398747985000001	6.284
5.415190106666667	6.285
5.431561328333333	6.286
5.44793334	6.286
5.464301641666666	6.287
5.480719648333333	6.287
5.497040641666666	6.288
5.513598194999999	6.288
5.529912116666666	6.29
5.546341043333332	6.291
5.562783583333334	6.293
5.579212528333334	6.294
5.595469813333334	6.295
5.612035163333334	6.296
5.628255168333333	6.296
5.64472081	6.296
5.661109200000001	6.297
5.677503851666665	6.299
5.694073258333334	6.299
5.710421153333333	6.3
5.726861086666665	6.3
5.743081534999999	6.303
5.759547576666667	6.303
5.775933983333332	6.304
5.792503300000001	6.304
5.808873301666668	6.305
5.825223486666666	6.305
5.841571214999999	6.305
5.857985456666666	6.305
5.874375545	6.306
5.890817635	6.308
5.907273633333333	6.309
5.923674335	6.31
5.9400993433333324	6.311
5.956400234999999	6.311
5.972824526666666	6.312
5.989214745000001	6.312
6.005583406666667	6.312
6.022109883333333	6.314
6.038536825	6.314
6.054956215	6.314
6.071349994999999	6.314
6.087839768333333	6.315
6.104200373333334	6.316
6.120494966666667	6.317
6.13692604	6.318
6.153300880000001	6.319
6.169879208333334	6.32
6.1861862499999996	6.321
6.202550750000001	6.322
6.218911799999998	6.323
6.235291725000001	6.323
6.251790698333333	6.323
6.268217604999999	6.324
6.284548658333333	6.324
6.300913083333332	6.324
6.317371349999999	6.325
6.333726613333332	6.326
6.350274751666666	6.327
6.36671184	6.327
6.3831532016666666	6.327
6.399483299999999	6.327
6.415732046666666	6.328
6.432322119999999	6.329
6.448710383333332	6.331
6.465019688333332	6.332
6.481356541666666	6.333
6.498004395	6.333
6.514330218333334	6.332
6.5307299516666655	6.332
6.547069381666668	6.334
6.563394971666665	6.336
6.580009481666667	6.337
6.5963819500000005	6.338
6.612709285	6.337
6.629158011666665	6.338
6.645512101666665	6.338
6.661826238333334	6.339
6.678259849999999	6.339
6.694727061666666	6.341
6.711053221666666	6.342
6.727419123333331	6.344
6.744013355000001	6.346
6.7604668850000005	6.347
6.776870931666665	6.347
6.793278253333333	6.347
6.8096598466666665	6.348
6.826000865	6.349
6.842363631666665	6.35
6.858729075	6.35
6.8751058333333335	6.35
6.891632994999999	6.351
6.908060746666666	6.352
6.924357706666666	6.352
6.940949225	6.352
6.957124878333334	6.353
6.973568531666666	6.354
6.990036973333333	6.355
7.006441833333333	6.355
7.022858884999999	6.357
7.039210951666667	6.357
7.055709201666665	6.358
7.07218723	6.357
7.088637294999999	6.358
7.104862028333332	6.358
7.1212143633333325	6.361
7.137858655	6.362
7.154022479999999	6.363
7.170399871666667	6.364
7.186998638333333	6.364
7.20333161	6.364
7.219761711666666	6.363
7.236269843333333	6.365
7.252444321666666	6.365
7.268966673333334	6.366
7.285352646666667	6.367
7.301786878333334	6.368
7.318171886666666	6.369
7.334558089999999	6.369
7.350940595	6.37
7.367561675	6.37
7.383849706666667	6.37
7.400202518333333	6.37
7.416762775	6.37
7.433113216666665	6.372
7.449475376666666	6.373
7.4659077599999994	6.374
7.482274311666667	6.375
7.49864158	6.375
7.514971208333333	6.376
7.531365939999998	6.375
7.547983408333333	6.375
7.564369881666667	6.375
7.580723761666667	6.377
7.597063400000001	6.378
7.613470284999999	6.379
7.629866901666666	6.38
7.646458626666667	6.38
7.662809331666668	6.381
7.679093516666666	6.382
7.69569496	6.382
7.712018801666667	6.383
7.728427604999999	6.383
7.744878500000001	6.383
7.761124268333334	6.384
7.777578018333332	6.384
7.794046863333333	6.385
7.810357405	6.387
7.8268375699999995	6.388
7.843312699999999	6.39
7.8595780716666654	6.391
7.876089001666666	6.391
7.892538141666667	6.391
7.908932868333333	6.392
7.925219551666667	6.393
7.941707093333332	6.393
7.9581895483333325	6.393
7.974508675	6.394
7.990905558333332	6.396
8.007408823333332	6.396
8.023799316666665	6.397
8.040256551666666	6.397
8.056740954999999	6.396
8.073063471666664	6.397
8.089354213333333	6.396
8.105852618333333	6.398
8.122349283333332	6.398
8.138632658333332	6.4
8.155145128333334	6.401
8.171351148333333	6.404
8.18781422	6.404
8.204220546666665	6.404
8.220715169999998	6.404
8.237196673333333	6.404
8.253452751666668	6.405
8.269866024999999	6.405
8.286323418333332	6.406
8.302836696666667	6.407
8.31910264333333	6.407
8.335597198333332	6.406
8.351862685	6.406
8.368327845	6.408
8.384827391666665	6.411
8.401283988333333	6.412
8.417482258333333	6.412
8.434067093333333	6.412
8.450470385	6.412
8.466714555	6.412
8.48332623	6.412
8.499634533333332	6.414
8.51594957	6.413
8.532320543333334	6.414
8.548740453333334	6.415
8.565125141666666	6.417
8.581733996666667	6.417
8.598143363333332	6.417
8.614475315	6.417
8.630878718333332	6.417
8.647234741666669	6.417
8.663838764999998	6.418
8.680015451666666	6.419
8.696424669999999	6.419
8.713028864999998	6.42
8.729257641666667	6.421
8.745645256666666	6.423
8.762315828333332	6.424
8.778597675	6.424
8.794919823333334	6.424
8.811330713333334	6.424
8.827862118333332	6.425
8.844280744999999	6.426
8.860508713333335	6.426
8.877018721666666	6.426
8.893403785	6.427
8.909811678333334	6.428
8.926356466666665	6.428
8.94278702	6.429
8.959244191666667	6.43
8.975399195000001	6.431
8.991888181666667	6.431
9.008417925	6.43
9.024605269999999	6.429
9.041191721666667	6.431
9.05764113833333	6.432
9.073968911666665	6.433
9.090405096666665	6.433
9.106688169999998	6.435
9.123224383333334	6.436
9.139723104999998	6.436
9.156024868333333	6.435
9.172492755	6.436
9.188905961666666	6.437
9.205192533333335	6.437
9.221596453333333	6.436
9.238012583333333	6.437
9.25443314	6.439
9.270967735	6.44
9.287425141666667	6.44
9.303667838333332	6.44
9.320091495	6.441
9.336483201666667	6.441
9.352911558333332	6.442
9.36931835	6.442
9.385775176666666	6.443
9.402302713333334	6.443
9.418479691666665	6.445
9.434891133333334	6.446
9.451356409999999	6.447
9.467822601666665	6.448
9.484149445	6.448
9.50063957	6.448
9.517068953333332	6.449
9.533597621666665	6.448
9.549921343333335	6.448
9.566354539999999	6.448
9.582699869999999	6.449
9.599054159999998	6.451
9.615413125	6.452
9.631991051666667	6.453
9.648360251666666	6.454
9.664743304999998	6.454
9.681105491666667	6.454
9.697513353333331	6.455
9.713883433333333	6.456
9.73048615	6.457
9.746849433333335	6.458
9.763183898333335	6.459
9.779552868333333	6.459
9.795912306666665	6.459
9.812543086666668	6.459
9.828886865000001	6.46
9.845244188333332	6.461
9.861617816666666	6.46
9.878004174999997	6.461
9.894569718333333	6.461
9.910869606666669	6.461
9.927395205	6.462
9.943701433333334	6.462
9.96011145	6.463
9.976568038333333	6.463
9.993006891666667	6.464
10.009469016666667	6.465
10.025750931666668	6.465
10.042141833333332	6.466
10.058529563333334	6.468
10.075009268333332	6.469
10.091382668333335	6.471
10.107891533333333	6.471
10.124242769999999	6.472
10.140633189999999	6.472
10.157094476666668	6.472
10.173482905	6.472
10.189781536666668	6.473
10.206170936666666	6.473
10.222831046666666	6.473
10.239050231666667	6.473
10.255428851666668	6.471
10.271896694999999	6.471
10.288324710000001	6.473
10.304778333333335	6.476
10.321214446666666	6.48
10.337652021666667	6.481
10.354028493333331	6.482
10.370257956666666	6.481
10.386717815	6.48
10.403207746666666	6.48
10.419660753333332	6.481
10.436033795	6.482
10.452428421666667	6.481
10.468887273333333	6.481
10.485307788333333	6.481
10.501697421666666	6.482
10.518065275000001	6.483
10.534453646666666	6.483
10.550981836666669	6.484
10.56739081	6.485
10.583831796666665	6.485
10.600186866666668	6.484
10.616574969999999	6.484
10.633021111666668	6.484
10.649422455	6.485
10.665762658333332	6.485
10.682108328333335	6.487
10.698470655000001	6.488
10.715034803333332	6.488
10.731414763333333	6.487
10.747924314999999	6.487
10.76427536	6.488
10.780683098333334	6.489
10.796964663333334	6.489
10.813563036666668	6.488
10.829890581666668	6.489
10.846288143333332	6.49
10.862673245	6.49
10.879022731666666	6.491
10.895417389999999	6.492
10.912020121666664	6.493
10.92842375	6.494
10.944763746666666	6.493
10.961117566666665	6.493
10.977516824999999	6.492
10.993974133333332	6.493
11.010250136666667	6.494
11.026920438333335	6.497
11.04307176833333	6.497
11.059573756666666	6.497
11.075982265	6.496
11.092420545	6.496
11.108884871666667	6.496
11.125116845	6.496
11.141603029999999	6.496
11.158095746666667	6.498
11.174550995	6.499
11.190806908333332	6.5
11.207205755	6.5
11.223708171666665	6.501
11.240222148333334	6.502
11.256385001666665	6.503
11.272849693333331	6.503
11.289250031666665	6.502
11.305724895	6.503
11.322077281666665	6.504
11.338517886666668	6.504
11.355033814999999	6.504
11.371302673333332	6.504
11.387660256666667	6.506
11.40424865	6.507
11.420498380000002	6.507
11.4369962	6.507
11.45343927	6.508
11.469861826666666	6.51
11.486250688333332	6.51
11.502480061666667	6.51
11.518944389999998	6.51
11.535469256666666	6.51
11.551980961666665	6.51
11.568228916666666	6.511
11.584653011666667	6.512
11.601124519999999	6.512
11.617588516666665	6.512
11.633810989999997	6.512
11.650363211666669	6.513
11.666749840000001	6.514
11.683079758333331	6.515
11.699561966666668	6.516
11.716058915000001	6.517
11.732281096666668	6.517
11.748747990000002	6.517
11.765091966666667	6.518
11.781467796666668	6.519
11.79783307	6.519
11.814384238333332	6.52
11.830779433333333	6.52
11.847119175	6.521
11.863504868333333	6.521
11.879883213333333	6.521
11.896469960000001	6.522
11.912746933333334	6.522
11.929331498333333	6.522
11.945658893333334	6.523
11.962051438333333	6.522
11.978454553333336	6.523
11.995024365000003	6.524
12.011362391666665	6.524
12.027770316666668	6.525
12.044142483333335	6.525
12.06058793	6.526
12.076959519999999	6.526
12.093315235000002	6.526
12.109746066666666	6.526
12.12611411	6.526
12.142520765	6.527
12.159081716666666	6.528
12.175387643333334	6.529
12.191731845	6.529
12.208095051666668	6.53
12.224726561666667	6.53
12.241035533333335	6.531
12.257327888333332	6.532
12.273789060000002	6.531
12.290095598333334	6.531
12.306754466666668	6.532
12.32302016666667	6.533
12.339342283333334	6.533
12.35598705	6.533
12.372357466666667	6.533
12.38865685	6.533
12.405057966666668	6.534
12.421422466666666	6.535
12.437813850000001	6.536
12.45419796666667	6.537
12.470756349999998	6.538
12.487131650000002	6.538
12.503551666666667	6.538
12.519939883333333	6.538
12.536321783333335	6.538
12.552659600000002	6.538
12.569278316666669	6.538
12.585578233333333	6.536
12.601951283333335	6.536
12.618509966666668	6.537
12.634816116666666	6.539
12.65114965	6.54
12.66771275	6.541
12.684135733333335	6.54
12.70034845	6.541
12.717014000000002	6.541
12.733362583333331	6.544
12.749735433333335	6.545
12.766130883333336	6.546
12.782540000000001	6.546
12.798958683333332	6.544
12.815376500000003	6.543
12.831835783333332	6.543
12.848137900000001	6.544
12.864524566666667	6.545
12.880973183333332	6.544
12.897347866666667	6.545
12.913981316666668	6.546
12.930296599999998	6.548
12.946683066666669	6.548
12.963084850000001	6.548
12.979421650000003	6.548
12.99584845	6.55
13.012200616666664	6.55
13.02881201666667	6.55
13.0451415	6.55
13.061526116666666	6.55
13.077896299999999	6.551
13.094266700000002	6.551
13.110648966666666	6.552
13.12697651666667	6.553
13.143663116666666	6.553
13.159957066666667	6.554
13.176327266666668	6.555
13.192695050000001	6.556
13.20929375	6.555
13.2257055	6.554
13.242049299999998	6.554
13.2583691	6.555
13.27474625	6.557
13.29125445	6.557
13.307624883333336	6.558
13.324162599999998	6.558
13.340510716666667	6.558
13.35686145	6.558
13.373385666666668	6.56
13.389784316666667	6.561
13.406146033333332	6.561
13.422556916666668	6.561
13.43885791666667	6.562
13.455436666666667	6.563
13.47177315	6.562
13.488165933333335	6.563
13.5044948	6.563
13.520862533333336	6.564
13.537415633333332	6.565
13.55374526666667	6.565
13.570289383333332	6.565
13.58662725	6.566
13.60296626666667	6.567
13.619363816666667	6.568
13.635743650000002	6.568
13.6523444	6.568
13.668660383333332	6.567
13.685016166666667	6.567
13.701618633333336	6.567
13.717962150000002	6.568
13.734312516666666	6.568
13.75070595	6.569
13.767095133333335	6.569
13.7836566	6.571
13.800020583333335	6.572
13.816359366666667	6.572
13.832738483333337	6.572
13.849117750000001	6.572
13.865522633333335	6.572
13.882065350000001	6.572
13.898416483333335	6.572
13.914831866666667	6.573
13.931435400000002	6.573
13.947777400000003	6.575
13.963947749999999	6.575
13.980449783333334	6.576
13.99686251666667	6.576
14.013431983333334	6.576
14.029765083333334	6.576
14.04619321666667	6.578
14.062518333333337	6.579
14.07886728333333	6.578
14.095474750000001	6.579
14.11185101666667	6.581
14.1282606	6.583
14.144594166666668	6.585
14.160920816666668	6.584
14.1774485	6.583
14.193805399999999	6.581
14.210414850000003	6.582
14.226758983333333	6.582
14.243108983333336	6.583
14.259515149999999	6.582
14.275869483333334	6.582
14.292364183333337	6.583
14.308692733333334	6.584
14.325131200000001	6.585
14.341622983333334	6.585
14.3580431	6.588
14.374493233333336	6.589
14.390723583333337	6.589
14.407165499999998	6.587
14.4236368	6.588
14.440071616666668	6.589
14.456322150000002	6.59
14.473027049999999	6.59
14.489180900000001	6.589
14.50563711666667	6.589
14.52216945	6.589
14.538381116666667	6.588
14.555051650000003	6.589
14.571211083333335	6.59
14.587752400000003	6.592
14.604198166666666	6.592
14.620480666666666	6.592
14.636943516666665	6.594
14.653366116666668	6.594
14.669806883333333	6.595
14.686184083333334	6.595
14.7026681	6.595
14.719150599999999	6.596
14.735473716666668	6.596
14.751913033333334	6.597
14.768308566666665	6.596
14.78480935	6.597
14.801225549999998	6.597
14.817590033333335	6.598
14.83400261666667	6.598
14.85044285	6.599
14.866660583333335	6.599
14.8830843	6.599
14.899497933333333	6.6
14.915930716666669	6.599
14.932295466666666	6.599
14.948751400000003	6.598
14.965142633333333	6.599
14.981583283333332	6.6
14.997972733333334	6.601
15.014345899999999	6.602
15.030974149999999	6.602
15.047322350000002	6.601
15.063707766666667	6.601
15.080086516666668	6.602
15.096554383333334	6.604
15.112918116666666	6.605
15.129267800000001	6.605
15.145592100000002	6.604
15.1622089	6.604
15.178532266666668	6.606
15.194942883333336	6.607
15.211288150000001	6.607
15.227892916666665	6.606
15.244155450000001	6.606
15.2606729	6.606
15.277060566666666	6.607
15.293385983333334	6.608
15.309776116666665	6.609
15.3261417	6.609
15.342738216666667	6.609
15.35906405	6.609
15.375460450000002	6.608
15.39182606666667	6.61
15.408249433333335	6.611
15.424836133333333	6.612
15.441170666666668	6.612
15.457581916666665	6.612
15.47387241666667	6.612
15.490455366666666	6.613
15.506814233333333	6.613
15.523255850000002	6.613
15.539752233333335	6.613
15.555963283333334	6.612
15.572559050000002	6.613
15.5889555	6.614
15.605293450000001	6.615
15.621714516666668	6.616
15.63807105	6.616
15.654377200000003	6.617
15.670953749999999	6.618
15.687309550000002	6.619
15.703698333333332	6.619
15.720049116666665	6.618
15.736654466666668	6.619
15.7530209	6.62
15.769260616666667	6.622
15.785912633333336	6.622
15.802100316666667	6.623
15.818715516666668	6.623
15.835113750000001	6.623
15.851509100000001	6.623
15.867824933333335	6.622
15.884126250000001	6.622
15.900736783333336	6.622
15.917132733333336	6.622
15.93351578333333	6.624
15.949853116666667	6.625
15.96622305	6.625
15.98269595	6.626
15.9991245	6.626
16.01544356666667	6.627
16.03197576666667	6.627
16.048315866666666	6.626
16.0648806	6.626
16.0811844	6.627
16.097719783333336	6.628
16.113945283333333	6.629
16.130548116666667	6.63
16.146877033333336	6.631
16.163324433333337	6.631
16.17966435	6.631
16.19604115	6.632
16.2123917	6.633
16.228780999999998	6.633
16.245426616666666	6.633
16.261737383333333	6.631
16.278080083333332	6.631
16.2944852	6.63
16.310889033333332	6.63
16.327263	6.631
16.343838233333333	6.632
16.360122816666667	6.632
16.37652275	6.632
16.39290675	6.633
16.40955475	6.635
16.425722466666667	6.636
16.442361716666667	6.636
16.45868701666667	6.634
16.475063783333333	6.634
16.491484449999998	6.634
16.507923383333335	6.634
16.524418816666667	6.634
16.540664616666668	6.634
16.557162683333335	6.635
16.57345735	6.638
16.589921066666665	6.639
16.606255133333335	6.641
16.622754033333333	6.64
16.639258483333332	6.64
16.6556929	6.64
16.671942183333336	6.64
16.68840288333333	6.64
16.70495	6.64
16.7211738	6.64
16.737658550000003	6.64
16.754136083333336	6.642
16.770564366666665	6.642
16.786981816666668	6.642
16.803206983333336	6.642
16.819737733333334	6.642
16.83607501666667	6.642
16.852506066666667	6.643
16.86907635	6.643
16.885362	6.644
16.901745483333336	6.644
16.918302633333333	6.646
16.93462531666667	6.647
16.951173016666665	6.648
16.967364800000002	6.647
16.98383946666667	6.648
17.000299733333332	6.647
17.0165408	6.649
17.033190933333337	6.65
17.04953711666667	6.65
17.06588903333333	6.65
17.082364583333334	6.649
17.09865686666667	6.649
17.11502855	6.648
17.131435200000002	6.649
17.147892799999997	6.65
17.164453766666668	6.651
17.180633083333333	6.651
17.19720355	6.651
17.21368231666667	6.651
17.229885083333336	6.651
17.246457883333335	6.65
17.2628118	6.65
17.279131466666666	6.651
17.295557333333335	6.652
17.31213251666667	6.653
17.32847845	6.654
17.344855000000003	6.654
17.361266	6.653
17.377587116666668	6.653
17.394251	6.653
17.410593066666667	6.655
17.426997683333333	6.655
17.44333741666667	6.657
17.45971318333333	6.657
17.47608513333333	6.659
17.492460933333337	6.659
17.509013733333337	6.659
17.525406466666666	6.659
17.5418494	6.659
17.558218983333337	6.659
17.574644900000003	6.659
17.591054833333335	6.66
17.60747235	6.661
17.623726183333332	6.662
17.640267883333333	6.662
17.656750066666667	6.662
17.673207016666666	6.662
17.689482783333336	6.661
17.705946216666668	6.661
17.722403433333334	6.662
17.738846499999998	6.662
17.7550638	6.662
17.7715388	6.663
17.7879708	6.663
17.804417766666667	6.664
17.820946216666666	6.664
17.837200733333333	6.665
17.853677516666668	6.665
17.8701815	6.665
17.886426783333334	6.665
17.90285175	6.664
17.919313433333336	6.665
17.935848816666667	6.665
17.95203555	6.666
17.96847155	6.667
17.984983950000004	6.667
18.00122706666667	6.667
18.017768133333334	6.667
18.034210083333335	6.668
18.050549600000004	6.668
18.0670502	6.67
18.083330166666666	6.67
18.099794533333334	6.671
18.116198916666665	6.67
18.132667716666667	6.669
18.149131133333334	6.67
18.165587066666667	6.671
18.181803383333335	6.672
18.19828131666667	6.672
18.2146967	6.672
18.23111956666667	6.672
18.2474423	6.673
18.263828366666665	6.674
18.280287983333334	6.675
18.296705	6.675
18.31330648333333	6.676
18.329655000000002	6.676
18.346026416666668	6.676
18.36247485	6.677
18.378808616666667	6.676
18.395346883333335	6.676
18.411700733333333	6.676
18.428034766666666	6.677
18.444439633333335	6.679
18.46081135	6.678
18.477241333333335	6.678
18.49362521666667	6.678
18.510208400000003	6.678
18.52657526666667	6.679
18.542961316666666	6.678
18.559255850000003	6.677
18.575884983333335	6.677
18.5922267	6.678
18.608604200000002	6.679
18.624951266666667	6.678
18.641331783333335	6.679
18.657994883333334	6.679
18.674374533333335	6.681
18.69058551666667	6.68
18.70701061666667	6.681
18.72354545	6.681
18.74001798333333	6.682
18.756238016666668	6.682
18.772682	6.684
18.78907636666667	6.684
18.80553413333333	6.684
18.82203585	6.684
18.838493	6.685
18.854710233333336	6.686
18.871244516666668	6.686
18.8877712	6.684
18.9039039	6.684
18.920609900000002	6.684
18.93675896666667	6.684
18.953286233333333	6.684
18.969578183333336	6.684
18.9861247	6.685
19.002496716666666	6.686
19.018924916666666	6.686
19.035429083333334	6.686
19.0516583	6.686
19.06819475	6.686
19.08459541666667	6.686
19.101010633333335	6.686
19.117510266666667	6.687
19.133904400000002	6.687
19.150213516666668	6.687
19.166622466666666	6.687
19.183021433333334	6.689
19.1994836	6.69
19.215964833333334	6.692
19.232302433333334	6.693
19.24878145	6.693
19.265187033333337	6.692
19.28163113333333	6.69
19.298013516666664	6.69
19.31424906666667	6.691
19.330707166666667	6.692
19.347097883333333	6.693
19.363556566666666	6.694
19.379940133333335	6.694
19.39637641666667	6.695
19.412915566666666	6.695
19.42929786666667	6.695
19.445600250000002	6.694
19.462130533333333	6.694
19.47856086666667	6.694
19.4950301	6.694
19.511175683333335	6.694
19.5277525	6.694
19.5441317	6.695
19.560502433333337	6.695
19.57686736666667	6.695
19.593437333333334	6.696
19.609752866666668	6.696
19.62612765	6.696
19.642513483333335	6.696
19.658969250000002	6.696
19.675341066666668	6.696
19.691908166666668	6.697
19.708231816666665	6.697
19.724641883333334	6.697
19.741019666666666	6.698
19.75736008333333	6.697
19.773957066666668	6.697
19.790217466666668	6.697
19.806873083333333	6.698
19.823129583333333	6.7
19.839554483333334	6.701
19.855935116666668	6.701
19.872295616666666	6.701
19.88883026666667	6.701
19.905274833333333	6.701
19.921763300000002	6.702
19.93799195	6.702
19.954385666666667	6.703
19.9707942	6.704
19.98724656666667	6.704
20.003559983333336	6.704
20.020005033333337	6.704
20.036472933333332	6.704
20.052882466666667	6.704
20.069322883333335	6.704
20.08564685	6.704
20.102199783333333	6.705
20.1186222	6.706
20.1351105	6.706
20.151343683333334	6.706
20.1678325	6.705
20.184269999999998	6.705
20.20051725	6.705
20.2170346	6.706
20.233577666666665	6.707
20.249852683333334	6.706
20.266248716666666	6.706
20.282541666666667	6.705
20.299037783333336	6.706
20.315499966666668	6.706
20.3319529	6.706
20.34839126666667	6.706
20.364616116666667	6.706
20.381131383333333	6.706
20.39757893333333	6.706
20.414038050000002	6.707
20.430500133333336	6.709
20.44665583333333	6.708
20.463200633333333	6.708
20.479697483333336	6.708
20.495958516666665	6.708
20.512324250000002	6.709
20.528917183333334	6.708
20.545286400000002	6.708
20.5617074	6.709
20.578001583333336	6.709
20.594548616666668	6.709
20.61087895	6.709
20.62721915	6.71
20.643857516666667	6.71
20.660232516666667	6.71
20.676520800000002	6.71
20.692974216666666	6.71
20.709309716666667	6.71
20.7259377	6.712
20.7422362	6.713
20.758610283333333	6.714
20.774966866666666	6.712
20.791441233333334	6.712
20.807791050000002	6.713
20.82416235	6.714
20.840587983333332	6.714
20.85697461666667	6.714
20.87364385	6.714
20.88982635	6.714
20.906305616666668	6.713
20.922763466666666	6.713
20.93919105	6.713
20.955576266666668	6.714
20.972087433333336	6.716
20.988474516666667	6.716
21.004726150000003	6.715
21.021167016666666	6.714
21.037681233333334	6.716
21.0540703	6.717
21.070495783333335	6.718
21.08694291666667	6.718
21.103435	6.719
21.119735183333333	6.72
21.136053916666665	6.72
21.152526166666664	6.719
21.168992533333334	6.72
21.18549528333333	6.721
21.201871683333334	6.721
21.218079916666664	6.721
21.234502483333333	6.72
21.250939183333337	6.72
21.2673288	6.721
21.28385211666667	6.722
21.3001384	6.721
21.316609566666667	6.72
21.333042383333332	6.721
21.349440266666665	6.721
21.366017000000003	6.722
21.382182683333333	6.721
21.398805666666668	6.721
21.415169133333336	6.721
21.43159365	6.721
21.4479933	6.722
21.464523133333334	6.721
21.480771283333333	6.722
21.497182033333335	6.724
21.513589533333334	6.724
21.530075916666668	6.724
21.54652635	6.723
21.562793383333332	6.723
21.5792825	6.722
21.59566181666667	6.722
21.612038750000004	6.723
21.62857445	6.724
21.644936366666666	6.725
21.661381650000003	6.725
21.677693316666666	6.726
21.694010433333336	6.726
21.710613366666667	6.725
21.726971983333335	6.726
21.743376116666667	6.726
21.759817333333334	6.727
21.776317066666667	6.726
21.79275051666667	6.725
21.809104066666666	6.726
21.825473100000004	6.726
21.841862233333334	6.726
21.85819215	6.727
21.87466695	6.727
21.891019916666668	6.727
21.907411383333336	6.726
21.924033116666667	6.725
21.940416016666667	6.726
21.956796816666667	6.727
21.9731607	6.727
21.989608366666666	6.726
22.005980216666668	6.726
22.022472233333332	6.727
22.03883755	6.728
22.055288383333334	6.728
22.071702466666665	6.728
22.088050016666667	6.729
22.10455908333333	6.729
22.120939666666665	6.728
22.1373525	6.729
22.1537349	6.729
22.170076983333335	6.729
22.186453516666667	6.729
22.203089583333334	6.729
22.219276683333334	6.729
22.235631316666666	6.729
22.25217985	6.729
22.268672666666667	6.729
22.28511901666667	6.729
22.301478900000003	6.729
22.31784065	6.729
22.3341788	6.729
22.350584533333336	6.729
22.36701061666667	6.73
22.383558516666668	6.729
22.3997855	6.729
22.4163442	6.729
22.432685100000004	6.73
22.449132366666667	6.73
22.46546143333333	6.73
22.48188131666667	6.731
22.4983452	6.73
22.514753483333333	6.73
22.53108835	6.731
22.547474200000003	6.731
22.563815583333334	6.732
22.580394833333337	6.731
22.5968334	6.73
22.61323446666667	6.73
22.629665333333335	6.731
22.646033366666668	6.731
22.662453983333332	6.731
22.678777666666665	6.731
22.695244666666667	6.731
22.7115559	6.733
22.728141133333335	6.732
22.744447666666666	6.732
22.760822283333333	6.733
22.77724855	6.732
22.793627416666666	6.732
22.809980566666667	6.733
22.826528633333336	6.736
22.842861733333336	6.737
22.859259	6.736
22.875893533333336	6.734
22.892255016666667	6.734
22.908572749999998	6.735
22.92490455	6.736
22.94128265	6.736
22.957912383333333	6.735
22.974286333333335	6.737
22.99060486666667	6.738
23.006968766666667	6.739
23.023338550000002	6.74
23.039925716666666	6.739
23.056274083333335	6.74
23.072605033333335	6.738
23.089043616666665	6.74
23.10544276666667	6.74
23.121823083333332	6.741
23.138234566666668	6.741
23.154693033333334	6.741
23.171052900000003	6.741
23.18751555	6.741
23.203875066666665	6.741
23.220235983333335	6.741
23.236915933333332	6.741
23.253261483333336	6.741
23.269460783333333	6.741
23.286068983333333	6.741
23.302457216666667	6.741
23.318928733333333	6.74
23.335277783333332	6.74
23.351738416666667	6.74
23.3680441	6.74
23.384377316666665	6.741
23.40099856666667	6.741
23.417361133333333	6.741
23.43370356666667	6.741
23.4501582	6.742
23.4665615	6.741
23.482874250000002	6.74
23.499244516666668	6.74
23.51582613333333	6.741
23.532119316666666	6.742
23.548673566666668	6.743
23.565058416666666	6.742
23.581470833333334	6.741
23.597848666666668	6.741
23.614338550000003	6.743
23.630770633333334	6.743
23.64698675	6.744
23.663477500000003	6.745
23.67991511666667	6.745
23.696290966666666	6.744
23.712643200000002	6.743
23.729079783333333	6.743
23.74557161666667	6.743
23.76192501666667	6.743
23.77826441666667	6.744
23.794667866666668	6.746
23.811226750000003	6.746
23.8275831	6.746
23.8439304	6.745
23.860288533333335	6.745
23.876890416666665	6.744
23.893271266666666	6.744
23.909682783333334	6.744
23.9260367	6.744
23.94261525	6.745
23.95895313333333	6.746
23.975269166666667	6.746
23.99162735	6.745
24.008204166666665	6.745
24.024608683333334	6.747
24.040963416666667	6.748
24.0573409	6.748
24.073676316666667	6.747
24.090048900000003	6.746
24.106683483333335	6.745
24.12306265	6.745
24.13935161666667	6.746
24.155783816666666	6.746
24.172316416666668	6.746
24.188611100000003	6.745
24.2051041	6.747
24.22140985	6.747
24.23787115	6.748
24.254361133333333	6.748
24.27063695	6.748
24.28717645	6.748
24.303426716666667	6.749
24.319895783333333	6.749
24.336408416666668	6.748
24.352730066666666	6.748
24.369064866666665	6.748
24.385500216666667	6.748
24.401913150000002	6.75
24.418307066666667	6.75
24.43468765	6.749
24.45116335	6.748
24.467666533333336	6.749
24.484124833333336	6.75
24.500390683333332	6.75
24.51697006666667	6.75
24.533223083333333	6.75
24.549718566666666	6.75
24.566012233333332	6.75
24.582427483333333	6.75
24.59890945	6.751
24.615299099999998	6.753
24.631841066666667	6.753
24.648113700000003	6.753
24.664585133333336	6.752
24.681091966666667	6.752
24.697477616666667	6.751
24.71374495	6.752
24.7302554	6.751
24.746487483333336	6.751
24.76313705	6.751
24.7793964	6.752
24.795676850000003	6.753
24.81219845	6.753
24.828679166666667	6.752
24.845187366666668	6.751
24.861480566666668	6.75
24.877720833333335	6.75
24.894211966666667	6.75
24.910577600000003	6.751
24.9269955	6.752
24.943496433333333	6.753
24.959968216666667	6.753
24.976315883333335	6.752
24.992707300000003	6.752
25.009073216666668	6.753
25.025664116666665	6.754
25.041889966666666	6.754
25.058315383333333	6.755
25.07473135	6.754
25.091086633333333	6.753
25.107654766666666	6.753
25.124071183333335	6.753
25.140405750000003	6.754
25.156749666666666	6.754
25.173094016666667	6.754
25.189657083333334	6.754
25.206082633333335	6.753
25.2224338	6.752
25.23887291666667	6.752
25.255308433333333	6.753
25.27168815	6.753
25.288150950000002	6.753
25.30441701666667	6.752
25.320821700000003	6.751
25.33720895	6.751
25.353676266666668	6.751
25.37004116666667	6.751
25.38641431666667	6.751
25.403102883333332	6.751
25.419442300000004	6.751
25.435842816666668	6.751
25.45218865	6.751
25.468593233333333	6.751
25.485002283333333	6.752
25.50154171666667	6.752
25.51767155	6.753
25.53423665	6.754
25.550639566666668	6.755
25.56712315	6.755
25.5833673	6.754
25.59995825	6.754
25.6163385	6.754
25.632716483333333	6.754
25.6490987	6.753
25.665476716666667	6.753
25.68192971666667	6.752
25.698287033333333	6.753
25.714709666666668	6.753
25.73105056666667	6.753
25.747535566666667	6.753
25.763940249999997	6.753
25.780230966666664	6.753
25.796695333333336	6.754
25.81314285	6.755
25.829617250000002	6.755
25.845995233333333	6.754
25.8623027	6.755
25.878712933333333	6.755
25.89512665	6.755
25.9114924	6.755
25.92815835	6.755
25.94451886666667	6.754
25.9609672	6.754
25.977360683333334	6.754
25.993558933333333	6.755
26.010172500000003	6.755
26.02654395	6.754
26.04292476666667	6.754
26.05927516666667	6.755
26.075671316666668	6.756
26.0922483	6.756
26.108580550000003	6.756
26.124937066666664	6.755
26.14131315	6.755
26.157683183333337	6.755
26.17409088333333	6.754
26.190681233333333	6.755
26.206925733333335	6.755
26.22336075	6.756
26.239725	6.755
26.256336283333333	6.756
26.272722650000002	6.756
26.289119166666666	6.756
26.305487183333334	6.756
26.321899849999998	6.756
26.338264216666666	6.756
26.35469485	6.756
26.371174566666667	6.757
26.387650400000002	6.757
26.40382676666667	6.756
26.420304249999997	6.756
26.436695483333335	6.757
26.453167533333335	6.757
26.469572	6.757
26.48597446666667	6.757
26.50247	6.758
26.518797416666665	6.759
26.535221583333335	6.759
26.551608249999997	6.758
26.568068483333334	6.757
26.58444145	6.757
26.60084805	6.757
26.617283833333335	6.758
26.633633483333334	6.758
26.650077850000002	6.757
26.666639583333335	6.758
26.683016883333334	6.758
26.69936535	6.758
26.715737483333335	6.757
26.732178366666666	6.758
26.74854415	6.759
26.765005583333334	6.76
26.781399850000003	6.758
26.797807516666666	6.757
26.814154400000003	6.757
26.830535333333334	6.758
26.846913233333336	6.758
26.863336816666667	6.758
26.879825150000002	6.757
26.896101866666665	6.757
26.91262508333333	6.756
26.929140316666665	6.758
26.94538135	6.758
26.96194135	6.758
26.978398716666668	6.756
26.9946821	6.757
27.011096650000002	6.757
27.0274103	6.758
27.04386146666667	6.759
27.060409833333335	6.759
27.076814566666666	6.759
27.0931821	6.758
27.10954895	6.759
27.125895449999998	6.759
27.14229703333333	6.759
27.158818566666667	6.759
27.175109583333334	6.758
27.191660983333332	6.758
27.20798315	6.758
27.224406133333336	6.758
27.240951366666668	6.759
27.2573043	6.759
27.27366245	6.759
27.290079966666667	6.759
27.306404883333332	6.759
27.323022516666665	6.759
27.339188366666665	6.76
27.355807233333334	6.76
27.372195533333333	6.761
27.38852878333333	6.76
27.404911616666666	6.761
27.421354516666668	6.761
27.437738	6.761
27.454171066666667	6.761
27.47058456666667	6.76
27.487107100000003	6.76
27.503379066666668	6.76
27.519883316666668	6.76
27.53636465	6.76
27.552599100000002	6.76
27.569123	6.759
27.585373916666665	6.76
27.6018267	6.76
27.618324616666666	6.76
27.634566183333334	6.759
27.651038016666668	6.759
27.667553116666667	6.76
27.68381635	6.761
27.700312616666665	6.761
27.716792633333334	6.76
27.733272750000005	6.76
27.749494483333336	6.76
27.76596251666667	6.761
27.782318733333334	6.761
27.79872413333333	6.761
27.81515425	6.76
27.831580800000005	6.76
27.84795461666667	6.76
27.864498983333334	6.76
27.88089445	6.76
27.897353083333336	6.761
27.913781800000002	6.762
27.92996661666667	6.762
27.94663213333334	6.761
27.962806800000003	6.76
27.97923756666667	6.76
27.99574856666667	6.76
28.012034749999998	6.761
28.028442416666664	6.761
28.044963133333333	6.762
28.06125015	6.762
28.077876866666664	6.762
28.094094183333333	6.762
28.110576083333335	6.761
28.12702406666667	6.76
28.143314633333333	6.761
28.15983296666667	6.761
28.176103466666667	6.761
28.19272885	6.76
28.209112583333336	6.76
28.225530300000003	6.76
28.241842416666664	6.761
28.25816865	6.762
28.274824266666663	6.762
28.291145933333333	6.762
28.307495833333334	6.762
28.323865750000003	6.762
28.340249283333335	6.762
28.356876133333337	6.762
28.373226933333335	6.762
28.389580133333332	6.763
28.405887683333333	6.763
28.422458650000003	6.763
28.438835833333336	6.763
28.455197266666666	6.762
28.47155898333333	6.763
28.487947066666663	6.762
28.504527633333332	6.763
28.520933166666666	6.763
28.53733831666667	6.762
28.553704250000003	6.762
28.570112016666663	6.761
28.58638376666667	6.761
28.60279376666667	6.761
28.619367233333335	6.761
28.635594833333336	6.761
28.652046750000004	6.762
28.668531583333333	6.763
28.684997699999997	6.763
28.701361916666663	6.763
28.717618233333333	6.763
28.734054416666666	6.763
28.750523183333335	6.764
28.76684491666667	6.764
28.783347266666667	6.763
28.799716600000004	6.763
28.81612798333333	6.763
28.832600033333335	6.764
28.848983633333333	6.765
28.865522133333336	6.764
28.8817332	6.764
28.898265416666668	6.764
28.914721516666667	6.765
28.93095365	6.764
28.947343833333335	6.764
28.96372541666667	6.765
28.98041501666667	6.765
28.996675483333334	6.765
29.013081766666666	6.765
29.029547683333334	6.765
29.045835216666667	6.766
29.062323733333336	6.766
29.078852149999996	6.765
29.095254750000002	6.765
29.111600950000003	6.765
29.12785741666667	6.765
29.144477116666664	6.765
29.16068776666667	6.765
29.17723648333333	6.766
29.193654116666664	6.766
29.210089449999998	6.766
29.226584883333338	6.766
29.242852150000004	6.765
29.259237050000003	6.766
29.275642283333333	6.767
29.292010733333335	6.768
29.308386749999997	6.768
29.324970049999997	6.768
29.34129538333334	6.767
29.357683783333336	6.766
29.373976500000005	6.767
29.390418333333336	6.768
29.4068119	6.768
29.423312966666664	6.767
29.43970065	6.767
29.456083766666666	6.766
29.472650683333335	6.766
29.489044483333338	6.765
29.50544145	6.765
29.521818583333335	6.765
29.538200233333335	6.766
29.5545283	6.768
29.571129533333334	6.768
29.587462333333335	6.768
29.60385015	6.768
29.620204183333335	6.768
29.636574566666667	6.769
29.653083799999997	6.769
29.66938641666667	6.77
29.68602765	6.769
29.702293150000003	6.768
29.718676700000003	6.767
29.735197383333336	6.767
29.751548783333334	6.766
29.768092733333333	6.766
29.7842463	6.766
29.80074238333333	6.766
29.817236416666667	6.767
29.833549149999996	6.768
29.850029166666666	6.768
29.866485733333334	6.768
29.882809650000006	6.768
29.899218850000004	6.769
29.915584283333338	6.768
29.93206648333333	6.768
29.948575116666667	6.768
29.9649984	6.769
29.98139533333334	6.77
29.997757999999997	6.769
30.014021200000002	6.768
30.03043651666667	6.768
30.04684961666667	6.768
30.06340911666667	6.769
30.079873550000002	6.77
30.09606346666667	6.77
30.112531283333333	6.77
30.128914416666667	6.769
30.145364900000004	6.768
30.16178093333334	6.768
30.17822591666667	6.768
30.194651433333334	6.768
30.211171649999997	6.769
30.227558483333333	6.768
30.24401855	6.768
30.26023491666666	6.768
30.276735683333335	6.768
30.293014133333337	6.769
30.3095406	6.768
30.326012733333336	6.768
30.342507816666668	6.768
30.358903416666664	6.769
30.375212016666666	6.769
30.39159565	6.769
30.40795898333333	6.769
30.424369016666667	6.77
30.44071818333333	6.769
30.457094916666662	6.77
30.47369728333333	6.769
30.4900862	6.769
30.50642906666667	6.768
30.522901950000005	6.768
30.53924285	6.768
30.555616033333337	6.768
30.57203546666667	6.769
30.588651583333338	6.768
30.604959100000002	6.767
30.621341649999998	6.768
30.637700583333334	6.768
30.6542703	6.769
30.670655949999997	6.77
30.687007883333337	6.769
30.703349083333336	6.769
30.71972731666667	6.768
30.73627773333333	6.768
30.752714266666665	6.768
30.769130133333334	6.768
30.7855846	6.769
30.80183113333333	6.768
30.818307216666668	6.769
30.83471695	6.769
30.851183900000002	6.77
30.86756541666667	6.77
30.883978783333333	6.769
30.900424700000002	6.769
30.916671733333338	6.769
30.933173233333328	6.77
30.949546583333337	6.769
30.965960233333334	6.768
30.98241491666667	6.768
30.998976866666666	6.768
31.015322066666663	6.768
31.031587350000002	6.769
31.04801056666667	6.769
31.064428966666668	6.769
31.08088445	6.769
31.09734446666667	6.769
31.11381155	6.769
31.13002721666667	6.769
31.14653715	6.769
31.16305511666667	6.77
31.179309949999997	6.771
31.195731883333337	6.772
31.212232500000006	6.772
31.22862676666667	6.771
31.245000216666668	6.771
31.26139771666667	6.771
31.277870666666665	6.771
31.294326266666666	6.771
31.31072005	6.771
31.327108083333336	6.771
31.34356583333333	6.769
31.359989966666667	6.769
31.37646335	6.769
31.39271286666667	6.771
31.40920343333334	6.772
31.425626783333335	6.771
31.442018933333337	6.771
31.458485933333336	6.77
31.474916866666668	6.77
31.49128233333333	6.77
31.507689266666667	6.771
31.524012399999997	6.771
31.54042866666667	6.771
31.556970866666667	6.771
31.573239766666667	6.77
31.589617333333337	6.77
31.60597875	6.77
31.622580633333335	6.77
31.63894811666666	6.771
31.655321366666662	6.771
31.671723899999996	6.771
31.688095849999996	6.77
31.70467371666667	6.77
31.720899666666668	6.77
31.737444000000004	6.77
31.75384845	6.77
31.770177150000002	6.769
31.786534699999997	6.768
31.80310741666667	6.768
31.81953395	6.768
31.835835833333334	6.77
31.852237800000005	6.77
31.868641833333335	6.769
31.885035666666667	6.768
31.901590816666662	6.768
31.917961466666668	6.768
31.934294633333337	6.768
31.950714033333334	6.768
31.967332616666667	6.769
31.983483966666668	6.768
32.000084666666666	6.768
32.016359650000005	6.768
32.03269996666667	6.768
32.049246149999995	6.768
32.06556106666667	6.767
32.08194615	6.767
32.09835015	6.768
32.11490486666666	6.769
32.13123055	6.768
32.14755733333333	6.768
32.164116766666666	6.768
32.18043226666667	6.769
32.19707158333333	6.768
32.21344013333333	6.768
32.229721166666664	6.769
32.24614146666667	6.769
32.26257945	6.769
32.27894551666667	6.769
32.29532081666667	6.769
32.31190195	6.768
32.32828468333334	6.769
32.34462945	6.769
32.360940283333335	6.769
32.3774966	6.768
32.393836766666674	6.766
32.4101489	6.766
32.42668926666667	6.768
32.443045616666666	6.769
32.459623183333335	6.769
32.475967483333335	6.768
32.49252883333333	6.767
32.5087967	6.765
32.52511966666667	6.765
32.54154268333333	6.765
32.557916516666666	6.765
32.57451725	6.765
32.5908695	6.766
32.60727615	6.768
32.62378325	6.769
32.64016813333333	6.768
32.656432933333335	6.767
32.672831816666665	6.766
32.689444916666666	6.766
32.70581203333334	6.767
32.72218226666667	6.767
32.73856658333333	6.767
32.754981816666664	6.767
32.77138071666666	6.767
32.787689799999995	6.767
32.804320483333335	6.767
32.82066553333333	6.767
32.83712223333333	6.766
32.85336388333334	6.765
32.869918750000004	6.764
32.886257666666666	6.764
32.90259698333333	6.765
32.918987683333334	6.766
32.935379016666666	6.766
32.95199338333333	6.767
32.96837535	6.767
32.98477991666667	6.766
33.001269799999996	6.766
33.01762295	6.767
33.03409631666667	6.768
33.050309500000004	6.768
33.06679786666667	6.769
33.083268350000004	6.768
33.099576983333336	6.768
33.115985566666666	6.767
33.132321950000005	6.767
33.14879546666667	6.767
33.16520265	6.767
33.181639733333334	6.767
33.19804975	6.766
33.21445928333333	6.766
33.231041033333334	6.767
33.2472433	6.767
33.26369713333333	6.768
33.280100866666665	6.766
33.29643038333334	6.765
33.31288323333333	6.764
33.32928258333334	6.765
33.3456628	6.766
33.3621511	6.767
33.37861565	6.767
33.39502658333333	6.767
33.41139308333334	6.767
33.42800268333334	6.767
33.44414035	6.767
33.46058505	6.766
33.47697275	6.766
33.49342613333333	6.766
33.5098153	6.766
33.52621826666667	6.766
33.54262321666667	6.766
33.55913745	6.765
33.575585866666664	6.766
33.59196061666666	6.767
33.608393883333335	6.767
33.624616550000006	6.766
33.64115175	6.766
33.65752813333334	6.766
33.67403506666667	6.765
33.6904709	6.764
33.7068269	6.763
33.7232263	6.764
33.73953948333334	6.764
33.75606	6.765
33.77246366666667	6.764
33.78880755	6.764
33.805189133333336	6.764
33.82155051666667	6.765
33.838214666666666	6.766
33.854603600000004	6.766
33.87098578333334	6.767
33.88735316666667	6.767
33.90373136666667	6.766
33.920279683333334	6.766
33.93663758333334	6.765
33.95298878333334	6.765
33.96937621666667	6.765
33.98572845	6.765
34.002328033333335	6.766
34.01865371666667	6.765
34.03496393333333	6.765
34.05140698333334	6.766
34.06775005	6.766
34.08415466666667	6.766
34.10067913333333	6.766
34.117092299999996	6.765
34.133506133333334	6.766
34.15009361666667	6.766
34.16622765	6.766
34.18260835	6.766
34.199285833333334	6.766
34.21544278333333	6.765
34.23202295	6.766
34.248442516666664	6.765
34.264835516666665	6.766
34.28132876666667	6.764
34.29767366666667	6.764
34.314029016666666	6.765
34.330476616666665	6.765
34.3468338	6.765
34.363159933333336	6.764
34.379765400000004	6.763
34.396135	6.763
34.41250373333333	6.763
34.428876100000004	6.764
34.44527608333333	6.765
34.461789366666665	6.765
34.47810055	6.765
34.49446678333334	6.765
34.51107606666667	6.765
34.52725051666667	6.765
34.543758133333334	6.766
34.56011228333333	6.766
34.576467799999996	6.767
34.59311441666667	6.767
34.6094706	6.767
34.6257888	6.766
34.6421838	6.766
34.65862118333334	6.765
34.674983233333336	6.765
34.69156361666666	6.765
34.707896983333335	6.765
34.724354	6.767
34.740707566666664	6.766
34.7571594	6.766
34.77352771666667	6.767
34.78989756666667	6.766
34.806241766666666	6.766
34.8227429	6.765
34.839279850000004	6.765
34.85555241666667	6.765
34.87191846666667	6.766
34.888290350000005	6.766
34.90492491666667	6.766
34.92128641666667	6.766
34.93757423333333	6.765
34.9541765	6.765
34.97054103333333	6.766
34.98690516666667	6.768
35.003261200000004	6.768
35.01961175	6.766
35.036228400000006	6.766
35.052590349999996	6.766
35.068991600000004	6.767
