0.0	-0.1577068567276001
0.01666666624563125	-0.1571723371744156
0.0333333324912625	-0.1529917120933533
0.04999999873689375	-0.1576113998889923
0.06666666498252502	-0.1586422473192215
0.08332999789490714	-0.154461607336998
0.08333666456140539	0.560350239276886
0.10000333080703665	1.274967074394226
0.1166699970526679	1.269240140914917
0.13333666329829916	1.269946455955505
0.1500033295439304	1.266281247138977
0.16666999578956165	1.2612224817276
0.18333666203519286	1.260649800300598
0.20000332828082415	1.253701090812683
0.21666999452645533	1.26063072681427
0.23333666077208667	1.256526470184326
0.250003327017718	1.2534339427948
0.26666999326334917	1.247306108474731
0.28333665950898046	1.252364873886108
0.3000033257546117	1.251314878463745
0.316669992000243	1.245931625366211
0.33333665824587416	1.249463200569153
0.3500033244915055	1.245797991752625
0.3666699907371367	1.249997735023499
0.383336656982768	1.244499921798706
0.4000033232283992	1.244633555412292
0.4166699894740305	1.239994764328003
0.4333366557196616	1.24997866153717
0.450003321965293	1.247707009315491
0.46666998821092415	1.247897863388062
0.4833366544565555	1.244709849357605
0.5000033207021867	1.242476463317871
0.5166699869478181	1.248680591583252
0.5333366531934493	1.243392705917358
0.5500033194390804	1.246867060661316
0.5666699856847117	1.243812680244446
0.583336651930343	1.244480848312378
0.6000033181759742	1.242285490036011
0.6166699844216055	1.246657013893127
0.6333366506672367	1.24337363243103
0.650003316912868	1.249138712882996
0.6666699831584991	1.243984460830688
0.6833366494041305	1.247115254402161
0.7000033156497616	1.242762804031372
0.716669981895393	1.247038841247559
0.7333366481410242	1.244709849357605
0.7500033143866555	1.242018222808838
0.7666699806322869	1.244232654571533
0.783336646877918	1.245454430580139
0.8000033131235493	1.24041473865509
0.8166699793691805	1.244213581085205
0.8333366456148119	1.240834712982178
0.850003311860443	1.242877244949341
0.8666699781060744	1.244805335998535
0.8833366443517056	1.244538068771362
0.9000033105973368	1.240357518196106
0.916669976842968	1.243297219276428
0.9333366430885993	1.240491032600403
0.9500033093342305	1.247344255447388
0.9666699755798618	1.245034456253052
0.9833366418254931	1.246141672134399
1.0000033080711244	1.239269375801086
1.0166699743167555	1.242476463317871
1.0333366405623867	1.244385361671448
1.0500033068080181	1.243564486503601
1.0666699730536493	1.246103405952454
1.0833366392992805	1.241961002349854
1.1000033055449119	1.238200306892395
1.116669971790543	1.241521954536438
1.1333366380361742	1.24337363243103
1.1500033042818056	1.244099020957947
1.1666699705274368	1.242629170417786
1.183336636773068	1.241961002349854
1.2000033030186994	1.240968346595764
1.2166699692643306	1.239803910255432
1.2333366355099618	1.244175434112549
1.2500033017555932	1.240662932395935
1.2666699680012243	1.238963961601257
1.2833366342468555	1.241063833236694
1.300003300492487	1.240930199623108
1.316669966738118	1.237035870552063
1.3333366329837493	1.242552757263184
1.3500032992293807	1.240395665168762
1.3666699654750118	1.240586519241333
1.383336631720643	1.243030071258545
1.4000032979662744	1.240128397941589
1.4166699642119056	1.240242958068848
1.4333366304575368	1.237646698951721
1.4500032967031682	1.24209463596344
1.4666699629487994	1.245187163352966
1.4833366291944305	1.239307522773743
1.500003295440062	1.240777492523193
1.5166699616856931	1.243984460830688
1.5333366279313243	1.237780332565308
1.5500032941769557	1.243659973144531
1.5666699604225869	1.238524913787842
1.583336626668218	1.240395665168762
1.6000032929138495	1.23923122882843
1.6166699591594806	1.241082906723022
1.6333366254051118	1.239403009414673
1.6500032916507432	1.24022388458252
1.666669957896375	1.237723112106323
1.683336624142005	1.241521954536438
1.7000032903876368	1.237818479537964
1.7166699566332684	1.242610096931458
1.7333366228788998	1.238505721092224
1.7500032891245298	1.241655588150024
1.7666699553701617	1.239498376846313
1.7833366216157933	1.237627625465393
1.800003287861425	1.243507266044617
1.816669954107055	1.239937543869019
1.8333366203526866	1.239746570587158
1.8500032865983185	1.239422082901001
1.8666699528439499	1.238849401473999
1.88333661908958	1.243106365203857
1.9000032853352118	1.238925695419312
1.9166699515808434	1.239326596260071
1.9333366178264748	1.241216540336609
1.9500032840721049	1.236253142356873
1.9666699503177367	1.240643858909607
1.9833366165633683	1.238563060760498
2.0000032828089997	1.242056488990784
2.01666994905463	1.239994764328003
2.0333366153002617	1.239612936973572
2.0500032815458935	1.234706878662109
2.066669947791525	1.241712808609009
2.083336614037155	1.241655588150024
2.100003280282787	1.241197466850281
2.1166699465284182	1.239517569541931
2.13333661277405	1.237093091011047
2.1500032790196797	1.238753914833069
2.1666699452653115	1.240586519241333
2.1833366115109434	1.243850827217102
2.200003277756575	1.242342829704285
2.216669944002205	1.240548372268677
2.2333366102478367	1.235642313957214
2.250003276493468	1.236730456352234
2.2666699427391	1.240758299827576
2.28333660898473	1.23844850063324
2.3000032752303614	1.242762804031372
2.3166699414759933	1.237188577651978
2.333336607721625	1.238811254501343
2.3500032739672547	1.237188577651978
2.3666699402128866	1.237379431724548
2.3833366064585184	1.236425042152405
2.40000327270415	1.24159824848175
2.41666993894978	1.237379431724548
2.4333366051954117	1.241827368736267
2.450003271441043	1.235775947570801
2.466669937686675	1.238963961601257
2.483336603932305	1.239479303359985
2.5000032701779364	1.239078402519226
2.5166699364235683	1.237780332565308
2.5333366026692	1.239612936973572
2.5500032689148298	1.237035870552063
2.5666699351604616	1.237284064292908
2.5833366014060934	1.239307522773743
2.600003267651725	1.240300178527832
2.616669933897355	1.243430852890015
2.6333366001429868	1.239994764328003
2.650003266388618	1.237131357192993
2.66666993263425	1.238200306892395
2.68333659887988	1.240166544914246
2.7000032651255115	1.245435357093811
2.7166699313711433	1.239842057228088
2.733336597616775	1.242361903190613
2.7500032638624066	1.237284064292908
2.7666699301080366	1.241693735122681
2.7833365963536685	1.238658428192139
2.8000032625993	1.239670276641846
2.8166699288449317	1.240987420082092
2.833336595090562	1.240834712982178
2.850003261336193	1.237761259078979
2.866669927581825	1.240242958068848
2.883336593827457	1.236157774925232
2.9000032600730865	1.237875819206238
2.9166699263187184	1.236024141311646
2.93333659256435	1.236195921897888
2.9500032588099816	1.240262031555176
2.9666699250556117	1.240853786468506
2.9833365913012435	1.239899277687073
3.000003257546875	1.239593863487244
3.0166699237925068	1.239078402519226
3.033336590038137	1.241178274154663
3.0500032562837682	1.238696694374084
3.0666699225294	1.237837672233582
3.083336588775032	1.237150430679321
3.1000032550206615	1.237150430679321
3.1166699212662934	1.241770148277283
3.1333365875119252	1.23736035823822
3.1500032537575566	1.241712808609009
3.1666699200031867	1.238391280174255
3.1833365862488185	1.237799406051636
3.20000325249445	1.236883163452148
3.216669918740082	1.239612936973572
3.233336584985712	1.237971305847168
3.2500032512313433	1.239403009414673
3.266669917476975	1.238677620887756
3.283336583722607	1.237551331520081
3.3000032499682366	1.237627625465393
3.3166699162138684	1.23854398727417
3.3333365824595003	1.24199914932251
3.3500032487051317	1.240262031555176
3.3666699149507617	1.236195921897888
3.3833365811963936	1.236577749252319
3.400003247442025	1.237608551979065
3.416669913687657	1.242380976676941
3.433336579933287	1.23904025554657
3.4500032461789183	1.239975690841675
3.46666991242455	1.235336899757385
3.483336578670182	1.238066673278809
3.5000032449158116	1.236463189125061
3.5166699111614435	1.238505721092224
3.5333365774070753	1.240853786468506
3.5500032436527063	1.238505721092224
3.5666699098983368	1.239269375801086
3.5833365761439686	1.235947728157043
3.6000032423896	1.238124012947083
3.6166699086352314	1.237761259078979
3.633336574880862	1.240204691886902
3.6500032411264933	1.238563060760498
3.666669907372125	1.236634969711304
3.6833365736177566	1.240548372268677
3.7000032398633866	1.236825823783875
3.7166699061090185	1.241884589195251
3.7333365723546503	1.240185618400574
3.7500032386002813	1.239612936973572
3.766669904845912	1.239784717559814
3.7833365710915436	1.23686408996582
3.800003237337175	1.239441156387329
3.8166699035828064	1.238601207733154
3.833336569828437	1.237322211265564
3.8500032360740684	1.238219380378723
3.8666699023197	1.240147471427917
3.8833365685653316	1.238429427146912
3.9000032348109617	1.238696694374084
3.9166699010565935	1.239918351173401
3.933336567302225	1.237818479537964
3.9500032335478563	1.239880204200745
3.966669899793487	1.236692190170288
3.9833365660391187	1.23923122882843
4.00000323228475	1.235871434211731
4.016669898530382	1.239956617355347
4.033336564776012	1.243316411972046
4.050003231021644	1.235527753829956
4.066669897267275	1.236902236938477
4.083336563512907	1.236272215843201
4.100003229758537	1.238028526306152
4.1166698960041685	1.237513065338135
4.1333365622497995	1.24140739440918
4.150003228495431	1.238333940505981
4.166669894741061	1.235623240470886
4.183336560986693	1.240338325500488
4.200003227232325	1.239612936973572
4.216669893477957	1.238486647605896
4.233336559723587	1.236749529838562
4.250003225969218	1.235088706016541
4.26666989221485	1.23982298374176
4.283336558460482	1.234783291816711
4.300003224706112	1.238314867019653
4.316669890951744	1.238677620887756
4.3333365571973745	1.24100649356842
4.350003223443007	1.239975690841675
4.3666698896886365	1.23795211315155
4.383336555934268	1.239250302314758
4.4000032221799	1.240643858909607
4.416669888425532	1.236615896224976
4.433336554671161	1.234172463417053
4.450003220916794	1.236558675765991
4.466669887162425	1.238085746765137
4.483336553408057	1.23745584487915
4.500003219653687	1.236310482025146
4.516669885899319	1.241731882095337
4.53333655214495	1.236291408538818
4.550003218390582	1.238963961601257
4.5666698846362115	1.238276720046997
4.583336550881843	1.23321795463562
4.600003217127475	1.236367702484131
4.616669883373107	1.243087291717529
4.633336549618736	1.240032911300659
4.650003215864369	1.23972749710083
4.66666988211	1.238429427146912
4.683336548355632	1.235107779502869
4.700003214601262	1.241808295249939
4.716669880846894	1.240891933441162
4.733336547092525	1.239956617355347
4.750003213338157	1.240968346595764
4.7666698795837865	1.239918351173401
4.783336545829418	1.237780332565308
4.80000321207505	1.242247343063354
4.816669878320682	1.237322211265564
4.833336544566311	1.239555716514587
4.850003210811944	1.240376591682434
4.866669877057575	1.236024141311646
4.883336543303207	1.240949273109436
4.900003209548837	1.238238453865051
4.916669875794469	1.239307522773743
4.9333365420401	1.239212036132813
4.950003208285732	1.238658428192139
4.9666698745313616	1.239708423614502
4.983336540776993	1.236940383911133
5.000003207022625	1.235890507698059
5.016669873268256	1.241178274154663
5.033336539513886	1.240949273109436
5.050003205759519	1.239460229873657
5.06666987200515	1.241044640541077
5.083336538250781	1.23608136177063
5.100003204496412	1.236062288284302
5.116669870742044	1.241464614868164
5.133336536987675	1.243144512176514
5.1500032032333065	1.238486647605896
5.166669869478937	1.240262031555176
5.183336535724568	1.23854398727417
5.2000032019702	1.238963961601257
5.216669868215831	1.240471959114075
5.233336534461461	1.244709849357605
5.250003200707094	1.239250302314758
5.266669866952725	1.236749529838562
5.283336533198356	1.238983035087585
5.300003199443989	1.238200306892395
5.316669865689619	1.237532138824463
5.33333653193525	1.243488192558289
5.3500031981808815	1.239326596260071
5.366669864426513	1.239689350128174
5.3833365306721435	1.243698120117188
5.400003196917775	1.243087291717529
5.416669863163406	1.237207651138306
5.433336529409038	1.243526339530945
5.450003195654669	1.24209463596344
5.4666698619003	1.239746570587158
5.483336528145931	1.241197466850281
5.500003194391564	1.240166544914246
5.516669860637194	1.239345669746399
5.533336526882825	1.240872859954834
5.550003193128457	1.242056488990784
5.566669859374088	1.240739226341248
5.5833365256197185	1.242266416549683
5.60000319186535	1.24022388458252
5.616669858110981	1.242571830749512
5.633336524356613	1.240720152854919
5.650003190602244	1.239670276641846
5.666669856847875	1.241445541381836
5.683336523093506	1.240147471427917
5.700003189339139	1.24574077129364
5.716669855584768	1.241063833236694
5.7333365218304	1.24514901638031
5.750003188076032	1.246294379234314
5.7666698543216635	1.242629170417786
5.783336520567293	1.23785674571991
5.800003186812925	1.240586519241333
5.816669853058556	1.243812680244446
5.833336519304188	1.243411779403687
5.850003185549818	1.242800951004028
5.86666985179545	1.242877244949341
5.883336518041081	1.240128397941589
5.900003184286714	1.239403009414673
5.916669850532343	1.243984460830688
5.933336516777975	1.242972731590271
5.950003183023607	1.239517569541931
5.9666698492692385	1.243163585662842
5.983336515514868	1.244996309280396
6.0000031817605	1.24091100692749
6.016669848006131	1.246637940406799
6.033336514251763	1.242380976676941
6.050003180497393	1.242400050163269
6.066669846743025	1.244881749153137
6.083336512988656	1.244690775871277
6.100003179234289	1.244251728057861
6.116669845479918	1.244709849357605
6.13333651172555	1.241426467895508
6.150003177971182	1.243010878562927
6.1666698442168135	1.241655588150024
6.183336510462443	1.244194507598877
6.200003176708075	1.24159824848175
6.216669842953706	1.243984460830688
6.233336509199338	1.241655588150024
6.250003175444968	1.246847987174988
6.2666698416906	1.245683431625366
6.283336507936231	1.245091676712036
6.300003174181864	1.240987420082092
6.316669840427493	1.244328141212463
6.333336506673125	1.244786262512207
6.350003172918757	1.246523380279541
6.3666698391643886	1.247859716415405
6.383336505410018	1.245015382766724
6.4000031716556505	1.243144512176514
6.416669837901281	1.241369247436523
6.433336504146913	1.245225310325623
6.450003170392543	1.247783303260803
6.466669836638175	1.248489618301392
6.483336502883806	1.246198892593384
6.500003169129439	1.245168089866638
6.516669835375068	1.240853786468506
6.5333365016207	1.24701976776123
6.550003167866332	1.244194507598877
6.566669834111964	1.249157786369324
6.583336500357593	1.245168089866638
6.6000031666032255	1.249654173851013
6.6166698328488565	1.246351599693298
6.633336499094488	1.245702624320984
6.650003165340118	1.245931625366211
6.66666983158575	1.246198892593384
6.683336497831381	1.243621826171875
6.700003164077014	1.244748115539551
6.716669830322643	1.246599793434143
6.733336496568275	1.242724537849426
6.750003162813907	1.246695280075073
6.766669829059539	1.247057914733887
6.783336495305168	1.246771574020386
6.8000031615508005	1.245072603225708
6.8166698277964315	1.248279690742493
6.833336494042063	1.247477889060974
6.850003160287693	1.249520540237427
6.866669826533325	1.247993350028992
6.883336492778956	1.247000694274902
6.900003159024589	1.245416283607483
6.916669825270218	1.246027112007141
6.93333649151585	1.248489618301392
6.950003157761482	1.245225310325623
6.966669824007114	1.248718738555908
6.983336490252743	1.243908166885376
7.000003156498376	1.244099020957947
7.0166698227440065	1.248222351074219
7.033336488989638	1.249711394309998
7.050003155235268	1.247554302215576
7.0666698214809	1.248470544815063
7.083336487726531	1.246886134147644
7.100003153972164	1.246847987174988
7.116669820217793	1.247038841247559
7.133336486463425	1.251715779304504
7.150003152709057	1.247096061706543
7.166669818954689	1.244900822639465
7.183336485200318	1.24938690662384
7.200003151445951	1.245607137680054
7.216669817691582	1.248966932296753
7.233336483937213	1.245988965034485
7.2500031501828435	1.247993350028992
7.266669816428475	1.247936010360718
7.283336482674106	1.247134327888489
7.300003148919739	1.25047492980957
7.316669815165368	1.25097131729126
7.333336481411	1.24682891368866
7.350003147656632	1.252097606658936
7.366669813902264	1.247172474861145
7.383336480147893	1.251181364059448
7.400003146393526	1.247630596160889
7.416669812639157	1.247802376747131
7.433336478884788	1.24732518196106
7.4500031451304185	1.248489618301392
7.46666981137605	1.249482274055481
7.483336477621681	1.251276731491089
7.500003143867314	1.250684976577759
7.516669810112943	1.250914096832275
7.533336476358575	1.248260617256165
7.550003142604207	1.253242969512939
7.566669808849838	1.251467704772949
7.583336475095468	1.250417709350586
7.600003141341101	1.253987431526184
7.616669807586732	1.251486778259277
7.633336473832363	1.249921441078186
7.6500031400779935	1.254350185394287
7.666669806323625	1.250417709350586
7.683336472569256	1.254598379135132
7.700003138814888	1.249425053596497
7.716669805060518	1.250169515609741
7.73333647130615	1.249825954437256
7.750003137551782	1.251372218132019
7.766669803797413	1.249043226242065
7.783336470043043	1.252517580986023
7.800003136288676	1.249825954437256
7.816669802534307	1.249253273010254
7.833336468779938	1.247439742088318
7.85000313502557	1.253586649894714
7.8666698012712	1.25293755531311
7.883336467516831	1.252555727958679
7.900003133762463	1.256545543670654
7.916669800008095	1.252918481826782
7.933336466253725	1.254063844680786
7.950003132499357	1.253987431526184
7.966669798744988	1.252975702285767
7.98333646499062	1.253262042999268
8.00000313123625	1.25274670124054
8.016669797481882	1.251944899559021
8.033336463727514	1.252307653427124
8.050003129973145	1.254369258880615
8.066669796218775	1.254751086235046
8.083336462464407	1.25688910484314
8.100003128710037	1.253033041954041
8.116669794955671	1.255762815475464
8.133336461201301	1.255228281021118
8.150003127446931	1.252536654472351
8.166669793692563	1.256106495857239
8.183336459938195	1.251925826072693
8.200003126183825	1.25402569770813
8.216669792429457	1.25087583065033
8.233336458675089	1.254312038421631
8.25000312492072	1.253739356994629
8.266669791166349	1.253777503967285
8.283336457411982	1.250455856323242
8.300003123657612	1.255762815475464
8.316669789903246	1.253319382667542
8.333336456148874	1.255610108375549
8.350003122394506	1.253223896026611
8.366669788640138	1.256430983543396
8.38333645488577	1.256526470184326
8.4000031211314	1.25511372089386
8.416669787377032	1.254922866821289
8.433336453622664	1.258874416351318
8.450003119868295	1.253128409385681
8.466669786113924	1.255323767662048
8.483336452359557	1.254922866821289
8.500003118605187	1.254082918167114
8.516669784850821	1.253701090812683
8.533336451096451	1.256354570388794
8.550003117342081	1.254827380180359
8.566669783587713	1.255190134048462
8.583336449833345	1.253682017326355
8.600003116078975	1.256755471229553
8.616669782324607	1.255667328834534
8.633336448570239	1.256946444511414
8.650003114815869	1.262921452522278
8.6666697810615	1.254426598548889
8.683336447307132	1.260955214500427
8.700003113552762	1.25639283657074
8.716669779798394	1.260955214500427
8.733336446044026	1.257729053497314
8.750003112289656	1.259809851646423
8.766669778535288	1.258912563323975
8.78333644478092	1.260668873786926
8.80000311102655	1.258378148078918
8.816669777272182	1.260153412818909
8.833336443517814	1.259981632232666
8.850003109763444	1.256908178329468
8.866669776009076	1.258721709251404
8.883336442254707	1.256831884384155
8.900003108500337	1.260917067527771
8.91666977474597	1.258893489837646
8.933336440991601	1.259790778160095
8.950003107237231	1.257060885429382
8.966669773482863	1.258320808410645
8.983336439728495	1.254579305648804
9.000003105974125	1.26043975353241
9.016669772219757	1.259828925132751
9.033336438465389	1.262654185295105
9.050003104711019	1.256526470184326
9.06666977095665	1.258416295051575
9.083336437202282	1.258053541183472
9.100003103447913	1.260573387145996
9.116669769693544	1.262730598449707
9.133336435939176	1.261050701141357
9.150003102184806	1.259523510932922
9.166669768430438	1.262845039367676
9.18333643467607	1.257309079170227
9.2000031009217	1.260401606559753
9.216669767167332	1.261833310127258
9.233336433412964	1.260917067527771
9.250003099658594	1.25944709777832
9.266669765904226	1.258454442024231
9.283336432149857	1.260306119918823
9.300003098395488	1.265689492225647
9.31666976464112	1.261356115341187
9.333336430886751	1.262654185295105
9.350003097132381	1.262921452522278
9.366669763378013	1.256717324256897
9.383336429623645	1.263570547103882
9.400003095869275	1.26131796836853
9.416669762114907	1.264295935630798
9.433336428360539	1.260497093200684
9.450003094606169	1.262119650840759
9.4666697608518	1.264544129371643
9.483336427097433	1.262215137481689
9.500003093343063	1.26053524017334
9.516669759588694	1.263245940208435
9.533336425834326	1.262482404708862
9.550003092079956	1.25994348526001
9.566669758325588	1.265307664871216
9.58333642457122	1.261069774627686
9.60000309081685	1.264658570289612
9.616669757062482	1.266758441925049
9.633336423308114	1.267770171165466
9.650003089553744	1.265555858612061
9.666669755799376	1.267178416252136
9.683336422045008	1.26418137550354
9.700003088290638	1.267273902893066
9.71666975453627	1.267178416252136
9.733336420781901	1.265078544616699
9.750003087027531	1.264582276344299
9.766669753273163	1.261966943740845
9.783336419518795	1.267980217933655
9.800003085764425	1.265384078025818
9.816669752010057	1.271015524864197
9.833336418255689	1.267083048820496
9.850003084501319	1.265937566757202
9.86666975074695	1.268400192260742
9.883336416992583	1.265765786170959
9.900003083238213	1.268304705619812
9.916669749483844	1.272218108177185
9.933336415729476	1.268648386001587
9.950003081975106	1.262749671936035
9.966669748220738	1.26782751083374
9.98333641446637	1.270366430282593
10.000003080712	1.26792299747467
10.016669746957632	1.265823125839233
10.033336413203264	1.264315009117126
10.050003079448894	1.27019464969635
10.066669745694526	1.266567587852478
10.083336411940158	1.269335627555847
10.100003078185788	1.267312049865723
10.11666974443142	1.267846584320068
10.133336410677051	1.269946455955505
10.150003076922681	1.269450068473816
10.166669743168313	1.269450068473816
10.183336409413945	1.266643881797791
10.200003075659575	1.270461916923523
10.216669741905207	1.269755601882935
10.233336408150839	1.271683573722839
10.250003074396469	1.267541170120239
10.2666697406421	1.269125580787659
10.283336406887733	1.270843625068665
10.300003073133363	1.269698262214661
10.316669739378995	1.270748257637024
10.333336405624626	1.267560243606567
10.350003071870256	1.271359086036682
10.366669738115888	1.273000836372375
10.38333640436152	1.271435499191284
10.40000307060715	1.269621968269348
10.416669736852782	1.271950840950012
10.433336403098414	1.274088859558105
10.450003069344044	1.271798133850098
10.466669735589676	1.272122621536255
10.483336401835308	1.270061016082764
10.500003068080938	1.269469261169434
10.51666973432657	1.271988987922668
10.533336400572201	1.269354701042175
10.550003066817832	1.272943496704102
10.566669733063463	1.276856899261475
10.583336399309095	1.269793748855591
10.600003065554725	1.271912693977356
10.616669731800357	1.270767331123352
10.633336398045989	1.270920038223267
10.650003064291619	1.278269529342651
10.66666973053725	1.274547100067139
10.683336396782883	1.271129965782166
10.700003063028513	1.274470686912537
10.716669729274145	1.273210763931274
10.733336395519776	1.273268103599548
10.750003061765407	1.272790789604187
10.766669728011038	1.275406122207642
10.78333639425667	1.276246070861816
10.8000030605023	1.273859858512878
10.816669726747932	1.275673389434814
10.833336392993564	1.272447228431702
10.850003059239194	1.274852514266968
10.866669725484826	1.272943496704102
10.883336391730458	1.273955225944519
10.900003057976088	1.276589632034302
10.91666972422172	1.27660870552063
10.933336390467352	1.274871587753296
10.950003056712982	1.272886276245117
10.966669722958613	1.272733569145203
10.983336389204245	1.275883316993713
11.000003055449875	1.27433705329895
11.016669721695507	1.277429580688477
11.033336387941139	1.276093363761902
11.050003054186769	1.276780605316162
11.066669720432401	1.278670430183411
11.083336386678033	1.275940656661987
11.100003052923663	1.281686544418335
11.116669719169295	1.276265144348145
11.133336385414927	1.276589632034302
11.150003051660557	1.281323909759521
11.166669717906188	1.276723265647888
11.18333638415182	1.276742339134216
11.20000305039745	1.283481001853943
11.216669716643082	1.279052257537842
11.233336382888714	1.27798318862915
11.250003049134344	1.280713081359863
11.266669715379976	1.278899550437927
11.283336381625608	1.277181386947632
11.300003047871238	1.282984733581543
11.31666971411687	1.282927393913269
11.333336380362502	1.279243111610413
11.350003046608132	1.282163858413696
11.366669712853763	1.281915664672852
11.383336379099395	1.281171202659607
11.400003045345025	1.283595561981201
11.416669711590657	1.281476616859436
11.433336377836289	1.28252649307251
11.45000304408192	1.277849555015564
11.466669710327551	1.280159473419189
11.483336376573183	1.283366441726685
11.500003042818813	1.280827522277832
11.516669709064445	1.280598521232605
11.533336375310077	1.283061027526855
11.550003041555707	1.278365015983582
11.566669707801339	1.278174042701721
11.58333637404697	1.28084659576416
11.6000030402926	1.28075122833252
11.616669706538232	1.280312180519104
11.633336372783864	1.281743884086609
11.650003039029494	1.279911279678345
11.666669705275126	1.280140280723572
11.683336371520758	1.280159473419189
11.700003037766388	1.285141825675964
11.71666970401202	1.283920049667358
11.733336370257652	1.281075716018677
11.750003036503282	1.283423781394959
11.766669702748914	1.284759998321533
11.783336368994545	1.282240152359009
11.800003035240175	1.287623524665833
11.816669701485807	1.287413477897644
11.83333636773144	1.28430187702179
11.85000303397707	1.282182931900024
11.866669700222701	1.280598521232605
11.883336366468333	1.285199046134949
11.900003032713963	1.282373785972595
11.916669698959595	1.285008192062378
11.933336365205227	1.287222623825073
11.950003031450857	1.284187316894531
11.966669697696489	1.283824682235718
11.98333636394212	1.281743884086609
12.00000303018775	1.284053683280945
12.016669696433382	1.288234353065491
12.033336362679014	1.286993503570557
12.050003028924644	1.283080101013184
12.066669695170276	1.281782031059265
12.083336361415908	1.284168243408203
12.100003027661538	1.282908320426941
12.11666969390717	1.288864254951477
12.133336360152802	1.289933323860168
12.150003026398432	1.286038994789124
12.166669692644064	1.286726236343384
12.183336358889695	1.284645438194275
12.200003025135326	1.291575074195862
12.216669691380957	1.288597106933594
12.23333635762659	1.284550070762634
12.25000302387222	1.289303421974182
12.266669690117851	1.284435510635376
12.283336356363483	1.288501620292664
12.300003022609113	1.286783576011658
12.316669688854745	1.293483972549438
12.333336355100377	1.290811419487
12.350003021346007	1.28617262840271
12.366669687591639	1.286936283111572
12.38333635383727	1.289398789405823
12.4000030200829	1.288577914237976
12.416669686328532	1.290467858314514
12.433336352574164	1.293083071708679
12.450003018819794	1.289284229278564
12.466669685065426	1.291670441627502
12.483336351311058	1.292166829109192
12.500003017556688	1.289876103401184
12.51666968380232	1.288520693778992
12.533336350047952	1.295583844184875
12.550003016293582	1.293331265449524
12.566669682539214	1.290773272514343
12.583336348784846	1.295030236244202
12.600003015030476	1.288787961006165
12.616669681276107	1.296557426452637
12.63333634752174	1.293503046035767
12.65000301376737	1.291422367095947
12.666669680013001	1.288558840751648
12.683336346258633	1.293483972549438
12.700003012504263	1.290696859359741
12.716669678749895	1.296003818511963
12.733336344995527	1.292224049568176
12.750003011241157	1.293751239776611
12.766669677486789	1.289532423019409
12.78333634373242	1.289398789405823
12.80000300997805	1.291288733482361
12.816669676223682	1.293445825576782
12.833336342469314	1.297855496406555
12.850003008714944	1.293636679649353
12.866669674960576	1.293541312217712
12.883336341206208	1.293350338935852
12.900003007451838	1.298141837120056
12.91666967369747	1.294610261917114
12.933336339943102	1.294266700744629
12.950003006188732	1.289551496505737
12.966669672434364	1.294152140617371
12.983336338679996	1.295908451080322
13.000003004925626	1.294323921203613
13.016669671171258	1.29819917678833
13.03333633741689	1.296194791793823
13.05000300366252	1.296557426452637
13.066669669908151	1.295030236244202
13.083336336153783	1.297970056533813
13.100003002399413	1.296958327293396
13.116669668645045	1.300814390182495
13.133336334890677	1.300699949264526
13.150003001136307	1.299153685569763
13.166669667381939	1.30115807056427
13.18333633362757	1.299134492874146
13.2000029998732	1.296213865280151
13.216669666118833	1.30470871925354
13.233336332364464	1.303296089172363
13.250002998610094	1.301597118377686
13.266669664855726	1.300852656364441
13.283336331101358	1.296022891998291
13.300002997346988	1.306808590888977
13.31666966359262	1.299420952796936
13.333336329838252	1.299268126487732
13.350002996083882	1.296595573425293
13.366669662329514	1.299363613128662
13.383336328575146	1.302150726318359
13.400002994820776	1.297721862792969
13.416669661066408	1.30006992816925
13.43333632731204	1.303983330726624
13.45000299355767	1.297607421875
13.466669659803301	1.298752784729004
13.483336326048933	1.299993634223938
13.500002992294563	1.302723407745361
13.516669658540195	1.298676371574402
13.533336324785827	1.298561811447144
13.550002991031457	1.297091960906982
13.566669657277089	1.302627921104431
13.58333632352272	1.30342972278595
13.60000298976835	1.300012707710266
13.616669656013983	1.300489902496338
13.633336322259614	1.303066968917847
13.650002988505245	1.30421245098114
13.666669654750876	1.305930495262146
13.683336320996508	1.305529594421387
13.700002987242138	1.305014133453369
13.71666965348777	1.307705760002136
13.733336319733402	1.303200602531433
13.750002985979032	1.305052399635315
13.766669652224664	1.304575085639954
13.783336318470296	1.304078817367554
13.800002984715926	1.30302882194519
13.816669650961558	1.303658843040466
13.83333631720719	1.305071473121643
13.85000298345282	1.306465029716492
13.866669649698451	1.305663228034973
13.883336315944083	1.303964257240295
13.900002982189713	1.306923151016235
13.916669648435345	1.307343125343323
13.933336314680977	1.306999444961548
13.950002980926607	1.30776309967041
13.966669647172239	1.303754210472107
13.98333631341787	1.307037711143494
14.0000029796635	1.305586814880371
14.016669645909133	1.309061169624329
14.033336312154765	1.310359239578247
14.050002978400395	1.306045055389404
14.066669644646026	1.312172770500183
14.083336310891658	1.306713104248047
14.100002977137288	1.30776309967041
14.11666964338292	1.312230110168457
14.133336309628552	1.311428308486938
14.150002975874182	1.306713104248047
14.166669642119814	1.309061169624329
14.183336308365446	1.310550212860107
14.200002974611076	1.310550212860107
14.216669640856708	1.305243253707886
14.23333630710234	1.313890814781189
14.25000297334797	1.3128981590271
14.266669639593601	1.310168385505676
14.283336305839233	1.309729337692261
14.300002972084863	1.313165426254272
14.316669638330495	1.312210917472839
14.333336304576127	1.313604474067688
14.350002970821757	1.316754341125488
14.366669637067389	1.312020063400269
14.38333630331302	1.313012719154358
14.400002969558651	1.313394546508789
14.416669635804283	1.313260912895203
14.433336302049915	1.310779213905334
14.450002968295545	1.313890814781189
14.466669634541176	1.314158082008362
14.483336300786808	1.312783718109131
14.500002967032438	1.316926121711731
14.51666963327807	1.314578056335449
14.533336299523702	1.314043641090393
14.550002965769332	1.320362210273743
14.566669632014964	1.31742250919342
14.583336298260596	1.312802791595459
14.600002964506226	1.311447381973267
14.616669630751858	1.31299364566803
14.63333629699749	1.31486439704895
14.65000296324312	1.315189003944397
14.666669629488752	1.316124320030212
14.683336295734383	1.319713234901428
14.700002961980013	1.312420964241028
14.716669628225645	1.316601634025574
14.733336294471277	1.31801426410675
14.750002960716907	1.315742611885071
14.766669626962539	1.321832180023193
14.78333629320817	1.318777799606323
14.800002959453801	1.314482688903809
14.816669625699433	1.315799832344055
14.833336291945065	1.32127857208252
14.850002958190695	1.321488499641418
14.866669624436327	1.317078828811646
14.883336290681958	1.315761685371399
14.900002956927588	1.315876245498657
14.91666962317322	1.313070058822632
14.933336289418852	1.318033337593079
14.950002955664482	1.323321104049683
14.966669621910114	1.321393132209778
14.983336288155746	1.3196941614151
15.000002954401376	1.322843909263611
15.016669620647008	1.324352025985718
15.03333628689264	1.317212462425232
15.05000295313827	1.326089143753052
15.066669619383902	1.322901129722595
15.083336285629533	1.325153827667236
15.100002951875164	1.320915818214417
15.116669618120795	1.325707316398621
15.133336284366427	1.321889400482178
15.150002950612057	1.323989272117615
15.166669616857689	1.326241850852966
15.183336283103321	1.323702931404114
15.200002949348951	1.326241850852966
15.216669615594583	1.322500348091125
15.233336281840215	1.320209503173828
15.250002948085845	1.318606019020081
15.266669614331477	1.325688242912292
15.283336280577108	1.326241850852966
15.300002946822739	1.320037722587585
15.31666961306837	1.325554609298706
15.333336279314002	1.326490044593811
15.350002945559632	1.326432824134827
15.366669611805264	1.329048037528992
15.383336278050896	1.324256539344788
15.400002944296526	1.328303575515747
15.416669610542158	1.325726509094238
15.43333627678779	1.323435664176941
15.45000294303342	1.327940821647644
15.466669609279052	1.328628063201904
15.483336275524684	1.323855638504028
15.500002941770314	1.327826380729675
15.516669608015945	1.328055381774902
15.533336274261577	1.330670714378357
15.550002940507207	1.325287342071533
15.56666960675284	1.324313879013062
15.583336272998471	1.324122905731201
15.600002939244101	1.325478315353394
15.616669605489733	1.324027538299561
15.633336271735365	1.3308424949646
15.650002937980995	1.332407832145691
15.666669604226627	1.332980513572693
15.683336270472259	1.331606030464172
15.700002936717889	1.332656025886536
15.71666960296352	1.334374070167542
15.733336269209152	1.330594301223755
15.750002935454782	1.329658985137939
15.766669601700414	1.326929092407227
15.783336267946046	1.331396102905273
15.800002934191676	1.328322649002075
15.816669600437308	1.336015820503235
15.83333626668294	1.330575227737427
15.85000293292857	1.331090688705444
15.866669599174202	1.33162522315979
15.883336265419834	1.327902674674988
15.900002931665464	1.331472396850586
15.916669597911095	1.330460667610168
15.933336264156727	1.337733864784241
15.950002930402357	1.337275743484497
15.96666959664799	1.339833736419678
15.983336262893621	1.334526777267456
16.000002929139253	1.33517587184906
16.016669595384883	1.337791085243225
16.033336261630513	1.334278583526611
16.050002927876147	1.331510663032532
16.066669594121777	1.335996747016907
16.083336260367407	1.333362340927124
16.10000292661304	1.334106802940369
16.11666959285867	1.347965955734253
16.1333362591043	1.336970329284668
16.150002925349934	1.334049582481384
16.166669591595564	1.335023164749146
16.183336257841194	1.341265439987183
16.200002924086828	1.33872652053833
16.216669590332458	1.34000551700592
16.233336256578088	1.337103843688965
16.25000292282372	1.335920333862305
16.266669589069352	1.341819047927856
16.283336255314982	1.343804359436035
16.300002921560615	1.340673685073853
16.316669587806246	1.3422771692276
16.333336254051876	1.342926263809204
16.35000292029751	1.343804359436035
16.36666958654314	1.345026135444641
16.38333625278877	1.345121502876282
16.400002919034403	1.342907190322876
16.416669585280033	1.345503330230713
16.433336251525663	1.337714791297913
16.450002917771297	1.344568014144897
16.466669584016927	1.342296242713928
16.483336250262557	1.34355616569519
16.50000291650819	1.353311061859131
16.51666958275382	1.348519563674927
16.53333624899945	1.347393274307251
16.550002915245084	1.349588513374329
16.566669581490714	1.35252833366394
16.583336247736344	1.351211190223694
16.600002913981978	1.35361647605896
16.616669580227608	1.347946882247925
16.633336246473238	1.34838593006134
16.650002912718872	1.349932193756104
16.6666695789645	1.350313901901245
16.683336245210132	1.346286058425903
16.700002911455766	1.355659008026123
16.7166695777014	1.353234648704529
16.733336243947033	1.354551911354065
16.750002910192652	1.356842637062073
16.766669576438282	1.356556296348572
16.783336242683916	1.350714802742004
16.80000290892955	1.351898431777954
16.816669575175183	1.355239033699036
16.833336241420817	1.348061323165894
16.85000290766645	1.351421117782593
16.866669573912084	1.348863124847412
16.8833362401577	1.354170083999634
16.900002906403333	1.348271369934082
16.916669572648967	1.35243284702301
16.9333362388946	1.35371196269989
16.950002905140234	1.354704618453979
16.966669571385868	1.351726531982422
16.983336237631498	1.359286069869995
17.00000290387713	1.354131937026978
17.01666957012275	1.351860165596008
17.033336236368385	1.355449080467224
17.05000290261402	1.355926275253296
17.06666956885965	1.354494571685791
17.083336235105282	1.35598361492157
17.10000290135092	1.350638508796692
17.11666956759655	1.36239767074585
17.133336233842183	1.359744191169739
17.150002900087802	1.360431432723999
17.166669566333432	1.358465194702148
17.183336232579066	1.358770728111267
17.2000028988247	1.357625246047974
17.216669565070333	1.35588812828064
17.233336231315967	1.355754494667053
17.2500028975616	1.360927820205688
17.266669563807234	1.360584139823914
17.28333623005285	1.357987999916077
17.300002896298484	1.361328721046448
17.316669562544117	1.368353724479675
17.333336228789747	1.367609143257141
17.350002895035384	1.370529890060425
17.366669561281018	1.364726662635803
17.383336227526648	1.36190140247345
17.400002893772285	1.359209775924683
17.4166695600179	1.362264037132263
17.43333622626353	1.361481428146362
17.45000289250917	1.381468296051025
17.4666695587548	1.371999859809875
17.483336225000432	1.368449091911316
17.50000289124607	1.372515201568604
17.5166695574917	1.372018933296204
17.533336223737333	1.371522545814514
17.550002889982952	1.368391871452332
17.566669556228582	1.363161325454712
17.583336222474216	1.369861721992493
17.60000288871985	1.372706174850464
17.616669554965483	1.372419834136963
17.633336221211117	1.369670867919922
17.65000288745675	1.369995355606079
17.666669553702384	1.366597414016724
17.683336219948014	1.370319962501526
17.700002886193634	1.373889684677124
17.716669552439267	1.366616487503052
17.733336218684897	1.370835304260254
17.750002884930534	1.375149607658386
17.766669551176168	1.367036461830139
17.783336217421798	1.37747859954834
17.800002883667435	1.373641490936279
17.816669549913065	1.368869066238403
17.83333621615868	1.375817775726318
17.85000288240432	1.372820615768433
17.86666954864995	1.370568037033081
17.883336214895582	1.381067395210266
17.90000288114122	1.377688527107239
17.91666954738685	1.374576926231384
17.933336213632483	1.380074739456177
17.950002879878117	1.383205413818359
17.966669546123732	1.373775124549866
17.983336212369366	1.373412489891052
18.000002878615	1.379731178283691
18.016669544860633	1.383071780204773
18.033336211106267	1.391070365905762
18.0500028773519	1.388569593429565
18.066669543597534	1.383911728858948
18.083336209843164	1.384770750999451
18.100002876088784	1.389619588851929
18.114166209064333	1.400195240974426
18.114169542397583	1.400233387947083
18.114189542397067	1.399584412574768
18.130856208642697	1.399622559547424
18.147522874888335	1.39956533908844
18.164189541133968	1.399718046188354
18.1808562073796	1.399660706520081
18.197522873625235	1.39956533908844
18.214189539870866	1.399641633033752
18.23085620611648	1.399622559547424
18.24752287236212	1.39956533908844
18.26418953860775	1.399450778961182
18.280856204853382	1.399584412574768
18.29752287109902	1.399507999420166
18.31418953734465	1.399584412574768
18.330856203590283	1.39956533908844
18.347522869835917	1.399679780006409
18.364189536081533	1.399584412574768
18.380856202327166	1.399527072906494
18.3975228685728	1.399546146392822
18.414189534818433	1.399546146392822
18.430856201064067	1.399584412574768
18.4475228673097	1.399584412574768
18.464189533555334	1.39946985244751
18.480856199800964	1.399698972702026
18.497522866046584	1.39956533908844
18.514189532292217	1.399679780006409
18.530856198537847	1.399737119674683
18.547522864783485	1.399546146392822
18.56418953102912	1.399450778961182
18.58085619727475	1.39956533908844
18.597522863520386	1.399622559547424
18.614189529766016	1.399679780006409
18.63085619601163	1.39956533908844
18.64752286225727	1.399698972702026
18.6641895285029	1.399660706520081
18.680856194748532	1.399507999420166
18.69752286099417	1.399584412574768
18.7141895272398	1.399698972702026
18.730856193485433	1.399488925933838
18.747522859731067	1.399641633033752
18.764189525976683	1.399641633033752
18.780856192222316	1.399603486061096
18.79752285846795	1.399527072906494
18.814189524713584	1.399698972702026
18.830856190959214	1.399737119674683
18.84752285720485	1.399698972702026
18.864189523450484	1.399584412574768
18.880856189696114	1.399527072906494
18.897522855941734	1.399718046188354
18.914189522187367	1.399622559547424
18.930856188432998	1.399660706520081
18.947522854678635	1.39956533908844
18.964189520924265	1.399679780006409
18.9808561871699	1.39956533908844
18.997522853415536	1.399622559547424
19.014189519661166	1.399488925933838
19.03085618590678	1.399603486061096
19.04752285215242	1.399488925933838
19.06418951839805	1.39956533908844
19.080856184643682	1.399622559547424
19.097522850889316	1.399641633033752
19.11418951713495	1.399660706520081
19.130856183380583	1.399527072906494
19.147522849626217	1.399527072906494
19.164189515871833	1.399488925933838
19.180856182117466	1.39956533908844
19.1975228483631	1.39956533908844
19.214189514608734	1.39956533908844
19.230856180854364	1.39946985244751
19.2475228471	1.399641633033752
19.264189513345634	1.39956533908844
19.280856179591265	1.39956533908844
19.297522845836884	1.399488925933838
19.314189512082518	1.399488925933838
19.330856178328148	1.399584412574768
19.347522844573785	1.399546146392822
19.364189510819415	1.399718046188354
19.38085617706505	1.399660706520081
19.397522843310686	1.39956533908844
19.414189509556316	1.399507999420166
19.43085617580193	1.39956533908844
19.44752284204757	1.399698972702026
19.4641895082932	1.399698972702026
19.480856174538832	1.399507999420166
19.497522840784466	1.399584412574768
19.5141895070301	1.399546146392822
19.530856173275733	1.399698972702026
19.547522839521367	1.399584412574768
19.564189505766983	1.399527072906494
19.580856172012616	1.399527072906494
19.59752283825825	1.399527072906494
19.614189504503884	1.39946985244751
19.630856170749514	1.399641633033752
19.64752283699515	1.399527072906494
19.664189503240785	1.399622559547424
19.680856169486415	1.399622559547424
19.697522835732034	1.399603486061096
19.714189501977668	1.39956533908844
19.730856168223298	1.399584412574768
19.747522834468935	1.399622559547424
19.764189500714565	1.39956533908844
19.7808561669602	1.399622559547424
19.797522833205836	1.399641633033752
19.814189499451466	1.399603486061096
19.83085616569708	1.399488925933838
19.84752283194272	1.399507999420166
19.86418949818835	1.399546146392822
19.880856164433983	1.399641633033752
19.897522830679616	1.399641633033752
19.91418949692525	1.399488925933838
19.930856163170883	1.399603486061096
19.947522829416517	1.399584412574768
19.964189495662133	1.399507999420166
19.980856161907766	1.399546146392822
19.9975228281534	1.399660706520081
20.014189494399034	1.399546146392822
20.030856160644664	1.399450778961182
20.0475228268903	1.399641633033752
20.064189493135935	1.399622559547424
20.080856159381565	1.39956533908844
20.097522825627184	1.399679780006409
20.114189491872818	1.399450778961182
20.130856158118448	1.399546146392822
20.147522824364085	1.399698972702026
20.164189490609715	1.399660706520081
20.18085615685535	1.399488925933838
20.197522823100986	1.39946985244751
20.214189489346616	1.399584412574768
20.23085615559223	1.399775266647339
20.24752282183787	1.399622559547424
20.2641894880835	1.399584412574768
20.280856154329133	1.39956533908844
20.297522820574766	1.399641633033752
20.3141894868204	1.399603486061096
20.330856153066033	1.399622559547424
20.347522819311667	1.399603486061096
20.364189485557283	1.399507999420166
20.380856151802917	1.39956533908844
20.39752281804855	1.39946985244751
20.414189484294184	1.399641633033752
20.430856150539814	1.399660706520081
20.44752281678545	1.399507999420166
20.464189483031085	1.399488925933838
20.480856149276715	1.399641633033752
20.497522815522334	1.399660706520081
20.514189481767968	1.399698972702026
20.530856148013598	1.399584412574768
20.547522814259235	1.399622559547424
20.564189480504865	1.39946985244751
20.5808561467505	1.399603486061096
20.597522812996136	1.399679780006409
20.614189479241766	1.39956533908844
20.630856145487382	1.399488925933838
20.64752281173302	1.399622559547424
20.66418947797865	1.399488925933838
20.680856144224283	1.399622559547424
20.697522810469916	1.399546146392822
20.71418947671555	1.399756193161011
20.730856142961184	1.399584412574768
20.747522809206817	1.399660706520081
20.764189475452433	1.399603486061096
20.780856141698067	1.399546146392822
20.7975228079437	1.399546146392822
20.814189474189334	1.399584412574768
20.830856140434964	1.399431705474854
20.8475228066806	1.39956533908844
20.864189472926235	1.399527072906494
20.880856139171865	1.399527072906494
20.897522805417484	1.39937436580658
20.914189471663118	1.399603486061096
20.930856137908748	1.399756193161011
20.947522804154385	1.399622559547424
20.964189470400015	1.399584412574768
20.98085613664565	1.399488925933838
20.997522802891286	1.39956533908844
21.014189469136916	1.399527072906494
21.030856135382532	1.399488925933838
21.04752280162817	1.399546146392822
21.0641894678738	1.399660706520081
21.080856134119433	1.399431705474854
21.097522800365066	1.399603486061096
21.1141894666107	1.399584412574768
21.13085613285633	1.399546146392822
21.147522799101967	1.399660706520081
21.164189465347583	1.399527072906494
21.180856131593217	1.399584412574768
21.19752279783885	1.399660706520081
21.214189464084484	1.39956533908844
21.230856130330114	1.399546146392822
21.24752279657575	1.399603486061096
21.26418946282138	1.399527072906494
21.280856129067015	1.399737119674683
21.297522795312634	1.399679780006409
21.314189461558268	1.399584412574768
21.330856127803898	1.399603486061096
21.347522794049535	1.39956533908844
21.364189460295165	1.399622559547424
21.3808561265408	1.399546146392822
21.397522792786432	1.39956533908844
21.414189459032066	1.399660706520081
21.430856125277682	1.399641633033752
21.44752279152332	1.399546146392822
21.46418945776895	1.399641633033752
21.480856124014583	1.399603486061096
21.497522790260216	1.399507999420166
21.51418945650585	1.399622559547424
21.53085612275148	1.399431705474854
21.547522788997117	1.399660706520081
21.564189455242733	1.399507999420166
21.580856121488367	1.399641633033752
21.597522787734	1.399546146392822
21.614189453979634	1.399756193161011
21.630856120225264	1.399584412574768
21.6475227864709	1.39956533908844
21.66418945271653	1.399584412574768
21.680856118962165	1.399622559547424
21.697522785207784	1.39946985244751
21.714189451453418	1.399488925933838
21.730856117699048	1.399603486061096
21.747522783944685	1.399756193161011
21.764189450190315	1.399450778961182
21.78085611643595	1.399603486061096
21.797522782681582	1.399546146392822
21.814189448927216	1.399546146392822
21.830856115172832	1.399698972702026
21.84752278141847	1.399546146392822
21.8641894476641	1.399641633033752
21.880856113909733	1.399412631988525
21.897522780155366	1.399584412574768
21.914189446401	1.399698972702026
21.93085611264663	1.399660706520081
21.947522778892267	1.399660706520081
21.964189445137883	1.399603486061096
21.980856111383517	1.399603486061096
21.99752277762915	1.399603486061096
22.014189443874784	1.399622559547424
22.030856110120414	1.399546146392822
22.04752277636605	1.399507999420166
22.06418944261168	1.399698972702026
22.080856108857315	1.39946985244751
22.097522775102934	1.399527072906494
22.114189441348568	1.399412631988525
22.130856107594198	1.399622559547424
22.147522773839835	1.399507999420166
22.164189440085465	1.399546146392822
22.1808561063311	1.399336218833923
22.197522772576733	1.399527072906494
22.214189438822366	1.399584412574768
22.230856105067982	1.399584412574768
22.24752277131362	1.399527072906494
22.26418943755925	1.399278998374939
22.280856103804883	1.399412631988525
22.297522770050517	1.399603486061096
22.31418943629615	1.399603486061096
22.33085610254178	1.39956533908844
22.347522768787417	1.399603486061096
22.364189435033033	1.39956533908844
22.380856101278667	1.399546146392822
22.3975227675243	1.399641633033752
22.414189433769934	1.399603486061096
22.430856100015564	1.399527072906494
22.4475227662612	1.399527072906494
22.46418943250683	1.39956533908844
22.480856098752465	1.399546146392822
22.497522764998084	1.399641633033752
22.514189431243718	1.399527072906494
22.530856097489348	1.399450778961182
22.547522763734985	1.399584412574768
22.564189429980615	1.399718046188354
22.58085609622625	1.39956533908844
22.597522762471883	1.399679780006409
22.614189428717516	1.399584412574768
22.630856094963132	1.39956533908844
22.64752276120877	1.399507999420166
22.6641894274544	1.399641633033752
22.680856093700033	1.399622559547424
22.697522759945667	1.399603486061096
22.7141894261913	1.39956533908844
22.73085609243693	1.399527072906494
22.747522758682567	1.399603486061096
22.764189424928183	1.399584412574768
22.780856091173817	1.399527072906494
22.79752275741945	1.399527072906494
22.814189423665084	1.399488925933838
22.830856089910714	1.399641633033752
22.84752275615635	1.399584412574768
22.86418942240198	1.399622559547424
22.880856088647615	1.399622559547424
22.897522754893235	1.399679780006409
22.914189421138868	1.399546146392822
22.930856087384498	1.39946985244751
22.947522753630135	1.399584412574768
22.964189419875765	1.39946985244751
22.9808560861214	1.399622559547424
22.997522752367033	1.399660706520081
23.014189418612666	1.399679780006409
23.030856084858282	1.399584412574768
23.04752275110392	1.399718046188354
23.06418941734955	1.399641633033752
23.080856083595183	1.399546146392822
23.097522749840817	1.399603486061096
23.11418941608645	1.399488925933838
23.13085608233208	1.399660706520081
23.147522748577718	1.399507999420166
23.164189414823333	1.399584412574768
23.180856081068967	1.399507999420166
23.1975227473146	1.399546146392822
23.214189413560234	1.399660706520081
23.230856079805864	1.399603486061096
23.2475227460515	1.399622559547424
23.26418941229713	1.39946985244751
23.280856078542765	1.399527072906494
23.297522744788385	1.399622559547424
23.314189411034018	1.39956533908844
23.33085607727965	1.399527072906494
23.347522743525285	1.39956533908844
23.364189409770916	1.399507999420166
23.38085607601655	1.399603486061096
23.397522742262183	1.39956533908844
23.414189408507816	1.399679780006409
23.430856074753432	1.399527072906494
23.44752274099907	1.399488925933838
23.4641894072447	1.399698972702026
23.480856073490333	1.399584412574768
23.497522739735967	1.399527072906494
23.5141894059816	1.399718046188354
23.53085607222723	1.399546146392822
23.547522738472868	1.399450778961182
23.564189404718483	1.39946985244751
23.580856070964117	1.399431705474854
23.59752273720975	1.399546146392822
23.614189403455384	1.399603486061096
23.630856069701014	1.399622559547424
23.64752273594665	1.399527072906494
23.66418940219228	1.399641633033752
23.680856068437915	1.399431705474854
23.697522734683535	1.399546146392822
23.71418940092917	1.399527072906494
23.7308560671748	1.399488925933838
23.747522733420436	1.39946985244751
23.764189399666066	1.399546146392822
23.7808560659117	1.399546146392822
23.797522732157333	1.399584412574768
23.814189398402966	1.399584412574768
23.830856064648582	1.399603486061096
23.84752273089422	1.399622559547424
23.86418939713985	1.399622559547424
23.880856063385483	1.399527072906494
23.897522729631117	1.399546146392822
23.91418939587675	1.399584412574768
23.93085606212238	1.399718046188354
23.947522728368018	1.399641633033752
23.964189394613634	1.399584412574768
23.980856060859267	1.399527072906494
23.9975227271049	1.399546146392822
24.014189393350534	1.399488925933838
24.030856059596164	1.399507999420166
24.0475227258418	1.399450778961182
24.06418939208743	1.399660706520081
24.080856058333065	1.399584412574768
24.097522724578685	1.399546146392822
24.11418939082432	1.399641633033752
24.13085605706995	1.399641633033752
24.147522723315586	1.399507999420166
24.164189389561216	1.399507999420166
24.18085605580685	1.399584412574768
24.197522722052483	1.399641633033752
24.214189388298117	1.399488925933838
24.230856054543732	1.399603486061096
24.24752272078937	1.399641633033752
24.264189387035	1.399507999420166
24.280856053280633	1.399507999420166
24.297522719526267	1.39956533908844
24.3141893857719	1.399698972702026
24.33085605201753	1.399679780006409
24.347522718263168	1.39956533908844
24.364189384508784	1.399527072906494
24.380856050754417	1.399584412574768
24.39752271700005	1.399546146392822
24.414189383245684	1.399641633033752
24.430856049491315	1.399507999420166
24.44752271573695	1.399450778961182
24.46418938198258	1.399603486061096
24.480856048228215	1.399698972702026
24.497522714473835	1.399584412574768
24.51418938071947	1.399527072906494
24.5308560469651	1.399546146392822
24.547522713210736	1.39956533908844
24.564189379456366	1.39956533908844
24.580856045702	1.399622559547424
24.597522711947633	1.399393439292908
24.614189378193267	1.399660706520081
24.630856044438882	1.399431705474854
24.64752271068452	1.399584412574768
24.66418937693015	1.399641633033752
24.680856043175783	1.399584412574768
24.697522709421417	1.399641633033752
24.71418937566705	1.399488925933838
24.73085604191268	1.39946985244751
24.747522708158318	1.399641633033752
24.764189374403934	1.39956533908844
24.780856040649567	1.399507999420166
24.7975227068952	1.399679780006409
24.814189373140835	1.399507999420166
24.830856039386465	1.399679780006409
24.8475227056321	1.39956533908844
24.864189371877732	1.399527072906494
24.880856038123365	1.399660706520081
24.897522704368985	1.39956533908844
24.91418937061462	1.399450778961182
24.93085603686025	1.399450778961182
24.947522703105886	1.399679780006409
24.964189369351516	1.399584412574768
24.98085603559715	1.399507999420166
24.997522701842783	1.399507999420166
25.014189368088417	1.39946985244751
25.030856034334033	1.399603486061096
25.04752270057967	1.39956533908844
25.0641893668253	1.399546146392822
25.080856033070933	1.39956533908844
25.097522699316567	1.399698972702026
25.1141893655622	1.399584412574768
25.13085603180783	1.399527072906494
25.147522698053468	1.399603486061096
25.164189364299084	1.399584412574768
25.180856030544717	1.399584412574768
25.19752269679035	1.399450778961182
25.214189363035985	1.399584412574768
25.230856029281615	1.399488925933838
25.247522695527252	1.399718046188354
25.264189361772882	1.399603486061096
25.280856028018516	1.399660706520081
25.297522694264135	1.399546146392822
25.31418936050977	1.39956533908844
25.3308560267554	1.399546146392822
25.347522693001036	1.399603486061096
25.364189359246666	1.39956533908844
25.3808560254923	1.399584412574768
25.397522691737933	1.399527072906494
25.414189357983567	1.39946985244751
25.430856024229183	1.39946985244751
25.44752269047482	1.399527072906494
25.46418935672045	1.399450778961182
25.480856022966083	1.399641633033752
25.497522689211717	1.399641633033752
25.51418935545735	1.399794340133667
25.53085602170298	1.39956533908844
25.547522687948618	1.399584412574768
25.564189354194234	1.399641633033752
25.580856020439867	1.399546146392822
25.5975226866855	1.399527072906494
25.614189352931135	1.399546146392822
25.630856019176765	1.399584412574768
25.647522685422402	1.399546146392822
25.664189351668032	1.399488925933838
25.680856017913666	1.399450778961182
25.697522684159285	1.39956533908844
25.71418935040492	1.399603486061096
25.73085601665055	1.399412631988525
25.747522682896186	1.399431705474854
25.764189349141816	1.399507999420166
25.78085601538745	1.399603486061096
25.797522681633083	1.399718046188354
25.814189347878717	1.399622559547424
25.830856014124333	1.39946985244751
25.84752268036997	1.399546146392822
25.8641893466156	1.399431705474854
25.880856012861233	1.399488925933838
25.897522679106867	1.399527072906494
25.9141893453525	1.399584412574768
25.93085601159813	1.399431705474854
25.947522677843768	1.399641633033752
25.964189344089384	1.399641633033752
25.980856010335017	1.399603486061096
25.99752267658065	1.399393439292908
26.014189342826285	1.399527072906494
26.030856009071915	1.399584412574768
26.047522675317552	1.39956533908844
26.064189341563182	1.399603486061096
26.080856007808816	1.399527072906494
26.097522674054435	1.399507999420166
26.11418934030007	1.39956533908844
26.1308560065457	1.399622559547424
26.147522672791336	1.399622559547424
26.164189339036966	1.399527072906494
26.1808560052826	1.399546146392822
26.197522671528233	1.399584412574768
26.214189337773867	1.399622559547424
26.230856004019483	1.399660706520081
26.24752267026512	1.399507999420166
26.26418933651075	1.399488925933838
26.280856002756384	1.399660706520081
26.297522669002017	1.399622559547424
26.31418933524765	1.399431705474854
26.33085600149328	1.39956533908844
26.347522667738918	1.399622559547424
26.364189333984534	1.399336218833923
26.380856000230168	1.39937436580658
26.3975226664758	1.399507999420166
26.414189332721435	1.399622559547424
26.430855998967065	1.39956533908844
26.447522665212702	1.399507999420166
26.464189331458332	1.399622559547424
26.480855997703966	1.399488925933838
26.497522663949585	1.399641633033752
26.51418933019522	1.399336218833923
26.53085599644085	1.399527072906494
26.547522662686486	1.399450778961182
26.564189328932116	1.399584412574768
26.58085599517775	1.399546146392822
26.597522661423383	1.39946985244751
26.614189327669017	1.399336218833923
26.630855993914633	1.399488925933838
26.64752266016027	1.399527072906494
26.6641893264059	1.399584412574768
26.680855992651534	1.399546146392822
26.697522658897167	1.399679780006409
26.7141893251428	1.399450778961182
26.73085599138843	1.399622559547424
26.747522657634068	1.399527072906494
26.764189323879684	1.39956533908844
26.780855990125318	1.399507999420166
26.79752265637095	1.399603486061096
26.814189322616585	1.39956533908844
26.830855988862215	1.399622559547424
26.847522655107852	1.39946985244751
26.864189321353482	1.399488925933838
26.880855987599116	1.399584412574768
26.897522653844735	1.399355292320251
26.91418932009037	1.39956533908844
26.930855986336	1.399507999420166
26.947522652581636	1.399527072906494
26.964189318827266	1.399507999420166
26.9808559850729	1.399527072906494
26.997522651318533	1.399546146392822
27.014189317564167	1.399527072906494
27.030855983809783	1.399641633033752
27.047522650055416	1.399546146392822
27.06418931630105	1.399527072906494
27.080855982546684	1.399488925933838
27.097522648792317	1.39956533908844
27.11418931503795	1.399488925933838
27.13085598128358	1.39946985244751
27.147522647529218	1.399603486061096
27.164189313774834	1.399527072906494
27.180855980020464	1.399622559547424
27.1975226462661	1.399679780006409
27.214189312511735	1.399584412574768
27.230855978757365	1.399450778961182
27.247522645003002	1.399584412574768
27.264189311248632	1.39946985244751
27.280855977494266	1.39956533908844
27.297522643739885	1.399488925933838
27.314189309985515	1.399507999420166
27.33085597623115	1.399641633033752
27.347522642476786	1.39956533908844
27.364189308722416	1.399794340133667
27.38085597496805	1.399527072906494
27.397522641213683	1.399507999420166
27.414189307459317	1.399737119674683
27.430855973704933	1.399507999420166
27.447522639950567	1.399507999420166
27.4641893061962	1.399584412574768
27.480855972441834	1.39946985244751
27.497522638687467	1.399546146392822
27.5141893049331	1.399488925933838
27.53085597117873	1.399507999420166
27.54752263742437	1.399450778961182
27.564189303669984	1.399737119674683
27.580855969915614	1.399603486061096
27.59752263616125	1.399660706520081
27.614189302406885	1.39946985244751
27.630855968652515	1.399679780006409
27.647522634898152	1.399679780006409
27.664189301143782	1.39946985244751
27.680855967389416	1.39956533908844
27.697522633635035	1.399507999420166
27.714189299880665	1.399584412574768
27.7308559661263	1.399698972702026
27.747522632371936	1.399584412574768
27.764189298617566	1.399507999420166
27.7808559648632	1.399488925933838
27.797522631108833	1.399679780006409
27.814189297354467	1.399527072906494
27.830855963600083	1.399622559547424
27.847522629845717	1.399660706520081
27.86418929609135	1.399527072906494
27.880855962336984	1.399412631988525
27.897522628582617	1.399603486061096
27.91418929482825	1.399603486061096
27.93085596107388	1.39946985244751
27.94752262731952	1.39956533908844
27.964189293565134	1.399527072906494
27.980855959810764	1.399546146392822
27.9975226260564	1.399622559547424
28.014189292302035	1.39946985244751
28.030855958547665	1.399546146392822
28.047522624793302	1.399584412574768
28.064189291038932	1.39956533908844
28.080855957284566	1.399546146392822
28.097522623530185	1.399546146392822
28.114189289775815	1.399527072906494
28.13085595602145	1.39956533908844
28.147522622267086	1.39956533908844
28.164189288512716	1.399641633033752
28.18085595475835	1.399641633033752
28.197522621003984	1.399546146392822
28.214189287249617	1.399488925933838
28.230855953495233	1.399737119674683
28.247522619740867	1.399507999420166
28.2641892859865	1.399450778961182
28.280855952232134	1.399412631988525
28.297522618477768	1.399450778961182
28.3141892847234	1.399660706520081
28.33085595096903	1.399527072906494
28.34752261721467	1.39956533908844
28.364189283460284	1.399450778961182
28.380855949705914	1.399507999420166
28.39752261595155	1.399488925933838
28.414189282197185	1.39956533908844
28.430855948442815	1.399584412574768
28.447522614688452	1.399622559547424
28.464189280934082	1.399698972702026
28.480855947179716	1.399641633033752
28.497522613425335	1.39956533908844
28.514189279670966	1.399584412574768
28.5308559459166	1.399527072906494
28.547522612162236	1.399488925933838
28.564189278407866	1.39956533908844
28.5808559446535	1.399641633033752
28.597522610899134	1.399450778961182
28.614189277144767	1.39946985244751
28.630855943390383	1.399546146392822
28.647522609636017	1.39956533908844
28.66418927588165	1.399507999420166
28.680855942127284	1.399546146392822
28.697522608372918	1.39946985244751
28.71418927461855	1.399603486061096
28.73085594086418	1.399450778961182
28.74752260710982	1.399507999420166
28.764189273355434	1.399450778961182
28.780855939601064	1.39956533908844
28.7975226058467	1.399698972702026
28.814189272092335	1.399584412574768
28.830855938337965	1.399488925933838
28.847522604583602	1.399546146392822
28.864189270829232	1.399527072906494
28.880855937074866	1.399527072906494
28.897522603320486	1.399584412574768
28.914189269566116	1.39956533908844
28.93085593581175	1.399679780006409
28.947522602057386	1.39956533908844
28.964189268303016	1.399622559547424
28.98085593454865	1.39956533908844
28.997522600794284	1.399546146392822
29.014189267039917	1.399507999420166
29.030855933285533	1.399507999420166
29.047522599531167	1.399679780006409
29.0641892657768	1.39956533908844
29.080855932022434	1.399698972702026
29.097522598268068	1.399488925933838
29.1141892645137	1.39946985244751
29.13085593075933	1.399584412574768
29.14752259700497	1.399450778961182
29.164189263250584	1.399622559547424
29.180855929496214	1.399603486061096
29.19752259574185	1.39956533908844
29.214189261987485	1.399603486061096
29.230855928233115	1.399507999420166
29.247522594478752	1.399603486061096
29.264189260724383	1.399488925933838
29.280855926970016	1.399546146392822
29.297522593215636	1.399527072906494
29.314189259461266	1.399546146392822
29.3308559257069	1.399527072906494
29.347522591952533	1.399546146392822
29.364189258198166	1.39937436580658
29.3808559244438	1.399507999420166
29.397522590689434	1.399584412574768
29.414189256935067	1.399527072906494
29.430855923180683	1.399603486061096
29.447522589426317	1.399393439292908
29.46418925567195	1.399507999420166
29.48085592191758	1.399527072906494
29.497522588163218	1.399507999420166
29.51418925440885	1.399641633033752
29.53085592065448	1.399431705474854
29.54752258690012	1.399546146392822
29.564189253145734	1.399412631988525
29.580855919391364	1.39946985244751
29.597522585637	1.399412631988525
29.61418925188263	1.39946985244751
29.630855918128265	1.39946985244751
29.647522584373903	1.39956533908844
29.664189250619533	1.399488925933838
29.680855916865166	1.399622559547424
29.697522583110786	1.399355292320251
29.714189249356416	1.399622559547424
29.73085591560205	1.399584412574768
29.747522581847683	1.399603486061096
29.764189248093317	1.399450778961182
29.78085591433895	1.39956533908844
29.797522580584584	1.399507999420166
29.814189246830217	1.399603486061096
29.830855913075833	1.399584412574768
29.847522579321467	1.399603486061096
29.8641892455671	1.399603486061096
29.88085591181273	1.39946985244751
29.897522578058368	1.399507999420166
29.914189244304	1.399584412574768
29.93085591054963	1.399507999420166
29.94752257679527	1.399603486061096
29.9641892430409	1.39956533908844
29.980855909286515	1.399355292320251
29.99752257553215	1.399488925933838
30.014189241777782	1.39946985244751
30.030855908023415	1.399507999420166
30.047522574269053	1.399507999420166
30.064189240514683	1.399431705474854
30.080855906760316	1.399660706520081
30.09752257300595	1.399679780006409
30.114189239251566	1.399584412574768
30.1308559054972	1.399507999420166
30.147522571742833	1.399584412574768
30.164189237988467	1.399622559547424
30.1808559042341	1.399546146392822
30.197522570479734	1.399660706520081
30.214189236725367	1.399507999420166
30.230855902970998	1.399507999420166
30.247522569216617	1.399488925933838
30.26418923546225	1.399412631988525
30.28085590170788	1.399622559547424
30.297522567953518	1.399584412574768
30.31418923419915	1.399488925933838
30.33085590044478	1.399584412574768
30.34752256669042	1.399546146392822
30.36418923293605	1.399431705474854
30.380855899181665	1.399641633033752
30.397522565427302	1.399641633033752
30.414189231672932	1.39946985244751
30.430855897918565	1.399527072906494
30.447522564164203	1.399603486061096
30.464189230409833	1.399527072906494
30.480855896655466	1.39956533908844
30.4975225629011	1.399488925933838
30.514189229146716	1.399622559547424
30.53085589539235	1.39956533908844
30.547522561637983	1.399622559547424
30.564189227883617	1.399507999420166
30.58085589412925	1.399507999420166
30.597522560374884	1.399507999420166
30.614189226620518	1.399584412574768
30.630855892866148	1.399488925933838
30.647522559111767	1.399412631988525
30.6641892253574	1.399622559547424
30.68085589160303	1.39956533908844
30.697522557848668	1.399488925933838
30.7141892240943	1.399546146392822
30.73085589033993	1.399450778961182
30.74752255658557	1.399488925933838
30.7641892228312	1.399622559547424
30.780855889076815	1.39956533908844
30.797522555322452	1.399584412574768
30.814189221568082	1.399488925933838
30.830855887813716	1.39946985244751
30.847522554059353	1.399622559547424
30.864189220304983	1.399507999420166
30.880855886550616	1.399546146392822
30.89752255279625	1.399488925933838
30.914189219041866	1.399622559547424
30.9308558852875	1.399527072906494
30.947522551533133	1.399622559547424
30.964189217778767	1.399507999420166
30.9808558840244	1.39946985244751
30.997522550270034	1.399507999420166
31.014189216515668	1.399488925933838
31.030855882761298	1.399603486061096
31.047522549006917	1.39946985244751
31.06418921525255	1.399507999420166
31.08085588149818	1.399507999420166
31.097522547743818	1.399660706520081
31.11418921398945	1.39956533908844
31.13085588023508	1.399450778961182
31.14752254648072	1.399527072906494
31.16418921272635	1.399660706520081
31.180855878971965	1.399584412574768
31.197522545217602	1.399431705474854
31.214189211463232	1.399603486061096
31.230855877708866	1.399603486061096
31.247522543954503	1.39946985244751
31.264189210200133	1.399507999420166
31.280855876445766	1.39937436580658
31.2975225426914	1.39956533908844
31.314189208937016	1.399527072906494
31.33085587518265	1.39956533908844
31.347522541428283	1.399507999420166
31.364189207673917	1.399527072906494
31.38085587391955	1.399527072906494
31.397522540165184	1.39937436580658
31.414189206410818	1.39956533908844
31.430855872656448	1.39937436580658
31.447522538902067	1.39946985244751
31.4641892051477	1.399527072906494
31.48085587139333	1.399603486061096
31.497522537638968	1.399546146392822
31.5141892038846	1.399431705474854
31.53085587013023	1.399679780006409
31.54752253637587	1.399527072906494
31.5641892026215	1.399546146392822
31.580855868867115	1.399527072906494
31.597522535112752	1.399450778961182
31.614189201358382	1.399698972702026
31.630855867604016	1.399412631988525
31.64752253384965	1.399488925933838
31.664189200095283	1.399488925933838
31.680855866340917	1.399546146392822
31.69752253258655	1.399641633033752
31.714189198832166	1.399527072906494
31.7308558650778	1.399641633033752
31.747522531323433	1.399546146392822
31.764189197569067	1.399450778961182
31.780855863814697	1.39956533908844
31.797522530060334	1.399488925933838
31.814189196305968	1.399546146392822
31.830855862551598	1.399412631988525
31.847522528797217	1.399488925933838
31.86418919504285	1.39956533908844
31.874852528106818	1.399584412574768
31.874855861440064	1.399622559547424
31.87566252808635	0.8808518052101135
31.89232919433198	0.75065016746521
31.908995860577615	0.7384518980979919
31.925662526823235	0.7296133637428284
31.94232919306887	0.7223020195960999
31.9589958593145	0.7165178656578064
31.975662525560136	0.7108291387557983
31.992329191805766	0.7064576148986816
32.0089958580514	0.7021433115005493
32.02566252429703	0.6988217234611511
32.04232919054267	0.6959773898124695
32.058995856788286	0.6922930479049683
32.07566252303392	0.6902886629104614
32.092329189279546	0.6882460713386536
32.10899585552519	0.6866806745529175
32.12566252177081	0.6848289966583252
32.142329188016454	0.6837981343269348
32.15899585426208	0.6828818321228027
32.175662520507714	0.6821564435958862
32.192329186753334	0.6810683608055115
32.20899585299897	0.6808392405509949
32.2256625192446	0.6804383993148804
32.242329185490235	0.6799802184104919
32.25899585173587	0.679445743560791
32.2756625179815	0.6797893047332764
32.292329184227135	0.6792357563972473
32.30899585047277	0.6785485148429871
32.32566251671838	0.6782812476158142
32.342329182964015	0.6780903339385986
32.35899584920965	0.6778803467750549
32.37566251545528	0.6770022511482239
32.392329181700916	0.6772503852844238
32.40899584794655	0.6769258975982666
32.42566251419218	0.67669677734375
32.44232918043782	0.6761050224304199
32.458995846683436	0.6763340830802917
32.47566251292907	0.6761050224304199
32.492329179174696	0.6754559874534607
32.50899584542034	0.6758759617805481
32.52566251166596	0.675818681716919
32.542329177911604	0.6755514144897461
32.55899584415723	0.6751123666763306
32.575662510402864	0.6753987073898315
32.592329176648484	0.675246000289917
32.60899584289412	0.6747496724128723
32.62566250913975	0.6747496724128723
32.642329175385385	0.6748641729354858
32.65899584163102	0.6749405264854431
32.67566250787665	0.6742724180221558
32.692329174122285	0.6744824051856995
32.70899584036792	0.6745587587356567
32.72566250661353	0.6743869781494141
32.742329172859165	0.6738906502723694
32.7589958391048	0.6743296980857849
32.77566250535043	0.6742342114448547
32.792329171596066	0.6736424565315247
32.8089958378417	0.6739097237586975
32.82566250408733	0.6739860773086548
32.84232917033297	0.6739670038223267
32.858995836578586	0.673470675945282
32.87566250282422	0.6738906502723694
32.892329169069846	0.6737760901451111
32.90899583531549	0.6735470294952393
32.92566250156111	0.6732606887817383
32.942329167806754	0.6740815043449402
32.95899583405238	0.6736233830451965
32.975662500298014	0.6730124950408936
32.992329166543634	0.6734133958816528
33.00899583278927	0.6732988357543945
33.0256624990349	0.673470675945282
33.042329165280535	0.6726879477500916
33.05899583152617	0.6728979349136353
33.0756624977718	0.6729552149772644
33.092329164017436	0.6727261543273926
33.10899583026307	0.6724970936775208
33.12566249650868	0.6729552149772644
33.142329162754315	0.6730315685272217
33.15899582899995	0.6724779605865479
33.17566249524558	0.6729743480682373
33.192329161491216	0.6729743480682373
33.20899582773685	0.6732224822044373
33.22566249398248	0.6726688742637634
33.24232916022812	0.6729170680046082
33.258995826473736	0.6727070808410645
33.27566249271937	0.6726307272911072
33.292329158964996	0.6723252534866333
33.30899582521064	0.6728788614273071
33.325662491456264	0.6726498007774353
33.342329157701904	0.6717716455459595
33.35899582394753	0.6720389127731323
33.375662490193164	0.6720007658004761
33.392329156438784	0.6720771193504333
33.40899582268442	0.6711608171463013
33.42566248893005	0.6715044379234314
33.442329155175685	0.6711798906326294
33.45899582142132	0.6711226105690002
33.47566248766695	0.670798122882843
33.492329153912586	0.6711989641189575
33.50899582015822	0.6709889769554138
33.52566248640383	0.6703590154647827
33.542329152649465	0.670473575592041
33.5589958188951	0.6703590154647827
33.57566248514073	0.6699772477149963
33.592329151386366	0.6694427132606506
33.608995817632	0.6697481870651245
33.62566248387763	0.6697099804878235
33.64232915012327	0.6692136526107788
33.658995816368886	0.669270932674408
33.67566248261452	0.6691945791244507
33.692329148860146	0.6691945791244507
33.70899581510579	0.6686409711837769
33.725662481351414	0.6691372990608215
33.742329147597054	0.6690036654472351
33.75899581384268	0.6685646176338196
33.775662480088315	0.6680682897567749
33.792329146333934	0.6685073375701904
33.80899581257957	0.6684500575065613
33.8256624788252	0.6680682897567749
33.842329145070835	0.668125569820404
33.85899581131647	0.6678773760795593
33.8756624775621	0.6681637167930603
33.892329143807736	0.667495608329773
33.90899581005337	0.6680682897567749
33.92566247629898	0.6679537296295166
33.942329142544615	0.6675146818161011
33.95899580879025	0.6672283411026001
33.97566247503588	0.6676292419433594
33.992329141281516	0.6675528287887573
34.00899580752715	0.6668083667755127
34.02566247377278	0.6672283411026001
34.04232914001842	0.6671901345252991
34.058995806264036	0.6669801473617554
34.07566247250967	0.6665220260620117
34.0923291387553	0.6669801473617554
34.10899580500094	0.6670756340026855
34.125662471246564	0.666560173034668
34.1423291374922	0.6665793061256409
34.15899580373784	0.6668274402618408
34.175662469983465	0.6679155826568604
34.192329136229084	0.6674764752388
34.20899580247472	0.6680110096931458
34.22566246872035	0.6676673889160156
34.242329134965985	0.6678392291069031
34.25899580121162	0.6675719618797302
34.275662467457245	0.6681827902793884
34.292329133702886	0.6681064367294312
34.30899579994852	0.6677055954933167
34.32566246619413	0.667762815952301
34.342329132439765	0.667495608329773
34.358995798685406	0.6680110096931458
34.37566246493103	0.6674764752388
34.392329131176666	0.667495608329773
34.4089957974223	0.6676483154296875
34.42566246366793	0.667495608329773
34.44232912991357	0.6671901345252991
34.458995796159186	0.6677055954933167
34.47566246240481	0.6675528287887573
34.492329128650454	0.6670374274253845
34.50899579489609	0.6672283411026001
34.525662461141714	0.6670183539390564
34.54232912738735	0.6667320132255554
34.55899579363299	0.665987491607666
34.575662459878615	0.6663311123847961
34.592329126124234	0.66688472032547
34.60899579236987	0.6665410995483398
34.6256624586155	0.6659111380577087
34.642329124861135	0.6669801473617554
34.65899579110677	0.6669610738754272
34.675662457352395	0.6663501858711243
34.692329123598036	0.6668656468391418
34.70899578984367	0.6667892932891846
34.72566245608928	0.6671137809753418
34.742329122334915	0.6665410995483398
34.758995788580556	0.6667892932891846
34.77566245482618	0.6666938066482544
34.792329121071816	0.6664074659347534
34.80899578731745	0.6664456725120544
34.82566245356308	0.6666365265846252
34.84232911980872	0.6667701601982117
34.85899578605434	0.6661784052848816
34.87566245229996	0.666598379611969
34.892329118545604	0.6666938066482544
