0.08333666456140539	9.658702850341795e-06
0.10000333080703665	0.0250145202293396
0.1166699970526679	0.05001922722091677
0.13333666329829916	0.07502342263717651
0.1500033295439304	0.1000278921863556
0.16666999578956165	0.1250319345413208
0.18333666203519286	0.15003572336654658
0.20000332828082415	0.17503927229309083
0.21666999452645533	0.2000424248310089
0.23333666077208667	0.22504555575218196
0.250003327017718	0.25004857059059143
0.26666999326334917	0.2750513423461914
0.28333665950898046	0.30005412493171685
0.3000033257546117	0.3250568934886932
0.316669992000243	0.3500596161289215
0.33333665824587416	0.37506231825332653
0.3500033244915055	0.4000650115013122
0.3666699907371367	0.42506757801971423
0.383336656982768	0.45007012730369556
0.4000033232283992	0.4750727729598998
0.4166699894740305	0.5000753295043945
0.4333366557196616	0.5250778580547332
0.450003321965293	0.5500805457035063
0.46666998821092415	0.5750830386028288
0.4833366544565555	0.600085411766815
0.5000033207021867	0.6250878452316283
0.5166699869478181	0.6500903791431428
0.5333366531934493	0.6750929840564729
0.5500033194390804	0.7000955290187835
0.5666699856847117	0.7250979706905363
0.583336651930343	0.7501000249454497
0.6000033181759742	0.775102147024536
0.6166699844216055	0.8001044603740688
0.6333366506672367	0.8251064362297056
0.650003316912868	0.8501086803524015
0.6666699831584991	0.8751109932083129
0.6833366494041305	0.9001131682296751
0.7000033156497616	0.9251154393184658
0.716669981895393	0.9501177467842099
0.7333366481410242	0.9751200199314116
0.7500033143866555	1.0001222710319517
0.7666699806322869	1.0251243885173797
0.783336646877918	1.0501264745704648
0.8000033131235493	1.0751285187850952
0.8166699793691805	1.1001302862789153
0.8333366456148119	1.1251321665554046
0.850003311860443	1.1501341151817324
0.8666699781060744	1.1751358123130795
0.8833366443517056	1.2001375586894987
0.9000033105973368	1.225139570404434
0.916669976842968	1.250141323784256
0.9333366430885993	1.2751429539779662
0.9500033093342305	1.3001445151000974
0.9666699755798618	1.3251461334423067
0.9833366418254931	1.3501476647701265
1.0000033080711244	1.3751492719509126
1.0166699743167555	1.4001509965847017
1.0333366405623867	1.4251529575260162
1.0500033068080181	1.4501550024837493
1.0666699730536493	1.4751566360054014
1.0833366392992805	1.5001583104816436
1.1000033055449119	1.5251600522758484
1.116669971790543	1.5501618352935793
1.1333366380361742	1.5751636346225737
1.1500033042818056	1.6001653666423794
1.1666699705274368	1.6251669240509032
1.183336636773068	1.6501687042903903
1.2000033030186994	1.6751705495670317
1.2166699692643306	1.7001723384685514
1.2333366355099618	1.725174141241455
1.2500033017555932	1.7501761922943118
1.2666699680012243	1.7751781101253512
1.2833366342468555	1.8001799819923403
1.300003300492487	1.8251820163921355
1.316669966738118	1.8501839458820342
1.3333366329837493	1.8751857667167662
1.3500032992293807	1.900187508015823
1.3666699654750118	1.925189285205841
1.383336631720643	1.9501911161148069
1.4000032979662744	1.9751928672004697
1.4166699642119056	2.000194442171478
1.4333366304575368	2.0251959565654754
1.4500032967031682	2.050197595799255
1.4666699629487994	2.0751992338890073
1.4833366291944305	2.1002006045711514
1.500003295440062	2.1252022221633906
1.5166699616856931	2.1502037329921717
1.5333366279313243	2.1752054403121943
1.5500032941769557	2.2002072304855345
1.5666699604225869	2.225209008573913
1.583336626668218	2.2502107323165887
1.6000032929138495	2.27521244346733
1.6166699591594806	2.3002137318431846
1.6333366254051118	2.325214836816024
1.6500032916507432	2.350215755475616
1.666669957896375	2.3752167220054616
1.683336624142005	2.400217750255584
1.7000032903876368	2.425218876350402
1.7166699566332684	2.4502200380741113
1.7333366228788998	2.4752212411712637
1.7500032891245298	2.500222387261199
1.7666699553701617	2.525223442341231
1.7833366216157933	2.550224472102355
1.800003287861425	2.5752254951530444
1.816669954107055	2.600226612089919
1.8333366203526866	2.625227725853728
1.8500032865983185	2.650228803328704
1.8666699528439499	2.6752296508316027
1.88333661908958	2.7002307958965286
1.9000032853352118	2.7252319335544573
1.9166699515808434	2.7502330297309863
1.9333366178264748	2.775234077428435
1.9500032840721049	2.8002350997970566
1.9666699503177367	2.8252360048553453
1.9833366165633683	2.8502368365798936
2.0000032828089997	2.8752379010639175
2.01666994905463	2.9002389346485122
2.0333366153002617	2.9252399766330703
2.0500032815458935	2.9502410052299486
2.066669947791525	2.97524214458618
2.083336614037155	3.000243174613188
2.100003280282787	3.025244173065184
2.1166699465284182	3.0502451850112897
2.13333661277405	3.075246190193175
2.1500032790196797	3.1002470396343216
2.1666699452653115	3.125248048792647
2.1833366115109434	3.1502489388374313
2.200003277756575	3.1752499321937546
2.216669944002205	3.2002510529350268
2.2333366102478367	3.2252523920661913
2.250003276493468	3.2502535567409505
2.2666699427391	3.2752549274475085
2.28333660898473	3.300256271284484
2.3000032752303614	3.3252575089603416
2.3166699414759933	3.3502587727657307
2.333336607721625	3.3752600336532583
2.3500032739672547	3.400261199199294
2.3666699402128866	3.4252624036899553
2.3833366064585184	3.450263589746474
2.40000327270415	3.475264917970656
2.41666993894978	3.5002661808631887
2.4333366051954117	3.525267493892287
2.450003271441043	3.550268639730071
2.466669937686675	3.5752697325012197
2.483336603932305	3.6002708632926934
2.5000032701779364	3.625271902605438
2.5166699364235683	3.650273063186645
2.5333366026692	3.6752740583415946
2.5500032689148298	3.700275094965362
2.5666699351604616	3.7252763980880728
2.5833366014060934	3.750277981708908
2.600003267651725	3.7752794759613026
2.616669933897355	3.800280723199078
2.6333366001429868	3.8252820960327134
2.650003266388618	3.8502834725986457
2.66666993263425	3.875284669060512
2.68333659887988	3.900285904347227
2.7000032651255115	3.9252871960334748
2.7166699313711433	3.950288312997053
2.733336597616775	3.975289413526534
2.7500032638624066	4.0002906957817075
2.7666699301080366	4.0252921036235785
2.7833365963536685	4.05029333090057
2.8000032625993	4.075294712439726
2.8166699288449317	4.100295945953369
2.833336595090562	4.125297234070966
2.850003261336193	4.150298499927902
2.866669927581825	4.175299783090973
2.883336593827457	4.2003009640186315
2.9000032600730865	4.225302261134719
2.9166699263187184	4.250303661118316
2.93333659256435	4.275305302880096
2.9500032588099816	4.300306930553054
2.9666699250556117	4.325308523593902
2.9833365913012435	4.350310129501725
3.000003257546875	4.375311478199766
3.0166699237925068	4.400312782210542
3.033336590038137	4.425314141724394
3.0500032562837682	4.45031545706482
3.0666699225294	4.475316778504181
3.083336588775032	4.500318066353989
3.1000032550206615	4.525319398115919
3.1166699212662934	4.5503207578929885
3.1333365875119252	4.575322278114318
3.1500032537575566	4.600323784504317
3.1666699200031867	4.625325102898789
3.1833365862488185	4.650326360843278
3.20000325249445	4.675327648303605
3.216669918740082	4.7003289066444385
3.233336584985712	4.7253301334129345
3.2500032512313433	4.750331457411194
3.266669917476975	4.775332867187501
3.283336583722607	4.800334080228804
3.3000032499682366	4.825335289427568
3.3166699162138684	4.8503364606933586
3.3333365824595003	4.875337845328521
3.3500032487051317	4.900338969908905
3.3666699149507617	4.925340229884721
3.3833365811963936	4.950341320891191
3.400003247442025	4.975342453355408
3.416669913687657	5.00034340867882
3.433336579933287	5.025344409814835
3.4500032461789183	5.0503456195308685
3.46666991242455	5.075346827465439
3.483336578670182	5.100347993916323
3.5000032449158116	5.12534921561928
3.5166699111614435	5.150350202759172
3.5333365774070753	5.175351255833816
3.5500032436527063	5.200352102817918
3.5666699098983368	5.225353059785462
3.5833365761439686	5.250354059772875
3.6000032423896	5.275355142474749
3.6166699086352314	5.300356603654862
3.633336574880862	5.32535814997101
3.6500032411264933	5.350359710798644
3.666669907372125	5.375361164113617
3.6833365736177566	5.400362887845613
3.7000032398633866	5.425364399171451
3.7166699061090185	5.450365986978913
3.7333365723546503	5.475367506301117
3.7500032386002813	5.500368916729355
3.766669904845912	5.525370340397262
3.7833365710915436	5.550371727542878
3.800003237337175	5.575373156307986
3.8166699035828064	5.600374377238466
3.833336569828437	5.6253756503105175
3.8500032360740684	5.6503770637897475
3.8666699023197	5.675378420088576
3.8833365685653316	5.700379695846941
3.9000032348109617	5.725381246884155
3.9166699010565935	5.750382665707017
3.933336567302225	5.775384055759431
3.9500032335478563	5.800385625489425
3.966669899793487	5.825387401526642
3.9833365660391187	5.85038907078476
4.00000323228475	5.87539060147934
4.016669898530382	5.900392139923476
4.033336564776012	5.925393587774661
4.050003231021644	5.950394895093919
4.066669897267275	5.9753963082828525
4.083336563512907	6.000397568764499
4.100003229758537	6.02539888018532
4.1166698960041685	6.0504002911151895
4.1333365622497995	6.075401742397311
4.150003228495431	6.100403150140002
4.166669894741061	6.125404618952943
4.183336560986693	6.150406106484605
4.200003227232325	6.17540760090256
4.216669893477957	6.200409094429018
4.233336559723587	6.225410542512895
4.250003225969218	6.2504120058631925
4.26666989221485	6.275413463482667
4.283336558460482	6.300414970859528
4.300003224706112	6.325416520225143
4.316669890951744	6.350418256708908
4.3333365571973745	6.375419808768083
4.350003223443007	6.400421520184328
4.3666698896886365	6.425422897117997
4.383336555934268	6.450424163461307
4.4000032221799	6.475425456684877
4.416669888425532	6.500426838952637
4.433336554671161	6.525428113184739
4.450003220916794	6.550429499818423
4.466669887162425	6.57543085217743
4.483336553408057	6.6004323356231716
4.500003219653687	6.625433606816102
4.516669885899319	6.650434897068406
4.53333655214495	6.6754361887767795
4.550003218390582	6.700437591426468
4.5666698846362115	6.725438837133408
4.583336550881843	6.750440093441775
4.600003217127475	6.7754412168624905
4.616669883373107	6.800442505101778
4.633336549618736	6.825443645183947
4.650003215864369	6.850444922743608
4.66666988211	6.875446434700014
4.683336548355632	6.900447692920687
4.700003214601262	6.925448896360398
4.716669880846894	6.950450192867661
4.733336547092525	6.975451288154603
4.750003213338157	7.000452436800769
4.7666698795837865	7.02545353439522
4.783336545829418	7.050454537662127
4.80000321207505	7.075455570467382
4.816669878320682	7.100456646686555
4.833336544566311	7.125457709905247
4.850003210811944	7.150458680494311
4.866669877057575	7.175459679729466
4.883336543303207	7.200460728319173
4.900003209548837	7.225461756316379
4.916669875794469	7.250462962858966
4.9333365420401	7.275464178322986
4.950003208285732	7.300465329274751
4.9666698745313616	7.325466626813131
4.983336540776993	7.350467872303012
5.000003207022625	7.3754689052368185
5.016669873268256	7.400469914385229
5.033336539513886	7.42547089146996
5.050003205759519	7.4504718306125675
5.06666987200515	7.475472803880312
5.083336538250781	7.500473556842427
5.100003204496412	7.525474306782153
5.116669870742044	7.550475208008581
5.133336536987675	7.575476151498415
5.1500032032333065	7.600476989464952
5.166669869478937	7.625477833537294
5.183336535724568	7.650478633965686
5.2000032019702	7.675479361219411
5.216669868215831	7.700480307229997
5.233336534461461	7.725481279363253
5.250003200707094	7.750482248797228
5.266669866952725	7.7754832887489345
5.283336533198356	7.8004843382568385
5.300003199443989	7.825485706294634
5.316669865689619	7.850486997553254
5.33333653193525	7.875488357321929
5.3500031981808815	7.9004898517341635
5.366669864426513	7.925491193781662
5.3833365306721435	7.950492768651199
5.400003196917775	7.975494240268327
5.416669863163406	8.000495583712386
5.433336529409038	8.025496864950183
5.450003195654669	8.050498040539933
5.4666698619003	8.075499141955186
5.483336528145931	8.100500328136825
5.500003194391564	8.12550144837799
5.516669860637194	8.150502661527256
5.533336526882825	8.175503804663085
5.550003193128457	8.200504798807525
5.566669859374088	8.22550573555107
5.5833365256197185	8.25050675208969
5.60000319186535	8.275507922998429
5.616669858110981	8.300509196835709
5.633336524356613	8.325510415735245
5.650003190602244	8.350511624051666
5.666669856847875	8.375512851091
5.683336523093506	8.40051423540878
5.700003189339139	8.425515689475251
5.716669855584768	8.450517053558729
5.7333365218304	8.475518418544008
5.750003188076032	8.500519906575013
5.7666698543216635	8.525521150401305
5.783336520567293	8.550522535367968
5.800003186812925	8.575523763634871
5.816669853058556	8.60052498964882
5.833336519304188	8.625526179662705
5.850003185549818	8.650527663103485
5.86666985179545	8.675529032676698
5.883336518041081	8.700530362783434
5.900003184286714	8.725531870962143
5.916669850532343	8.750533439596177
5.933336516777975	8.775534810440444
5.950003183023607	8.800536157973864
5.9666698492692385	8.825537374199294
5.983336515514868	8.850538652996827
6.0000031817605	8.875540019382477
6.016669848006131	8.900541221187593
6.033336514251763	8.925542640144732
6.050003180497393	8.950544069009782
6.066669846743025	8.975545220554352
6.083336512988656	9.000546501052858
6.100003179234289	9.025547797322464
6.116669845479918	9.050548824167635
6.13333651172555	9.075549899718474
6.150003177971182	9.100551002282716
6.1666698442168135	9.125552274359894
6.183336510462443	9.150553474768829
6.200003176708075	9.175554697844316
6.216669842953706	9.200555787148286
6.233336509199338	9.225556868956378
6.250003175444968	9.250558389688493
6.2666698416906	9.275559716731262
6.283336507936231	9.300561005987932
6.300003174181864	9.32556218567734
6.316669840427493	9.350563591910937
6.333336506673125	9.375564981085589
6.350003172918757	9.400566380192187
6.3666698391643886	9.425567879306799
6.383336505410018	9.45056948479882
6.4000031716556505	9.475571055046087
6.416669837901281	9.500572620335396
6.433336504146913	9.525574073760229
6.450003170392543	9.55057555706978
6.466669836638175	9.575577018888096
6.483336502883806	9.60057846851273
6.500003169129439	9.625580025043876
6.516669835375068	9.650581474135594
6.5333365016207	9.675582589698035
6.550003167866332	9.700583713513566
6.566669834111964	9.725584957971577
6.583336500357593	9.75058620588379
6.6000031666032255	9.775587374094012
6.6166698328488565	9.800588332217794
6.633336499094488	9.82558935433121
6.650003165340118	9.850590655152516
6.66666983158575	9.875591770818712
6.683336497831381	9.900593033849338
6.700003164077014	9.92559421291428
6.716669830322643	9.950595236203007
6.733336496568275	9.975596560950851
6.750003162813907	10.000597622142795
6.766669829059539	10.025598954419326
6.783336495305168	10.05060014722557
6.8000031615508005	10.075601105957794
6.8166698277964315	10.10060187151108
6.833336494042063	10.125602685187912
6.850003160287693	10.150603563999939
6.866669826533325	10.175604491060259
6.883336492778956	10.200605413799286
6.900003159024589	10.225606281786346
6.916669825270218	10.250607278203582
6.93333649151585	10.27560814926567
6.950003157761482	10.300609143390654
6.966669824007114	10.325610097304533
6.983336490252743	10.350611133304598
7.000003156498376	10.375612218540573
7.0166698227440065	10.400613350996016
7.033336488989638	10.425614420064543
7.050003155235268	10.450615618960953
7.0666698214809	10.475616921195604
7.083336487726531	10.500618415865324
7.100003153972164	10.525619760718154
7.116669820217793	10.55062117239189
7.133336486463425	10.575622780941773
7.150003152709057	10.600624217288969
7.166669818954689	10.625625640815356
7.183336485200318	10.65062708355751
7.200003151445951	10.675628371533206
7.216669817691582	10.700629848760986
7.233336483937213	10.725631068267058
7.2500031501828435	10.75063211559944
7.266669816428475	10.775633166099167
7.283336482674106	10.800634143919751
7.300003148919739	10.825635355041499
7.316669815165368	10.8506366384716
7.333336481411	10.87563787261276
7.350003147656632	10.90063925109291
7.366669813902264	10.925640464603422
7.383336480147893	10.95064183838882
7.400003146393526	10.97564331496963
7.416669812639157	11.000644894388959
7.433336478884788	11.025646269396207
7.4500031451304185	11.050647716944502
7.46666981137605	11.075649223191451
7.483336477621681	11.100650754120636
7.500003143867314	11.1256520492279
7.516669810112943	11.150653177624129
7.533336476358575	11.175654385921476
7.550003142604207	11.200655631266017
7.566669808849838	11.2256569972599
7.583336475095468	11.25065826220741
7.600003141341101	11.275659473840332
7.616669807586732	11.300660622718809
7.633336473832363	11.325661805818555
7.6500031400779935	11.350663146605683
7.666669806323625	11.375664503069304
7.683336472569256	11.400665765333937
7.700003138814888	11.425666972636412
7.716669805060518	11.450667980653762
7.73333647130615	11.475669135644146
7.750003137551782	11.500670381470107
7.766669803797413	11.525671779391862
7.783336470043043	11.550673232686233
7.800003136288676	11.575674586222837
7.816669802534307	11.600675981759261
7.833336468779938	11.625677605981062
7.85000313502557	11.650679015873717
7.8666698012712	11.675680265687939
7.883336467516831	11.700681674816892
7.900003133762463	11.7256830999691
7.916669800008095	11.75068425612297
7.933336466253725	11.775685648587416
7.950003132499357	11.80068715899925
7.966669798744988	11.825688507817071
7.98333646499062	11.850689832741926
8.00000313123625	11.875691248904799
8.016669797481882	11.900692340019987
8.033336463727514	11.925693555474847
8.050003129973145	11.950694953147885
8.066669796218775	11.975696244558332
8.083336462464407	12.000697477943415
8.100003128710037	12.025698980971905
8.116669794955671	12.050700693524927
8.133336461201301	12.075702310074611
8.150003127446931	12.100704054287718
8.166669793692563	12.125705575561902
8.183336459938195	12.150707053041835
8.200003126183825	12.17570827446098
8.216669792429457	12.20070966783485
8.233336458675089	12.225711099108121
8.25000312492072	12.250712533068084
8.266669791166349	12.275713991721723
8.283336457411982	12.300715476325983
8.300003123657612	12.325716769658275
8.316669789903246	12.350718123579785
8.333336456148874	12.375719434209056
8.350003122394506	12.400720911074064
8.366669788640138	12.425722353672404
8.38333645488577	12.450723698323054
8.4000031211314	12.475724990764617
8.416669787377032	12.500726387911604
8.433336453622664	12.52572749850654
8.450003119868295	12.550728946322247
8.466669786113924	12.575730409550852
8.483336452359557	12.600731749715802
8.500003118605187	12.625733233556364
8.516669784850821	12.650734810321806
8.533336451096451	12.675736070572277
8.550003117342081	12.700737404365155
8.566669783587713	12.725738653788376
8.583336449833345	12.750739917468639
8.600003116078975	12.77574121882858
8.616669782324607	12.800742474232479
8.633336448570239	12.825743890497586
8.650003114815869	12.85074509206199
8.6666697810615	12.875746269198222
8.683336447307132	12.90074737046623
8.700003113552762	12.925748642801663
8.716669779798394	12.950749720533752
8.733336446044026	12.975750909913252
8.750003112289656	13.000752013843533
8.766669778535288	13.02575323412933
8.78333644478092	13.050754506456373
8.80000311102655	13.075756074047467
8.816669777272182	13.10075775782661
8.833336443517814	13.125759325658029
8.850003109763444	13.150760828072736
8.866669776009076	13.175762651194379
8.883336442254707	13.200764088941186
8.900003108500337	13.225765550007242
8.91666977474597	13.250767026074977
8.933336440991601	13.275768551018519
8.950003107237231	13.300769930649182
8.966669773482863	13.325771327330013
8.983336439728495	13.35077269345741
9.000003105974125	13.375774081328197
9.016669772219757	13.400775300577543
9.033336438465389	13.425776502268215
9.050003104711019	13.450777700911711
9.06666977095665	13.475778947416686
9.083336437202282	13.500780285528181
9.100003103447913	13.525781480099486
9.116669769693544	13.550782697688291
9.133336435939176	13.575783937176134
9.150003102184806	13.600785616648482
9.166669768430438	13.625787126189039
9.18333643467607	13.650788483024595
9.2000031009217	13.675789851299287
9.216669767167332	13.700791137633516
9.233336433412964	13.725792232544325
9.250003099658594	13.750793571931078
9.266669765904226	13.775794929995346
9.283336432149857	13.800796414853666
9.300003098395488	13.825797778424834
9.31666976464112	13.850799168865205
9.333336430886751	13.875800321203615
9.350003097132381	13.900801332897947
9.366669763378013	13.925802521598053
9.383336429623645	13.95080382904434
9.400003095869275	13.975805059996032
9.416669762114907	14.00080631651573
9.433336428360539	14.02580761798706
9.450003094606169	14.050808769683837
9.4666697608518	14.075809821192932
9.483336427097433	14.100811000996782
9.500003093343063	14.12581249477539
9.516669759588694	14.150813751080701
9.533336425834326	14.175815101675031
9.550003092079956	14.200816282750317
9.566669758325588	14.225817524426265
9.58333642457122	14.250818674185942
9.60000309081685	14.275820047192763
9.616669757062482	14.300821251854323
9.633336423308114	14.325822333190533
9.650003089553744	14.350823697185515
9.666669755799376	14.375825172766875
9.683336422045008	14.400826731030271
9.700003088290638	14.425828206376265
9.71666975453627	14.450829658383558
9.733336420781901	14.475831198836133
9.750003087027531	14.500832630852505
9.766669753273163	14.525834305994413
9.783336419518795	14.55083578588066
9.800003085764425	14.575837378177642
9.816669752010057	14.600838861890027
9.833336418255689	14.625840499486157
9.850003084501319	14.650842194304659
9.86666975074695	14.675843788721465
9.883336416992583	14.700845385700607
9.900003083238213	14.725846929240415
9.916669749483844	14.75084821426582
9.933336415729476	14.775849352307128
9.950003081975106	14.800850608084486
9.966669748220738	14.825851897969814
9.98333641446637	14.850853232024761
10.000003080712	14.875854431543345
10.016669746957632	14.900855742926403
10.033336413203264	14.925856997321699
10.050003079448894	14.95085813158531
10.066669745694526	14.975859415258025
10.083336411940158	15.000860652073287
10.100003078185788	15.025861767627333
10.11666974443142	15.050863149118422
10.133336410677051	15.07586446242485
10.150003076922681	15.100865749636078
10.166669743168313	15.125866838840102
10.183336409413945	15.150868253062438
10.200003075659575	15.1758696699749
10.216669741905207	15.200870807362751
10.233336408150839	15.22587188037529
10.250003074396469	15.250873040341569
10.2666697406421	15.275874038917923
10.283336406887733	15.300875181183242
10.300003073133363	15.325876371788787
10.316669739378995	15.350877563425446
10.333336405624626	15.375878609986493
10.350003071870256	15.400879702371217
10.366669738115888	15.425880816403199
10.38333640436152	15.450881963146209
10.40000307060715	15.475882943152236
10.416669736852782	15.500884240691375
10.433336403098414	15.525885587466812
10.450003069344044	15.550886841981127
10.466669735589676	15.575888162791061
10.483336401835308	15.600889317914962
10.500003068080938	15.625890642521286
10.51666973432657	15.65089199246521
10.533336400572201	15.675893559542466
10.550003066817832	15.700895083882521
10.566669733063463	15.725896705302047
10.583336399309095	15.750898062775796
10.600003065554725	15.775899615862272
10.616669731800357	15.800900938718412
10.633336398045989	15.82590215456733
10.650003064291619	15.850903247162627
10.66666973053725	15.875904344507598
10.683336396782883	15.900905452635191
10.700003063028513	15.92590649256477
10.716669729274145	15.950907491351316
10.733336395519776	15.975908319672008
10.750003061765407	16.000909256916042
10.766669728011038	16.025910249755093
10.78333639425667	16.050911202239224
10.8000030605023	16.07591197344589
10.816669726747932	16.100912759516902
10.833336392993564	16.125913680617135
10.850003059239194	16.150914355949777
10.866669725484826	16.17591504754257
10.883336391730458	16.200915812964244
10.900003057976088	16.225916628538506
10.91666972422172	16.250917670662304
10.933336390467352	16.2759187140274
10.950003056712982	16.30091963305778
10.966669722958613	16.32592048070907
10.983336389204245	16.350921444433588
11.000003055449875	16.37592249668426
11.016669721695507	16.40092347236442
11.033336387941139	16.42592449983215
11.050003054186769	16.450925590822976
11.066669720432401	16.475926549439233
11.083336386678033	16.50092749051017
11.100003052923663	16.525928348604957
11.116669719169295	16.550929000265114
11.133336385414927	16.57592969761733
11.150003051660557	16.600930619960774
11.166669717906188	16.6259314027172
11.18333638415182	16.650932218908302
11.20000305039745	16.675933082981484
11.216669716643082	16.700934182506554
11.233336382888714	16.72593525950965
11.250003049134344	16.75093608054809
11.266669715379976	16.77593694689674
11.283336381625608	16.800937965705103
11.300003047871238	16.825938801881783
11.31666971411687	16.850939694695274
11.333336380362502	16.875940594908517
11.350003046608132	16.900941799782938
11.366669712853763	16.925942798891445
11.383336379099395	16.950943865809244
11.400003045345025	16.975944841743086
11.416669711590657	17.000945931067267
11.433336377836289	17.025946988956445
11.45000304408192	17.05094801819953
11.466669710327551	17.075949225632087
11.483336376573183	17.100950540965645
11.500003042818813	17.125951834179297
11.516669709064445	17.15095313221778
11.533336375310077	17.175954510553733
11.550003041555707	17.200955866241447
11.566669707801339	17.22595733992347
11.58333637404697	17.250958886120213
11.6000030402926	17.275960611247243
11.616669706538232	17.30096217413062
11.633336372783864	17.325963714485162
11.650003039029494	17.3509651769432
11.666669705275126	17.375966627839652
11.683336371520758	17.400968188557805
11.700003037766388	17.425969747512426
11.71666970401202	17.450971140103523
11.733336370257652	17.475972580646886
11.750003036503282	17.500973983911887
11.766669702748914	17.525975465729513
11.783336368994545	17.55097692092132
11.800003035240175	17.57597825050925
11.816669701485807	17.60097955757369
11.83333636773144	17.625980980443945
11.85000303397707	17.65098249634589
11.866669700222701	17.6759839372898
11.883336366468333	17.700985428646845
11.900003032713963	17.725986952585973
11.916669698959595	17.750988623599994
11.933336365205227	17.775990417085254
11.950003031450857	17.800992088241184
11.966669697696489	17.825993674793615
11.98333636394212	17.850995127076327
12.00000303018775	17.87599641557158
12.016669696433382	17.90099773321837
12.033336362679014	17.925999045254123
12.050003028924644	17.951000262115084
12.066669695170276	17.976001510915363
12.083336361415908	18.001002795850358
12.100003027661538	18.026003998457703
12.11666969390717	18.051005037907014
12.133336360152802	18.076006211488327
12.150003026398432	18.101007461172852
12.166669692644064	18.126008615890868
12.183336358889695	18.151009833626922
12.200003025135326	18.176010957683168
12.216669691380957	18.201012140578825
12.23333635762659	18.226013297080215
12.25000302387222	18.251014415798934
12.266669690117851	18.276015748976118
12.283336356363483	18.301017281451017
12.300003022609113	18.326018822305286
12.316669688854745	18.35102049667166
12.333336355100377	18.37602204975012
12.350003021346007	18.401023508399565
12.366669687591639	18.426024911174757
12.38333635383727	18.451026262113558
12.4000030200829	18.476027598580536
12.416669686328532	18.501029056975923
12.433336352574164	18.526030536203372
12.450003018819794	18.551032157622515
12.466669685065426	18.576033460116182
12.483336351311058	18.601034966842256
12.500003017556688	18.6260362931259
12.51666968380232	18.651037540490325
12.533336350047952	18.676038706415167
12.550003016293582	18.701039819910804
12.566669682539214	18.72604124524268
12.583336348784846	18.751042608039082
12.600003015030476	18.776043991083515
12.616669681276107	18.801045539826575
12.63333634752174	18.826046935736453
12.65000301376737	18.851048540977086
12.666669680013001	18.876050295754993
12.683336346258633	18.901051767642965
12.700003012504263	18.92605330758933
12.716669678749895	18.95105479449538
12.733336344995527	18.976056310929096
12.750003011241157	19.001057719320666
12.766669677486789	19.026059284231938
12.78333634373242	19.051060757116307
12.80000300997805	19.07606223485259
12.816669676223682	19.101063675176228
12.833336342469314	19.12606522404937
12.850003008714944	19.151066604163734
12.866669674960576	19.176067893942633
12.883336341206208	19.20106894117469
12.900003007451838	19.22607013638991
12.91666967369747	19.25107111522178
12.933336339943102	19.276072000426858
12.950003006188732	19.3010730774105
12.966669672434364	19.326074415010446
12.983336338679996	19.351075601014703
13.000003004925626	19.37607672292175
13.016669671171258	19.4010780639965
13.03333633741689	19.42607897526283
13.05000300366252	19.451079897718806
13.066669669908151	19.47608094631767
13.083336336153783	19.501081815079495
13.100003002399413	19.52608263206405
13.116669668645045	19.55108347322692
13.133336334890677	19.576084269430154
13.150003001136307	19.60108504635963
13.166669667381939	19.626085921228402
13.18333633362757	19.651087022011943
13.2000029998732	19.676088062981027
13.216669666118833	19.701089145948405
13.233336332364464	19.726090150513453
13.250002998610094	19.751091339723963
13.266669664855726	19.776092663582606
13.283336331101358	19.801094012424084
13.300002997346988	19.826095596934504
13.31666966359262	19.851097079284663
13.333336329838252	19.876098396404263
13.350002996083882	19.901099817252344
13.366669662329514	19.92610125563507
13.383336328575146	19.951102528344723
13.400002994820776	19.976103775737
13.416669661066408	20.00110491446037
13.43333632731204	20.026106092239377
13.45000299355767	20.05110729137382
13.466669659803301	20.07610852491417
13.483336326048933	20.10110974162178
13.500002992294563	20.126110812619018
13.516669658540195	20.151111845823287
13.533336324785827	20.176113069284057
13.550002991031457	20.201114144357682
13.566669657277089	20.226115177934265
13.58333632352272	20.251116390058137
13.60000298976835	20.276117686935425
13.616669656013983	20.301119017784114
13.633336322259614	20.32612027559318
13.650002988505245	20.351121645280454
13.666669654750876	20.37612317012367
13.683336320996508	20.401124697333522
13.700002987242138	20.426126141463854
13.71666965348777	20.45112739954643
13.733336319733402	20.47612866534767
13.750002985979032	20.50112996937637
13.766669652224664	20.526131248826598
13.783336318470296	20.551132563515477
13.800002984715926	20.57613376180191
13.816669650961558	20.60113500015602
13.83333631720719	20.626136332692717
13.85000298345282	20.651137671176908
13.866669649698451	20.676138836092754
13.883336315944083	20.701140181474685
13.900002982189713	20.72614160193748
13.916669648435345	20.751142918299482
13.933336314680977	20.776144110820386
13.950002980926607	20.801145356167982
13.966669647172239	20.826146466385268
13.98333631341787	20.851147857069012
14.0000029796635	20.876149226129908
14.016669645909133	20.901150503938293
14.033336312154765	20.926151726012037
14.050002978400395	20.951153114034653
14.066669644646026	20.976154148754116
14.083336310891658	21.00115505304603
14.100002977137288	21.026155880577083
14.11666964338292	21.051156825326153
14.133336309628552	21.076157623148724
14.150002975874182	21.101158185342406
14.166669642119814	21.12615891182861
14.183336308365446	21.151159576364517
14.200002974611076	21.176160284393692
14.216669640856708	21.201160950055694
14.23333630710234	21.226161561403277
14.25000297334797	21.251162223216628
14.266669639593601	21.27616301550789
14.283336305839233	21.301163540172194
14.300002972084863	21.32616410021706
14.316669638330495	21.351164795045857
14.333336304576127	21.376165796927264
14.350002970821757	21.40116678672295
14.366669637067389	21.426168012352754
14.38333630331302	21.451169152699283
14.400002969558651	21.476170412951664
14.416669635804283	21.50117128718033
14.433336302049915	21.526172095756532
14.450002968295545	21.551172998931126
14.466669634541176	21.576173790693286
14.483336300786808	21.601174677533344
14.500002967032438	21.62617563092995
14.51666963327807	21.651176516623693
14.533336299523702	21.67617732709847
14.550002965769332	21.701178089342505
14.566669632014964	21.726179079514697
14.583336298260596	21.751179932107163
14.600002964506226	21.77618091248169
14.616669630751858	21.80118188687401
14.63333629699749	21.82618283250046
14.65000296324312	21.851183889242556
14.666669629488752	21.876184904744722
14.683336295734383	21.90118616304779
14.700002961980013	21.92618728139801
14.716669628225645	21.951188277673722
14.733336294471277	21.976189192902375
14.750002960716907	22.00119006318054
14.766669626962539	22.02619078357086
14.78333629320817	22.051191502790832
14.800002959453801	22.076192183057785
14.816669625699433	22.101192765213394
14.833336291945065	22.126193277651595
14.850002958190695	22.15119403229179
14.866669624436327	22.176194782741163
14.883336290681958	22.2011955849411
14.900002956927588	22.226196292844772
14.91666962317322	22.251196865993496
14.933336289418852	22.276197424231718
14.950002955664482	22.301198152390285
14.966669621910114	22.326198761434174
14.983336288155746	22.351199419586944
15.000002954401376	22.37620002927437
15.016669620647008	22.40120072112846
15.03333628689264	22.426201681632232
15.05000295313827	22.451202472265624
15.066669619383902	22.4762030937603
15.083336285629533	22.50120394483185
15.100002951875164	22.52620454685631
15.116669618120795	22.551205231231307
15.133336284366427	22.576205682580564
15.150002950612057	22.60120615532303
15.166669616857689	22.626206493046954
15.183336283103321	22.651207084873583
15.200002949348951	22.676207786033636
15.216669615594583	22.70120846697121
15.233336281840215	22.72620913340416
15.250002948085845	22.751209601295475
15.266669614331477	22.77621013994103
15.283336280577108	22.80121079653168
15.300002946822739	22.8262113758873
15.31666961306837	22.851211896847914
15.333336279314002	22.8762124785038
15.350002945559632	22.901213177462385
15.366669611805264	22.926214303559874
15.383336278050896	22.951215364123914
15.400002944296526	22.97621632922897
15.416669610542158	23.001217263397216
15.43333627678779	23.026218215515897
15.45000294303342	23.051219020532223
15.466669609279052	23.07621991516647
15.483336275524684	23.1012208448822
15.500002941770314	23.12622160255813
15.516669608015945	23.151222573022075
15.533336274261577	23.17622340793571
15.550002940507207	23.20122416519737
15.56666960675284	23.226224971705626
15.583336272998471	23.251225582495877
15.600002939244101	23.27622618798332
15.616669605489733	23.301226863295742
15.633336271735365	23.326227279636
15.650002937980995	23.35122773521385
15.666669604226627	23.37622837732887
15.683336270472259	23.40122902364006
15.700002936717889	23.42622967605248
15.71666960296352	23.451230506637575
15.733336269209152	23.476231407613756
15.750002935454782	23.50123272028389
15.766669601700414	23.52623396934624
15.783336267946046	23.5512349413353
15.800002934191676	23.576235945666507
15.816669600437308	23.601236978360372
15.83333626668294	23.626238058166507
15.85000293292857	23.651239062585834
15.866669599174202	23.67624010316697
15.883336265419834	23.70124117835961
15.900002931665464	23.726242202289587
15.916669597911095	23.751243135607535
15.933336264156727	23.77624407067681
15.950002930402357	23.80124487121087
15.96666959664799	23.8262459092434
15.983336262893621	23.851246903256616
16.000002929139253	23.87624773220063
16.016669595384883	23.90124858327828
16.033336261630513	23.926249332025154
16.050002927876147	23.95125011745644
16.066669594121777	23.976251316503912
16.083336260367407	24.001252347144707
16.10000292661304	24.02625346674691
16.11666959285867	24.051254648051458
16.1333362591043	24.076255488683323
16.150002925349934	24.10125634509316
16.166669591595564	24.126256958831032
16.183336257841194	24.15125762179185
16.200002924086828	24.17625828679696
16.216669590332458	24.201258904830556
16.233336256578088	24.2262594547947
16.25000292282372	24.251259894808584
16.266669589069352	24.276260411343006
16.283336255314982	24.301261156944662
16.300002921560615	24.326261757060248
16.316669587806246	24.351262317095955
16.333336254051876	24.376262877390676
16.35000292029751	24.40126361189614
16.36666958654314	24.42626465119134
16.38333625278877	24.451265733396916
16.400002919034403	24.476266763303762
16.416669585280033	24.501268052811056
16.433336251525663	24.526269079749685
16.450002917771297	24.551270375376898
16.466669584016927	24.5762718045353
16.483336250262557	24.60127301477433
16.50000291650819	24.626274161502085
16.51666958275382	24.651275369179164
16.53333624899945	24.676276631958018
16.550002915245084	24.701277764928065
16.566669581490714	24.726278774196633
16.583336247736344	24.751279831972518
16.600002913981978	24.776280824683393
16.616669580227608	24.801281872926342
16.633336246473238	24.82628289277879
16.650002912718872	24.851283805461893
16.6666695789645	24.876284894540415
16.683336245210132	24.901286045828638
16.700002911455766	24.92628700456849
16.7166695777014	24.951288039161692
16.733336243947033	24.976288998278818
16.750002910192652	25.001290069270336
16.766669576438282	25.02629130838395
16.783336242683916	25.051292224360285
16.80000290892955	25.076292999591836
16.816669575175183	25.101294049960337
16.833336241420817	25.126294932357798
16.85000290766645	25.15129569374238
16.866669573912084	25.176296446821603
16.8833362401577	25.201297285786445
16.900002906403333	25.226298179393396
16.916669572648967	25.251298973601923
16.9333362388946	25.2762997741459
16.950002905140234	25.30130033713189
16.966669571385868	25.32630106350709
16.983336237631498	25.351301832246406
17.00000290387713	25.376302938224804
17.01666957012275	25.401303891368876
17.033336236368385	25.42630474777299
17.05000290261402	25.451305478837973
17.06666956885965	25.476306379543317
17.083336235105282	25.501307250870525
17.10000290135092	25.526308362954342
17.11666956759655	25.55130937526399
17.133336233842183	25.57631034711839
17.150002900087802	25.601311256858455
17.166669566333432	25.626312015018094
17.183336232579066	25.651312661190808
17.2000028988247	25.676313298454296
17.216669565070333	25.70131404213029
17.233336231315967	25.72631485937463
17.2500028975616	25.75131562163087
17.266669563807234	25.776316423093803
17.28333623005285	25.80131708327294
17.300002896298484	25.826317596866996
17.316669562544117	25.851318282745368
17.333336228789747	25.876319003358848
17.350002895035384	25.90131984961015
17.366669561281018	25.92632068301011
17.383336227526648	25.951321439555368
17.400002893772285	25.976322362553034
17.4166695600179	26.001323325746547
17.43333622626353	26.026324336410152
17.45000289250917	26.051325491388333
17.4666695587548	26.076326500895323
17.483336225000432	26.10132744401208
17.50000289124607	26.126328309735882
17.5166695574917	26.151328983020033
17.533336223737333	26.17632972631494
17.550002889982952	26.201330484987274
17.566669556228582	26.226331360107814
17.583336222474216	26.251332287428674
17.60000288871985	26.276333260165416
17.616669554965483	26.30133452066842
17.633336221211117	26.326335687343224
17.65000288745675	26.351336898332605
17.666669553702384	26.376337882793816
17.683336219948014	26.401338808568962
17.700002886193634	26.426339635096753
17.716669552439267	26.451340347714243
17.733336218684897	26.476340976098257
17.750002884930534	26.501341884191522
17.766669551176168	26.52634277677346
17.783336217421798	26.551343707528694
17.800002883667435	26.576344569675836
17.816669549913065	26.6013454499199
17.83333621615868	26.62634649903527
17.85000288240432	26.651347688776788
17.86666954864995	26.67634876436959
17.883336214895582	26.701349871896753
17.90000288114122	26.726350888566216
17.91666954738685	26.7513518438572
17.933336213632483	26.77635255570794
17.950002879878117	26.80135316906663
17.966669546123732	26.826353728348934
17.983336212369366	26.85135439782792
18.000002878615	26.87635509657594
18.016669544860633	26.901355752442182
18.033336211106267	26.926356630356988
18.0500028773519	26.951357218003476
18.066669543597534	26.976358000605025
18.083336209843164	27.001358828258528
18.100002876088784	27.026359588364805
18.116669542334417	27.051360476226055
18.133336208580047	27.076361474821482
18.150002874825685	27.101362417004786
18.166669541071318	27.126363374354185
18.183336207316948	27.151364085214624
18.200002873562585	27.176364809675995
18.216669539808215	27.201365386887375
18.23333620605383	27.226366149909985
18.25000287229947	27.251366804233566
18.2666695385451	27.27636760020143
18.283336204790732	27.301368434199155
18.30000287103637	27.32636914464799
18.316669537282	27.351369840343107
18.333336203527633	27.37637058083383
18.350002869773267	27.40137133074266
18.366669536018883	27.426372107642
18.383336202264516	27.451372953126928
18.40000286851015	27.476373707476817
18.416669534755783	27.501374417029204
18.433336201001417	27.52637528122675
18.45000286724705	27.55137598750192
18.466669533492684	27.576376690444196
18.483336199738314	27.601377689515697
18.500002865983934	27.626378580953226
18.516669532229567	27.651379627771387
18.533336198475197	27.676380786818324
18.550002864720835	27.701381597688304
18.566669530966468	27.72638224514886
18.5833361972121	27.751382753022014
18.600002863457735	27.776383209228143
18.616669529703366	27.801383773060234
18.63333619594898	27.82638426373826
18.65000286219462	27.85138485137711
18.66666952844025	27.876385504952246
18.683336194685882	27.90138611283532
18.70000286093152	27.926386711826712
18.71666952717715	27.95138741756478
18.733336193422783	27.97638816554032
18.750002859668417	28.001389130675133
18.766669525914033	28.0263899568039
18.783336192159666	28.05139087543908
18.8000028584053	28.076391971389782
18.816669524650933	28.101392932017525
18.833336190896567	28.12639381212731
18.8500028571422	28.151394777266702
18.866669523387834	28.176395754330454
18.883336189633464	28.201396956546795
18.900002855879084	28.226397748214353
18.916669522124717	28.25139863466531
18.933336188370347	28.276399603214276
18.950002854615985	28.301400624347316
18.96666952086162	28.32640169473611
18.98333618710725	28.351402829880154
19.000002853352886	28.3764038718773
19.016669519598516	28.401404885053264
19.03333618584413	28.426405937478265
19.05000285208977	28.45140710459062
19.0666695183354	28.4764082312069
19.083336184581032	28.501409418647775
19.10000285082667	28.526410623521812
19.1166695170723	28.551411715132144
19.133336183317933	28.576412815652095
19.150002849563567	28.601413893157588
19.166669515809183	28.62641504919244
19.183336182054816	28.651416101361477
19.20000284830045	28.67641698212128
19.216669514546084	28.701417931349575
19.233336180791714	28.72641890257989
19.25000284703735	28.75141990892068
19.266669513282984	28.77642086359941
19.283336179528614	28.801421739121256
19.300002845774234	28.82642267164918
19.316669512019867	28.851423477426156
19.333336178265498	28.87642413826981
19.350002844511135	28.901424863133244
19.366669510756765	28.926425740425117
19.3833361770024	28.951426460458002
19.400002843248036	28.9764271329918
19.416669509493666	29.00142777129556
19.43333617573928	29.02642844714319
19.45000284198492	29.051429166273895
19.46666950823055	29.076429727838914
19.483336174476182	29.10143038612329
19.500002840721816	29.12643114394494
19.51666950696745	29.151432100645838
19.533336173213083	29.17643286136819
19.550002839458717	29.20143381844522
19.566669505704333	29.226434836775987
19.583336171949966	29.25143560095407
19.6000028381956	29.27643634082872
19.616669504441234	29.301436857975784
19.633336170686864	29.32643749322473
19.6500028369325	29.35143821069261
19.666669503178134	29.37643892242395
19.683336169423765	29.401439488686
19.700002835669384	29.426440212498488
19.716669501915018	29.451440972221008
19.733336168160648	29.47644172528192
19.750002834406285	29.501442379862986
19.766669500651915	29.526443091334162
19.78333616689755	29.55144387548753
19.800002833143186	29.57644464196053
19.816669499388816	29.601445399229057
19.83333616563443	29.626446289619835
19.85000283188007	29.651447205352028
19.8666694981257	29.676448047381598
19.883336164371332	29.701448707063683
19.900002830616966	29.726449538143548
19.9166694968626	29.751450480598077
19.933336163108233	29.776451193090065
19.950002829353867	29.801451966539773
19.966669495599483	29.826452798276147
19.983336161845116	29.85145355187646
20.00000282809075	29.876454335374465
20.016669494336384	29.901455327203767
20.033336160582014	29.92645628236848
20.05000282682765	29.951457053148665
20.066669493073285	29.976457894455734
20.083336159318915	30.001458750869766
20.100002825564534	30.02645973315355
20.116669491810168	30.051460560176103
20.133336158055798	30.07646148481409
20.150002824301435	30.101462469265766
20.166669490547065	30.12646335112154
20.1833361567927	30.151464221809405
20.200002823038336	30.17646520040896
20.216669489283966	30.201466306668497
20.23333615552958	30.226467045389583
20.25000282177522	30.251467819342068
20.26666948802085	30.27646862829974
20.283336154266483	30.301469228311944
20.300002820512116	30.32647003421557
20.31666948675775	30.351470895116453
20.333336153003383	30.376471720516616
20.350002819249017	30.40147249168399
20.366669485494633	30.426473167507964
20.383336151740266	30.45147403396342
20.4000028179859	30.476474906440764
20.416669484231534	30.50147556432231
20.433336150477164	30.526476109566527
20.4500028167228	30.551476601247813
20.466669482968435	30.576477110753277
20.483336149214065	30.601477726005196
20.500002815459684	30.626478300144218
20.516669481705318	30.651478916310523
20.533336147950948	30.67647973123629
20.550002814196585	30.70148074942553
20.566669480442215	30.72648186320498
20.58333614668785	30.751482950509665
20.600002812933486	30.77648380961001
20.616669479179116	30.801484559507774
20.63333614542473	30.826485166502017
20.65000281167037	30.851485752999135
20.666669477916	30.876486273218937
20.683336144161633	30.901486979997273
20.700002810407266	30.92648794321253
20.7166694766529	30.951488708119605
20.733336142898533	30.976489669150943
20.750002809144167	31.001490468706912
20.766669475389783	31.026491312546177
20.783336141635417	31.05149233494722
20.80000280788105	31.07649320601198
20.816669474126684	31.101494040029923
20.833336140372314	31.12649488385011
20.85000280661795	31.151495679689038
20.866669472863585	31.176496611208357
20.883336139109215	31.201497722029124
20.900002805354834	31.2264986218464
20.916669471600468	31.251499482958614
20.933336137846098	31.27650031701547
20.950002804091735	31.30150121465837
20.966669470337365	31.326501950308625
20.983336136583	31.351502865806218
21.000002802828636	31.376503905149864
21.016669469074266	31.401505010760904
21.033336135319882	31.426506092963052
21.05000280156552	31.451507143223214
21.06666946781115	31.47650804977267
21.083336134056783	31.50150889907496
21.100002800302416	31.5265097634064
21.11666946654805	31.55151066058085
21.133336132793684	31.57651149790003
21.150002799039317	31.601512478289052
21.166669465284933	31.626513546244073
21.183336131530567	31.6515144437958
21.2000027977762	31.676515413629943
21.216669464021834	31.701516297022653
21.233336130267464	31.726517359741617
21.2500027965131	31.751518430848336
21.266669462758735	31.77651951748507
21.283336129004365	31.80152056251795
21.300002795249984	31.82652158440134
21.316669461495618	31.85152259356462
21.333336127741248	31.876523644438187
21.350002793986885	31.901524807954036
21.366669460232515	31.926525944519057
21.38333612647815	31.951527105759062
21.400002792723786	31.976528293853015
21.416669458969416	32.001529277540605
21.433336125215032	32.02653014608194
21.45000279146067	32.05153127511789
21.4666694577063	32.076532201282134
21.483336123951933	32.101533134823626
21.500002790197566	32.12653409409219
21.5166694564432	32.15153494390146
21.533336122688834	32.17653574496882
21.550002788934467	32.20153655899088
21.566669455180083	32.22653749724009
21.583336121425717	32.25153866163866
21.60000278767135	32.276539394135305
21.616669453916984	32.30154043495791
21.633336120162614	32.326541554561636
21.65000278640825	32.35154250579875
21.66666945265388	32.376543298969295
21.683336118899515	32.40154398181804
21.700002785145134	32.42654472903559
21.716669451390768	32.45154567199747
21.733336117636398	32.476546761948036
21.750002783882035	32.50154781654361
21.766669450127665	32.52654899329951
21.7833361163733	32.55155007587054
21.800002782618932	32.57655130122454
21.816669448864566	32.601552553544636
21.833336115110182	32.62655361741602
21.85000278135582	32.65155467772409
21.86666944760145	32.676555788803505
21.883336113847083	32.70155678993571
21.900002780092716	32.7265576720814
21.91666944633835	32.75155872257922
21.93333611258398	32.77655991472094
21.950002778829617	32.80156094652331
21.966669445075233	32.82656180232318
21.983336111320867	32.85156284659998
22.0000027775665	32.87656360732615
22.016669443812134	32.9015643233845
22.033336110057764	32.9265650080147
22.0500027763034	32.95156578222658
22.06666944254903	32.97656648263666
22.083336108794665	33.00156712375604
22.100002775040284	33.02656778864099
22.116669441285918	33.05156857546044
22.133336107531548	33.076569609144606
22.150002773777185	33.10157049240724
22.166669440022815	33.126571241288005
22.18333610626845	33.15157181673356
22.200002772514082	33.1765723885048
22.216669438759716	33.20157275078202
22.233336105005332	33.226573225935375
22.25000277125097	33.251573719779984
22.2666694374966	33.27657448979722
22.283336103742233	33.301575346851365
22.300002769987866	33.32657620277635
22.3166694362335	33.35157713326227
22.33333610247913	33.37657803601304
22.350002768724767	33.40157876669007
22.366669434970383	33.42657944776612
22.383336101216017	33.45158018430253
22.40000276746165	33.47658103159028
22.416669433707284	33.50158198650933
22.433336099952914	33.526582929714976
22.45000276619855	33.55158394787026
22.46666943244418	33.57658464345131
22.483336098689815	33.60158543766518
22.500002764935434	33.6265863224701
22.516669431181068	33.65158719074898
22.533336097426698	33.67658798365631
22.550002763672335	33.701588911586
22.566669429917965	33.72658992239266
22.5833360961636	33.751590775773245
22.600002762409233	33.77659155050316
22.616669428654866	33.80159272918168
22.633336094900482	33.826593978596506
22.65000276114612	33.85159513941994
22.66666942739175	33.87659612566377
22.683336093637383	33.901597018860635
22.700002759883017	33.926597602576074
22.71666942612865	33.95159806281663
22.73333609237428	33.976598444059384
22.750002758619917	34.001598843744674
22.766669424865533	34.0265992108452
22.783336091111167	34.0515996279873
22.8000027573568	34.0766000868744
22.816669423602434	34.101600313612764
22.833336089848064	34.12660040225679
22.8500027560937	34.15160078602831
22.86666942233933	34.17660112360079
22.883336088584965	34.20160146004183
22.900002754830584	34.22660191481325
22.916669421076218	34.25160230267145
22.933336087321848	34.276602717861955
22.950002753567485	34.30160316882441
22.966669419813115	34.32660381502611
22.98333608605875	34.35160412563516
23.000002752304383	34.376604411672986
23.016669418550016	34.401605001749815
23.033336084795632	34.42660526399652
23.05000275104127	34.45160562459642
23.0666694172869	34.47660578744737
23.083336083532533	34.50160603212586
23.100002749778167	34.526606409514244
23.1166694160238	34.55160688644677
23.13333608226943	34.57660738437272
23.150002748515067	34.60160787936021
23.166669414760683	34.62660845695725
23.183336081006317	34.65160913266411
23.20000274725195	34.676609604233555
23.216669413497584	34.701609949829106
23.233336079743214	34.726610369977195
23.25000274598885	34.751610697896965
23.26666941223448	34.776611101779565
23.283336078480115	34.80161148390046
23.300002744725735	34.82661199967041
23.316669410971368	34.851612604754266
23.333336077216998	34.8766133510727
23.350002743462635	34.90161409636956
23.366669409708265	34.92661475328141
23.3833360759539	34.95161516657105
23.400002742199533	34.976615592729196
23.416669408445166	35.00161597101937
23.433336074690782	35.02661638941804
23.45000274093642	35.05161672634965
23.46666940718205	35.07661702093431
23.483336073427683	35.10161732184411
23.500002739673317	35.12661758701593
23.51666940591895	35.15161793325578
23.53333607216458	35.17661830493966
23.550002738410218	35.20161884563333
23.566669404655833	35.22661927978364
23.583336070901467	35.251619677934656
23.6000027371471	35.27662014532434
23.616669403392734	35.30162077649614
23.633336069638364	35.32662116791155
23.650002735884	35.35162166493074
23.66666940212963	35.37662207414171
23.683336068375265	35.40162260820657
23.700002734620885	35.42662291447679
23.716669400866518	35.45162349537393
23.73333606711215	35.476624096901716
23.750002733357785	35.50162468621484
23.766669399603416	35.5266250538128
23.78333606584905	35.55162547651597
23.800002732094683	35.57662582932245
23.816669398340316	35.60162607246324
23.833336064585932	35.626626211901105
23.85000273083157	35.65162653661614
23.8666693970772	35.67662684949952
23.883336063322833	35.701627255422984
23.900002729568467	35.72662771859551
23.9166693958141	35.751628056055075
23.93333606205973	35.77662841694222
23.950002728305368	35.80162885479623
23.966669394550983	35.82662923310395
23.983336060796617	35.85162969182588
24.00000272704225	35.876630423288354
24.016669393287884	35.90163097860414
24.033336059533514	35.92663169098856
24.05000272577915	35.951632359816756
24.06666939202478	35.976632986784
24.083336058270415	36.00163345990565
24.100002724516035	36.02663398481256
24.11666939076167	36.051634586424676
24.1333360570073	36.076635028973016
24.150002723252936	36.10163553631938
24.166669389498566	36.12663599300996
24.1833360557442	36.15163652084544
24.200002721989833	36.1766370187588
24.216669388235466	36.201637546836125
24.233336054481082	36.226638056848174
24.25000272072672	36.25163873982277
24.26666938697235	36.276639301017795
24.283336053217983	36.30163987236752
24.300002719463617	36.326640466260145
24.31666938570925	36.35164112326661
24.33333605195488	36.37664188437312
24.350002718200518	36.40164273978808
24.366669384446134	36.4266433858887
24.383336050691767	36.451644045066864
24.4000027169374	36.47664492579234
24.416669383183034	36.501645660820024
24.433336049428664	36.52664638296053
24.4500027156743	36.551646887504226
24.46666938191993	36.57664730080646
24.483336048165565	36.60164796139412
24.500002714411185	36.62664864641651
24.51666938065682	36.65164933843578
24.53333604690245	36.67665007666782
24.550002713148086	36.70165088767933
24.566669379393716	36.72665151681024
24.58333604563935	36.75165209800229
24.600002711884983	36.77665263080029
24.616669378130617	36.80165308609735
24.633336044376232	36.82665360822262
24.65000271062187	36.85165417907525
24.6666693768675	36.876654657562284
24.683336043113133	36.901655566420786
24.700002709358767	36.92665645607798
24.7166693756044	36.951657264529814
24.73333604185003	36.97665790982058
24.750002708095668	37.00165860219233
24.766669374341284	37.02665917189944
24.783336040586917	37.0516598630005
24.80000270683255	37.07666067716143
24.816669373078184	37.10166141752323
24.833336039323815	37.126662191095
24.85000270556945	37.15166281652759
24.86666937181508	37.176663407369254
24.881329371444732	37.19865394945148
24.881332704777986	37.198658947800496
24.881352704777484	37.198688928096026
24.898019371023118	37.224161504738284
24.914686037268748	37.2495668805382
24.931352703514367	37.27498074579699
24.94801936976	37.300460434004236
24.96468603600563	37.32592413554193
24.981352702251268	37.351173591657684
24.9980193684969	37.37620150431484
25.01468603474253	37.401421316608086
25.03135270098817	37.42674457641988
25.0480193672338	37.451985881976356
25.064686033479415	37.47715304692576
25.081352699725052	37.50222420634997
25.098019365970682	37.52724891954197
25.114686032216316	37.5522576480324
25.13135269846195	37.57726292332079
25.148019364707583	37.60222636092456
25.164686030953217	37.6270302573544
25.18135269719885	37.65185903557894
25.198019363444466	37.676736725529885
25.2146860296901	37.701548171730835
25.2263493627288	37.718867996453525
25.22635269606205	37.71887292875599
25.227159362708335	37.71887292875599
25.243826028953965	37.71887292875599
25.260492695199602	37.71887292875599
25.277159361445232	37.71887292875599
25.293826027690866	37.71887292875599
25.310492693936485	37.71887292875599
25.32715936018212	37.71887292875599
25.34382602642775	37.71887292875599
25.360492692673386	37.71887292875599
25.377159358919016	37.71887292875599
25.39382602516465	37.71887292875599
25.410492691410283	37.71887292875599
25.427159357655917	37.71887292875599
25.443826023901533	37.71887292875599
25.46049269014717	37.71887292875599
25.4771593563928	37.71887292875599
25.493826022638434	37.71887292875599
25.510492688884067	37.71887292875599
25.5271593551297	37.71887292875599
25.54382602137533	37.71887292875599
25.560492687620968	37.71887292875599
25.577159353866584	37.71887292875599
25.593826020112214	37.71887292875599
25.61049268635785	37.71887292875599
25.627159352603485	37.71887292875599
25.643826018849115	37.71887292875599
25.660492685094752	37.71887292875599
25.677159351340382	37.71887292875599
25.693826017586016	37.71887292875599
25.710492683831635	37.71887292875599
25.727159350077265	37.71887292875599
25.7438260163229	37.71887292875599
25.760492682568536	37.71887292875599
25.777159348814166	37.71887292875599
25.7938260150598	37.71887292875599
25.810492681305433	37.71887292875599
25.827159347551067	37.71887292875599
25.843826013796683	37.71887292875599
25.860492680042316	37.71887292875599
25.87715934628795	37.71887292875599
25.893826012533584	37.71887292875599
25.910492678779217	37.71887292875599
25.92715934502485	37.71887292875599
25.94382601127048	37.71887292875599
25.960492677516118	37.71887292875599
25.977159343761734	37.71887292875599
25.993826010007364	37.71887292875599
26.010492676253	37.71887292875599
26.027159342498635	37.71887292875599
26.043826008744265	37.71887292875599
26.060492674989902	37.71887292875599
26.077159341235532	37.71887292875599
26.093826007481166	37.71887292875599
26.110492673726785	37.71887292875599
26.127159339972415	37.71887292875599
26.14382600621805	37.71887292875599
26.160492672463686	37.71887292875599
26.177159338709316	37.71887292875599
26.19382600495495	37.71887292875599
26.210492671200583	37.71887292875599
26.227159337446217	37.71887292875599
26.243826003691833	37.71887292875599
26.260492669937467	37.71887292875599
26.2771593361831	37.71887292875599
26.293826002428734	37.71887292875599
26.310492668674367	37.71887292875599
26.32715933492	37.71887292875599
26.34382600116563	37.71887292875599
26.36049266741127	37.71887292875599
26.377159333656884	37.71887292875599
26.393825999902514	37.71887292875599
26.41049266614815	37.71887292875599
26.427159332393785	37.71887292875599
26.443825998639415	37.71887292875599
26.460492664885052	37.71887292875599
26.477159331130682	37.71887292875599
26.493825997376316	37.71887292875599
26.510492663621935	37.71887292875599
26.527159329867565	37.71887292875599
26.5438259961132	37.71887292875599
26.560492662358836	37.71887292875599
26.577159328604466	37.71887292875599
26.5938259948501	37.71887292875599
26.610492661095734	37.71887292875599
26.627159327341367	37.71887292875599
26.643825993586983	37.71887292875599
26.660492659832617	37.71887292875599
26.67715932607825	37.71887292875599
26.693825992323884	37.71887292875599
26.710492658569517	37.71887292875599
26.72715932481515	37.71887292875599
26.74382599106078	37.71887292875599
26.76049265730642	37.71887292875599
26.777159323552034	37.71887292875599
26.793825989797664	37.71887292875599
26.8104926560433	37.71887292875599
26.827159322288935	37.71887292875599
26.843825988534565	37.71887292875599
26.860492654780202	37.71887292875599
26.877159321025832	37.71887292875599
26.893825987271466	37.71887292875599
26.910492653517085	37.71887292875599
26.927159319762715	37.71887292875599
26.94382598600835	37.71887292875599
26.960492652253986	37.71887292875599
26.977159318499616	37.71887292875599
26.99382598474525	37.71887292875599
27.010492650990884	37.71887292875599
27.027159317236517	37.71887292875599
27.043825983482133	37.71887292875599
27.060492649727767	37.71887292875599
27.0771593159734	37.71887292875599
27.093825982219034	37.71887292875599
27.110492648464668	37.71887292875599
27.1271593147103	37.71887292875599
27.14382598095593	37.71887292875599
27.16049264720157	37.71887292875599
27.177159313447184	37.71887292875599
27.193825979692814	37.71887292875599
27.21049264593845	37.71887292875599
27.227159312184085	37.71887292875599
27.243825978429715	37.71887292875599
27.260492644675352	37.71887292875599
27.277159310920982	37.71887292875599
27.293825977166616	37.71887292875599
27.310492643412235	37.71887292875599
27.327159309657866	37.71887292875599
27.3438259759035	37.71887292875599
27.360492642149136	37.71887292875599
27.377159308394766	37.71887292875599
27.3938259746404	37.71887292875599
27.410492640886034	37.71887292875599
27.427159307131667	37.71887292875599
27.443825973377283	37.71887292875599
27.460492639622917	37.71887292875599
27.47715930586855	37.71887292875599
27.493825972114184	37.71887292875599
27.510492638359818	37.71887292875599
27.52715930460545	37.71887292875599
27.54382597085108	37.71887292875599
27.56049263709672	37.71887292875599
27.577159303342334	37.71887292875599
27.593825969587964	37.71887292875599
27.6104926358336	37.71887292875599
27.627159302079235	37.71887292875599
27.643825968324865	37.71887292875599
27.660492634570502	37.71887292875599
27.677159300816133	37.71887292875599
27.693825967061766	37.71887292875599
27.710492633307386	37.71887292875599
27.727159299553016	37.71887292875599
27.74382596579865	37.71887292875599
27.760492632044286	37.71887292875599
27.777159298289916	37.71887292875599
27.79382596453555	37.71887292875599
27.810492630781184	37.71887292875599
27.827159297026817	37.71887292875599
27.843825963272433	37.71887292875599
27.860492629518067	37.71887292875599
27.8771592957637	37.71887292875599
27.89382596200933	37.71887292875599
27.910492628254968	37.71887292875599
27.9271592945006	37.71887292875599
27.94382596074623	37.71887292875599
27.96049262699187	37.71887292875599
27.977159293237484	37.71887292875599
27.993825959483114	37.71887292875599
28.01049262572875	37.71887292875599
28.02715929197438	37.71887292875599
28.043825958220015	37.71887292875599
28.060492624465653	37.71887292875599
28.077159290711283	37.71887292875599
28.093825956956916	37.71887292875599
28.110492623202536	37.71887292875599
28.127159289448166	37.71887292875599
28.1438259556938	37.71887292875599
28.160492621939433	37.71887292875599
28.177159288185067	37.71887292875599
28.1938259544307	37.71887292875599
28.210492620676334	37.71887292875599
28.227159286921967	37.71887292875599
28.243825953167583	37.71887292875599
28.260492619413217	37.71887292875599
28.27715928565885	37.71887292875599
28.29382595190448	37.71887292875599
28.310492618150118	37.71887292875599
28.32715928439575	37.71887292875599
28.34382595064138	37.71887292875599
28.36049261688702	37.71887292875599
28.377159283132634	37.71887292875599
28.393825949378265	37.71887292875599
28.4104926156239	37.71887292875599
28.427159281869532	37.71887292875599
28.443825948115165	37.71887292875599
28.460492614360803	37.71887292875599
28.477159280606433	37.71887292875599
28.493825946852066	37.71887292875599
28.5104926130977	37.71887292875599
28.527159279343316	37.71887292875599
28.54382594558895	37.71887292875599
28.560492611834583	37.71887292875599
28.577159278080217	37.71887292875599
28.59382594432585	37.71887292875599
28.610492610571484	37.71887292875599
28.627159276817117	37.71887292875599
28.643825943062748	37.71887292875599
28.660492609308367	37.71887292875599
28.677159275554	37.71887292875599
28.69382594179963	37.71887292875599
28.710492608045268	37.71887292875599
28.7271592742909	37.71887292875599
28.74382594053653	37.71887292875599
28.76049260678217	37.71887292875599
28.7771592730278	37.71887292875599
28.793825939273415	37.71887292875599
28.810492605519052	37.71887292875599
28.827159271764682	37.71887292875599
28.843825938010315	37.71887292875599
28.860492604255953	37.71887292875599
28.877159270501583	37.71887292875599
28.893825936747216	37.71887292875599
28.91049260299285	37.71887292875599
28.927159269238466	37.71887292875599
28.9438259354841	37.71887292875599
28.960492601729733	37.71887292875599
28.977159267975367	37.71887292875599
28.993825934221	37.71887292875599
29.010492600466634	37.71887292875599
29.027159266712268	37.71887292875599
29.043825932957898	37.71887292875599
29.060492599203517	37.71887292875599
29.07715926544915	37.71887292875599
29.09382593169478	37.71887292875599
29.110492597940418	37.71887292875599
29.12715926418605	37.71887292875599
29.14382593043168	37.71887292875599
29.16049259667732	37.71887292875599
29.17715926292295	37.71887292875599
29.193825929168565	37.71887292875599
29.210492595414202	37.71887292875599
29.227159261659832	37.71887292875599
29.243825927905466	37.71887292875599
29.260492594151103	37.71887292875599
29.277159260396733	37.71887292875599
29.293825926642366	37.71887292875599
29.310492592888	37.71887292875599
29.327159259133616	37.71887292875599
29.34382592537925	37.71887292875599
29.360492591624883	37.71887292875599
29.377159257870517	37.71887292875599
29.39382592411615	37.71887292875599
29.410492590361784	37.71887292875599
29.427159256607418	37.71887292875599
29.443825922853048	37.71887292875599
29.460492589098667	37.71887292875599
29.4771592553443	37.71887292875599
29.49382592158993	37.71887292875599
29.510492587835568	37.71887292875599
29.5271592540812	37.71887292875599
29.54382592032683	37.71887292875599
29.56049258657247	37.71887292875599
29.5771592528181	37.71887292875599
29.593825919063715	37.71887292875599
29.610492585309352	37.71887292875599
29.627159251554982	37.71887292875599
29.643825917800616	37.71887292875599
29.660492584046253	37.71887292875599
29.677159250291883	37.71887292875599
29.693825916537516	37.71887292875599
29.71049258278315	37.71887292875599
29.727159249028766	37.71887292875599
29.7438259152744	37.71887292875599
29.760492581520033	37.71887292875599
29.777159247765667	37.71887292875599
29.7938259140113	37.71887292875599
29.810492580256934	37.71887292875599
29.827159246502568	37.71887292875599
29.843825912748198	37.71887292875599
29.860492578993817	37.71887292875599
29.87715924523945	37.71887292875599
29.89382591148508	37.71887292875599
29.910492577730718	37.71887292875599
29.92715924397635	37.71887292875599
29.94382591022198	37.71887292875599
29.96049257646762	37.71887292875599
29.97715924271325	37.71887292875599
29.993825908958865	37.71887292875599
30.010492575204502	37.71887292875599
30.027159241450132	37.71887292875599
30.043825907695766	37.71887292875599
30.060492573941403	37.71887292875599
30.077159240187033	37.71887292875599
30.093825906432667	37.71887292875599
30.1104925726783	37.71887292875599
30.127159238923916	37.71887292875599
30.14382590516955	37.71887292875599
30.160492571415183	37.71887292875599
30.177159237660817	37.71887292875599
30.193825903906447	37.71887292875599
30.210492570152084	37.71887292875599
30.227159236397718	37.71887292875599
30.243825902643348	37.71887292875599
30.260492568888967	37.71887292875599
30.2771592351346	37.71887292875599
30.29382590138023	37.71887292875599
30.310492567625868	37.71887292875599
30.327159233871498	37.71887292875599
30.34382590011713	37.71887292875599
30.36049256636277	37.71887292875599
30.3771592326084	37.71887292875599
30.393825898854015	37.71887292875599
30.410492565099652	37.71887292875599
30.427159231345282	37.71887292875599
30.443825897590916	37.71887292875599
30.46049256383655	37.71887292875599
30.477159230082183	37.71887292875599
30.493825896327817	37.71887292875599
30.51049256257345	37.71887292875599
30.527159228819066	37.71887292875599
30.5438258950647	37.71887292875599
30.560492561310333	37.71887292875599
30.577159227555967	37.71887292875599
30.593825893801597	37.71887292875599
30.610492560047234	37.71887292875599
30.627159226292868	37.71887292875599
30.643825892538498	37.71887292875599
30.660492558784117	37.71887292875599
30.67715922502975	37.71887292875599
30.69382589127538	37.71887292875599
30.710492557521018	37.71887292875599
30.727159223766648	37.71887292875599
30.743825890012282	37.71887292875599
30.76049255625792	37.71887292875599
30.77715922250355	37.71887292875599
30.793825888749165	37.71887292875599
30.810492554994802	37.71887292875599
30.827159221240432	37.71887292875599
