-0.6566666666666666	0.0
-0.5733333333333334	-3.786167090360509e-05
-0.49	-5.2967104372918467e-05
-0.4066666666666667	-3.134704402317032e-05
-0.3233333333333333	-6.77864500871324e-05
-0.24	-4.048550431467023e-05
-0.15666666666666662	-5.809216215714953e-05
-0.07333333333333338	-7.931169964975695e-05
0.01	0.00017891110810407901
0.09333333333333337	0.000175118401865031
0.17666666666666664	0.00022231470752077551
0.26	0.0002653668276954903
0.34333333333333327	0.00032011585008589517
0.42666666666666675	0.00031508070559612404
0.51	0.00040393138839452163
0.5933333333333333	0.0004675654790647626
0.6766666666666667	0.0005361202791227371
0.76	0.0005346326227962119
0.8433333333333333	0.0005781506573149497
0.9266666666666667	0.0006537350422125409
1.01	0.0006859975670520303
1.0933333333333333	0.0007349512689176799
1.1766666666666667	0.0008133801834945571
1.26	0.0008277581366723293
1.3433333333333335	0.0008983155510160075
1.4266666666666665	0.0009625054693247277
1.51	0.0009870191029689244
1.5933333333333335	0.0010436808263505693
1.6766666666666665	0.001100604115679736
1.76	0.0011390788317728446
1.8433333333333335	0.0011725265773120364
1.9266666666666665	0.001225608116786996
2.01	0.0012482989627344056
2.0933333333333333	0.0013254690911888402
2.1766666666666663	0.0013961245927628363
2.26	0.0014298420781854114
2.3433333333333333	0.0014609520780686411
2.4266666666666663	0.0015309291429662587
2.51	0.001637451875094018
2.5933333333333333	0.0016340596917121108
2.6766666666666663	0.0017731310364344588
2.76	0.001752091325530771
2.8433333333333333	0.0018486745516527491
2.9266666666666663	0.0018256812700785168
3.01	0.0019063253212734568
3.0933333333333333	0.0019321876543345563
3.1766666666666663	0.002026768266170827
3.26	0.0020497451998733396
3.343333333333333	0.00202878722832825
3.4266666666666667	0.002094922543371657
3.51	0.002201755885062097
3.593333333333333	0.002231443620105684
3.6766666666666667	0.0022711934701929513
3.76	0.0023480284672771235
3.843333333333333	0.002380192904886295
3.9266666666666667	0.0024123573424954664
4.01	0.0024513715383553346
4.093333333333333	0.00249325478570207
4.176666666666667	0.002589478358646205
4.26	0.002620326792581913
4.343333333333333	0.0026402385003369186
4.426666666666667	0.002759831355904844
4.51	0.002805302961094127
4.593333333333333	0.0028362821780035957
4.676666666666667	0.002908122900277294
4.76	0.0029248304251751744
4.843333333333333	0.002971495425000017
4.926666666666667	0.003024814008614917
5.01	0.0030762934566613102
5.093333333333333	0.003149188616660954
5.176666666666667	0.0031271680334540655
5.26	0.003197047011121361
5.343333333333333	0.0032365679910045498
5.426666666666667	0.0033236122339778836
5.51	0.00336218503730131
5.593333333333333	0.0034416029981172466
5.676666666666667	0.0034235712956100454
5.76	0.003492404009487261
5.843333333333333	0.0035529401784665563
5.926666666666667	0.0035615555068630156
6.01	0.0036726556430723813
6.093333333333333	0.003647798704122068
6.176666666666667	0.0036931395263375896
6.26	0.00371216027508385
6.343333333333333	0.0037569125739174494
6.426666666666667	0.003871633763712808
6.51	0.003913925707852543
6.593333333333333	0.003971388476948469
6.676666666666667	0.003969475775957225
6.76	0.003996972896190327
6.843333333333333	0.004054590970067595
6.926666666666667	0.004148149839921364
7.01	0.004139215728026365
7.093333333333333	0.004227003799162963
7.176666666666667	0.004225916665693578
7.26	0.004286632661261793
7.343333333333334	0.004308211851932244
7.426666666666666	0.00439636775018254
7.51	0.0044013456771212905
7.593333333333334	0.004420603470007495
7.676666666666666	0.0045365017065666915
7.76	0.004547119649248858
7.843333333333334	0.00455662593665406
7.926666666666666	0.004598926054729652
8.01	0.004684678815837103
8.093333333333334	0.004666467286740981
8.176666666666666	0.004763949645807559
8.26	0.004751288219160391
8.343333333333334	0.004801435315661605
8.426666666666666	0.004787825712454675
8.51	0.0049132629321625145
8.593333333333334	0.00491997373350359
8.676666666666666	0.004908456657876823
8.76	0.004944748933095304
8.843333333333334	0.005051688535951924
8.926666666666666	0.005039885372570058
9.01	0.005033836660033642
9.093333333333334	0.005116507847321867
9.176666666666666	0.005115992889362689
9.26	0.005178695151344888
9.343333333333334	0.0051946179784002015
9.426666666666666	0.005228482594668258
9.51	0.005245974817408696
9.593333333333334	0.005293514428370565
9.676666666666666	0.0054009526413146425
9.76	0.005373954131169003
9.843333333333334	0.005413001022772311
9.926666666666666	0.005419981563996764
10.01	0.00542662697385096
10.093333333333334	0.005518289490585204
10.176666666666666	0.005540677900905795
10.26	0.0055206108883694505
10.343333333333334	0.005562902832509185
10.426666666666666	0.005610131833908372
10.51	0.00565530917740669
10.593333333333334	0.0056164502863281646
10.676666666666666	0.005685871523587299
10.76	0.005679724723820566
10.843333333333334	0.005795238785394344
10.926666666666666	0.005763213304694792
11.01	0.005749660919038882
11.093333333333334	0.005853298251808054
11.176666666666666	0.005872907523936237
11.26	0.005900649862245142
11.343333333333334	0.005917766083936019
11.426666666666666	0.005885348254315185
11.51	0.005907017358280095
11.593333333333334	0.005941086322944652
11.676666666666666	0.00602048793588887
11.76	0.0060082025102912604
11.843333333333334	0.006007450508192138
11.926666666666666	0.006042009909008296
12.01	0.006037816679912107
12.093333333333334	0.006080182189474582
12.176666666666666	0.006019948456122106
12.26	0.00612000560498459
12.343333333333334	0.006139753834022395
12.426666666666666	0.0061455900242264475
12.51	0.006184841264226255
12.593333333333334	0.006202464269940455
12.676666666666666	0.006213041342943318
12.76	0.0061895004076664645
12.843333333333334	0.0061984263456256045
12.926666666666666	0.006156183445101029
13.01	0.006145459241252686
13.093333333333334	0.006207082543701365
13.176666666666666	0.006188576752914283
13.26	0.006259510168307521
13.343333333333334	0.0062069762825351866
13.426666666666666	0.006225817204692527
13.51	0.006189835539036726
13.593333333333334	0.006211169511631375
13.676666666666666	0.006232290961893661
13.76	0.0062082677644010684
13.843333333333334	0.00623247078848258
13.926666666666666	0.006247110307607874
14.01	0.006206788282010404
14.093333333333334	0.0061991047823019875
14.176666666666666	0.006209927073380652
14.26	0.006255039025392091
14.343333333333334	0.006156731098803651
14.426666666666666	0.006216024829532226
14.51	0.006224689201543845
14.593333333333334	0.0062313182635263175
14.676666666666666	0.006190440410290368
14.76	0.006167365389357538
14.843333333333334	0.006192197806500274
14.926666666666666	0.006157417709415895
15.01	0.006189042667258303
15.093333333333334	0.006098442762185862
15.176666666666666	0.0060805254947807015
15.26	0.0061240190074918575
15.343333333333332	0.0060975109334978185
15.426666666666668	0.00612960180568425
15.51	0.00606676876072829
15.593333333333332	0.006048753406092809
15.676666666666668	0.00609776432550948
15.76	0.006123651180378156
15.843333333333332	0.006045148700378543
15.926666666666668	0.0060010911860930456
16.01	0.006020986545976327
16.093333333333334	0.005998957788833581
16.17666666666667	0.0060160576626527365
16.26	0.005986713232915273
16.343333333333334	0.005975923637580048
16.42666666666667	0.005933860563644396
16.51	0.005896276806560029
16.593333333333334	0.0059076058816620175
16.67666666666667	0.005876479533907068
16.76	0.005873013785102416
16.843333333333334	0.005828523052216339
16.92666666666667	0.005831097842012246
17.01	0.005805840380204788
17.093333333333334	0.005793546780671321
17.17666666666667	0.005752955015190471
17.26	0.005723913021079824
17.343333333333334	0.005738495322654097
17.42666666666667	0.005748434828659879
17.51	0.0056750982761237965
17.593333333333334	0.0056522439514591835
17.67666666666667	0.005673373575657331
17.76	0.005611733925336935
17.843333333333334	0.0055970126668530434
17.92666666666667	0.005561709437873624
18.01	0.005523700636124539
18.093333333333334	0.005523790549418999
18.17666666666667	0.005468052480789535
18.26	0.005428727675366986
18.343333333333334	0.005368918986679232
18.42666666666667	0.00540382169280151
18.51	0.005335291414551116
18.593333333333334	0.005409110229302941
18.67666666666667	0.005361913923647197
18.76	0.005253862665513615
18.843333333333334	0.005255235886738099
18.92666666666667	0.0052355285273795946
19.01	0.005252734662364933
19.093333333333334	0.005213311769712067
19.17666666666667	0.005160990406272087
19.26	0.005137490340674534
19.343333333333334	0.005135438682773672
19.42666666666667	0.0050978712735610275
19.51	0.005070643893211306
19.593333333333334	0.005051745753502945
19.67666666666667	0.005034400661607983
19.76	0.0049664589067395125
19.843333333333334	0.004977877895135958
19.92666666666667	0.004975466584057255
20.01	0.004908276831287903
20.093333333333334	0.0048975362795678394
20.17666666666667	0.004887980948547476
20.26	0.004840286032804272
20.343333333333334	0.004838381505748887
20.42666666666667	0.004808056203708219
20.51	0.0047858721417841305
20.593333333333334	0.004815682485865616
20.67666666666667	0.004715486380093514
20.76	0.004693948059102364
20.843333333333334	0.0046601488343211905
20.92666666666667	0.004659282397120027
21.01	0.004681826112221959
21.093333333333334	0.004585864105225343
21.17666666666667	0.004572417980735614
21.26	0.0045893298540299905
21.343333333333334	0.0045361910970040135
21.42666666666667	0.004536877707616254
21.51	0.004502383698286975
21.593333333333334	0.004487834092456145
21.67666666666667	0.0044753116227185955
21.76	0.004450315726858659
21.843333333333334	0.004424723133680943
21.92666666666667	0.004405064817937598
22.01	0.004424404350182401
22.093333333333334	0.004371584376654964
22.17666666666667	0.004357378076130253
22.26	0.004321633454614392
22.343333333333334	0.004343670385693001
22.42666666666667	0.004337311063593909
22.51	0.004318609098346186
22.593333333333334	0.004280265165226839
22.67666666666667	0.004261293460095737
22.76	0.004293196331757391
22.843333333333334	0.004234621907384498
22.92666666666667	0.004222802396130913
23.01	0.004256748751757567
23.093333333333334	0.004232889032982174
23.17666666666667	0.004238112177996727
23.26	0.00422173978446911
23.343333333333334	0.004168609201378991
23.42666666666667	0.004153503767909677
23.51	0.004128990134265484
23.593333333333334	0.004132128925635732
23.67666666666667	0.004152065155198314
23.76	0.004110304516889482
23.843333333333334	0.0040851287944406265
23.92666666666667	0.004114644876831151
24.01	0.004089403762895413
24.093333333333334	0.004068102486044207
24.17666666666667	0.004082259742953759
24.26	0.004052800878114251
24.343333333333334	0.0040509290468023085
24.42666666666667	0.004032611256540008
24.51	0.004057492717297902
24.593333333333334	0.004027339067910296
24.67666666666667	0.004089886025111156
24.76	0.0040203340048782605
24.843333333333334	0.004003986133158223
24.92666666666667	0.003990866966102894
25.01	0.00397186256522835
25.093333333333334	0.003964865676132176
25.17666666666667	0.003965535938872697
25.26	0.003933624893275185
25.343333333333334	0.004838381505748887
25.42666666666667	0.007281946935357905
25.51	0.01094202289114172
25.593333333333334	0.01566071345409236
25.67666666666667	0.02112152382770992
25.76	0.02680295690412523
25.843333333333334	0.030645524151919817
25.92666666666667	0.03195846259943525
26.01	0.03268575489045209
26.093333333333334	0.0328946725170983
26.17666666666667	0.033134266925027155
26.26	0.033357979375579994
26.343333333333334	0.033551301132605287
26.42666666666667	0.03377134348595698
26.51	0.03387173576618972
26.593333333333334	0.03392998323312821
26.67666666666667	0.03408032643540153
26.76	0.03426871930910323
26.843333333333334	0.03440421046991889
26.92666666666667	0.03447977850694477
27.01	0.034782214133765435
27.093333333333334	0.03483424123551445
27.17666666666667	0.035074089035454975
27.26	0.03510631069061516
27.343333333333334	0.035349575195745164
27.42666666666667	0.03543525439142988
27.51	0.03561302114851355
27.593333333333334	0.03560725034979638
27.67666666666667	0.03562591961930066
27.76	0.03568341508414004
27.843333333333334	0.03559274978758071
27.92666666666667	0.0357
28.01	0.035563299096677055
28.093333333333334	0.03559995102507338
28.17666666666667	0.03551651966175017
28.26	0.035610879577318226
28.343333333333334	0.035638548350204385
28.42666666666667	0.035556318555452604
28.51	0.035529352741050416
28.593333333333334	0.03547092544752299
28.67666666666667	0.0354763202451906
28.76	0.03544859425475343
28.843333333333334	0.03543894083650274
28.92666666666667	0.03536798289930193
29.01	0.035452378787056614
29.093333333333334	0.03541800738676523
29.17666666666667	0.03547639381061335
29.26	0.035363274712246553
29.343333333333334	0.03545667827731898
29.42666666666667	0.0354262140183687
29.51	0.03532872348536626
29.593333333333334	0.035310928826998995
29.67666666666667	0.0353577246097976
29.76	0.0353654735009929
29.843333333333334	0.03528797641510407
29.92666666666667	0.035368097334403964
30.01	0.035300220971022374
30.093333333333334	0.035302444281576306
