-5.800125540000001	5.771
-5.783663155	5.77
-5.76725431	5.768
-5.751010533333334	5.766
-5.73444554	5.764
-5.718185023333334	5.765
-5.701773075	5.763
-5.685240143333334	5.76
-5.668958441666667	5.757
-5.65241416	5.755
-5.636100441666667	5.754
-5.619606588333333	5.752
-5.603363545000001	5.749
-5.58687061	5.745
-5.570389146666667	5.743
-5.554177766666667	5.741
-5.53757604	5.738
-5.521133211666667	5.736
-5.5049164133333335	5.734
-5.48843145	5.734
-5.471944001666667	5.732
-5.455478921666667	5.731
-5.439270426666667	5.731
-5.422794796666667	5.731
-5.406313018333334	5.732
-5.389782828333334	5.731
-5.373475421666667	5.73
-5.357034133333333	5.728
-5.340555218333334	5.727
-5.32435188	5.726
-5.307779165	5.724
-5.291591203333334	5.723
-5.274880698333334	5.721
-5.258675856666667	5.721
-5.242208553333334	5.72
-5.225697318333333	5.721
-5.209318708333334	5.722
-5.192854473333334	5.721
-5.17661861	5.72
-5.1601286	5.719
-5.14365743	5.719
-5.127408938333334	5.718
-5.110925091666667	5.716
-5.0944287	5.715
-5.0779604166666665	5.713
-5.061732788333334	5.713
-5.045373906666667	5.712
-5.028912051666667	5.713
-5.012482573333334	5.712
-4.995993725	5.712
-4.97976596	5.712
-4.963271433333333	5.712
-4.946800041666667	5.71
-4.930358761666667	5.709
-4.913894953333334	5.707
-4.897687763333334	5.707
-4.88120637	5.708
-4.864866555000001	5.708
-4.848396275000001	5.707
-4.831908328333334	5.705
-4.815641808333334	5.702
-4.799145735	5.702
-4.78266243	5.7
-4.766436098333333	5.7
-4.749962171666667	5.699
-4.733519656666667	5.699
-4.717047758333334	5.698
-4.7007288066666675	5.697
-4.684247995000001	5.696
-4.667751015	5.696
-4.651521781666667	5.696
-4.635016313333334	5.696
-4.618537333333334	5.695
-4.602296438333333	5.695
-4.585780583333333	5.694
-4.569322546666667	5.693
-4.5531039966666675	5.691
-4.5364724333333335	5.69
-4.520255143333333	5.689
-4.503785176666667	5.689
-4.487358028333333	5.689
-4.470912506666667	5.688
-4.454453476666667	5.686
-4.438239466666667	5.685
-4.42177618	5.683
-4.4053139733333335	5.682
-4.388908150000001	5.682
-4.3724112	5.683
-4.355937956666667	5.683
-4.339680078333334	5.683
-4.3233373550000005	5.682
-4.306825453333333	5.682
-4.290391860000001	5.682
-4.2739181833333335	5.682
-4.257454661666667	5.682
-4.241287385000001	5.682
-4.224845521666667	5.682
-4.208311628333334	5.681
-4.191840335	5.68
-4.175566151666667	5.68
-4.159087615000001	5.679
-4.142628480000001	5.679
-4.126393761666667	5.679
-4.1099325250000005	5.68
-4.093461138333334	5.679
-4.076978491666667	5.677
-4.0604951966666665	5.677
-4.0442514633333335	5.676
-4.027804326666667	5.677
-4.011330193333333	5.678
-3.9948513300000004	5.679
-3.978656921666667	5.678
-3.9622222283333333	5.676
-3.9457491950000003	5.675
-3.9293181300000004	5.675
-3.9128267133333337	5.674
-3.896631841666667	5.673
-3.880176071666667	5.672
-3.863807631666667	5.672
-3.847365356666667	5.672
-3.8309546833333337	5.672
-3.8144911400000003	5.673
-3.7980705833333337	5.673
-3.7815844283333337	5.673
-3.765378441666667	5.674
-3.748701501666667	5.674
-3.7325080400000004	5.675
-3.7160839283333336	5.674
-3.6994989400000002	5.674
-3.6830031000000005	5.673
-3.6668044850000006	5.674
-3.650344986666667	5.674
-3.6338776583333336	5.675
-3.617657826666667	5.676
-3.601184951666667	5.677
-3.584706671666667	5.677
-3.568116958333334	5.676
-3.5517403283333335	5.676
-3.535387786666667	5.677
-3.518927815	5.678
-3.502721136666667	5.679
-3.4862497233333336	5.679
-3.4697933466666666	5.679
-3.4533337433333338	5.678
-3.4368542033333336	5.678
-3.4206632200000007	5.677
-3.4041948800000004	5.677
-3.387769778333334	5.677
-3.3713127033333334	5.677
-3.3548701750000003	5.678
-3.3386605133333336	5.678
-3.322191086666667	5.678
-3.305732551666667	5.678
-3.2892993733333338	5.678
-3.272859403333334	5.677
-3.2564241833333334	5.677
-3.2399402200000003	5.677
-3.2237207333333333	5.677
-3.207122276666667	5.678
-3.1909301983333336	5.677
-3.1744845916666673	5.677
-3.158039603333334	5.676
-3.1415785266666667	5.675
-3.1251025733333333	5.675
-3.1086590866666666	5.676
-3.0925020850000005	5.676
-3.076043201666667	5.676
-3.0596051933333337	5.676
-3.0430344833333334	5.676
-3.026805891666667	5.677
-3.0103652700000003	5.678
-2.993884705	5.679
-2.977368876666667	5.678
-2.9609466533333335	5.678
-2.9447862800000006	5.677
-2.9280874933333334	5.677
-2.9118993000000004	5.677
-2.8954321100000007	5.676
-2.8789329683333333	5.676
-2.862689541666667	5.676
-2.8461992183333336	5.676
-2.829758616666667	5.676
-2.8134253983333335	5.677
-2.7968513933333337	5.679
-2.780640901666667	5.679
-2.7641745683333334	5.679
-2.747741491666667	5.679
-2.7312824100000004	5.679
-2.7148590883333337	5.68
-2.69860933	5.68
-2.6821363316666673	5.68
-2.665566418333334	5.68
-2.6491669050000004	5.68
-2.6327131216666673	5.68
-2.6165402233333337	5.68
-2.6000888166666667	5.68
-2.583615676666667	5.68
-2.567162486666667	5.681
-2.5507225550000006	5.681
-2.5344039983333335	5.683
-2.5179580316666668	5.683
-2.501479743333334	5.684
-2.4850605133333334	5.684
-2.4688589733333335	5.684
-2.4524088833333337	5.684
-2.4359472983333337	5.685
-2.4195069983333335	5.685
-2.403074066666667	5.687
-2.386867708333334	5.687
-2.370270676666667	5.688
-2.3538171933333336	5.689
-2.3375800300000003	5.69
-2.3211087483333337	5.691
-2.304654921666667	5.691
-2.288169706666667	5.692
-2.271996585	5.692
-2.2555469316666668	5.692
-2.2391058850000003	5.693
-2.2226682983333337	5.693
-2.2062093850000006	5.693
-2.189749031666667	5.692
-2.173534641666667	5.692
-2.1571030083333333	5.693
-2.140662371666667	5.694
-2.12419859	5.695
-2.107785105	5.695
-2.091291743333334	5.695
-2.0748217900000006	5.694
-2.058624391666667	5.695
-2.0421465633333336	5.695
-2.025712688333334	5.696
-2.009458666666667	5.696
-1.9929913900000003	5.697
-1.9765028050000004	5.698
-1.960051875	5.698
-1.9435433916666671	5.698
-1.9273628133333336	5.699
-1.9108748333333336	5.7
-1.8943997366666667	5.7
-1.878108206666667	5.7
-1.8616618100000006	5.701
-1.8452179316666673	5.701
-1.828736898333334	5.701
-1.812548518333334	5.701
-1.79591675	5.701
-1.7796637150000008	5.702
-1.7631977933333332	5.703
-1.7467359233333335	5.704
-1.730521865	5.703
-1.7140674900000006	5.705
-1.697581276666667	5.704
-1.68112	5.704
-1.664656205	5.703
-1.648439175	5.703
-1.6319729733333332	5.703
-1.615515226666667	5.703
-1.5990680033333335	5.703
-1.582837856666667	5.704
-1.5663748700000006	5.704
-1.549958226666667	5.704
-1.5335844633333329	5.704
-1.5171478700000005	5.704
-1.5006666633333339	5.704
-1.484226783333333	5.704
-1.4678234183333343	5.703
-1.4516162166666673	5.703
-1.4349054583333336	5.704
-1.4186781650000002	5.706
-1.4021948333333345	5.705
-1.3857262950000004	5.705
-1.3694843749999999	5.705
-1.353029171666667	5.705
-1.336571713333333	5.705
-1.3201067499999999	5.705
-1.3036824283333335	5.706
-1.287481183333333	5.706
-1.2710230350000007	5.706
-1.2545685150000008	5.706
-1.2380921083333334	5.707
-1.2216687450000006	5.708
-1.2054447050000006	5.709
-1.1889956733333342	5.709
-1.172543048333334	5.709
-1.1561176733333332	5.711
-1.139641488333334	5.712
-1.1231884516666666	5.712
-1.107013273333334	5.713
-1.0905511950000006	5.714
-1.0740980599999999	5.715
-1.0576821533333334	5.715
-1.0411171033333337	5.714
-1.0249146200000006	5.715
-1.0084960699999996	5.715
-0.9920405599999995	5.716
-0.9756059900000009	5.716
-0.9591470300000005	5.717
-0.9428777149999998	5.719
-0.9264748633333344	5.719
-0.9099782883333338	5.719
-0.8934683366666674	5.717
-0.8771377500000002	5.717
-0.8606831966666668	5.716
-0.8444266250000005	5.717
-0.8279540850000009	5.717
-0.8114847333333337	5.719
-0.7952655750000002	5.72
-0.7787906416666663	5.721
-0.7623357916666675	5.721
-0.74591604	5.721
-0.7294663516666677	5.722
-0.7130152366666671	5.722
-0.6967890749999999	5.723
-0.6802879700000002	5.724
-0.663797736666667	5.725
-0.6475759166666668	5.727
-0.6311508033333331	5.728
-0.614705531666667	5.728
-0.5981930683333339	5.727
-0.5817146733333338	5.726
-0.5655172833333335	5.726
-0.5490665566666664	5.727
-0.5325189633333336	5.728
-0.516302688333333	5.727
-0.4998648766666669	5.726
-0.48339267333333336	5.726
-0.46695247500000026	5.726
-0.4505035883333335	5.728
-0.4342936900000005	5.728
-0.4178344283333342	5.729
-0.401381408333334	5.73
-0.38494280000000103	5.731
-0.36839296833333446	5.731
-0.3521784633333338	5.732
-0.33571075833333364	5.732
-0.3192605600000009	5.731
-0.3028064600000002	5.733
-0.2863256800000009	5.735
-0.27011752333333305	5.737
-0.25362610000000085	5.738
-0.2371681050000003	5.739
-0.22091861000000002	5.739
-0.20436511666666668	5.739
-0.18807943000000016	5.74
-0.1717269899999998	5.741
-0.1553178183333337	5.742
-0.13870974500000077	5.742
-0.12236184500000036	5.742
-0.1059771550000006	5.742
-0.0896319933333336	5.743
-0.07329556999999998	5.743
-0.056885405000000944	5.745
-0.040435090000000784	5.745
-0.02398525166666765	5.745
-0.007472713333333658	5.745
0.008831458333332876	5.749
0.025199136666666178	5.759
0.041803883333332514	5.781
0.057968194999999945	5.812
0.07434111166666657	5.85
0.09101683666666638	5.889
0.10721974333333328	5.929
0.12362001999999972	5.969
0.14011686333333273	6.007
0.1564326566666665	6.042
0.17290884499999937	6.074
0.18942797333333328	6.101
0.20568094999999964	6.134
0.2221540433333331	6.176
0.23863881166666623	6.228
0.254892935	6.287
0.2713828883333331	6.35
0.287781326666666	6.415
0.30423270833333316	6.48
0.3207211816666664	6.546
0.33699362333333305	6.616
0.3534083283333329	6.687
0.3697679016666662	6.759
0.3862365649999999	6.828
0.4027908249999994	6.895
0.4190588016666661	6.961
0.43553655833333327	7.029
0.45178523833333273	7.109
0.468311411666666	7.198
0.4847463799999998	7.3
0.5012108949999998	7.394
0.5174037416666666	7.467
0.533854794999999	7.515
0.5502303783333335	7.555
0.566665575	7.594
0.5831670499999992	7.634
0.5994414866666657	7.673
0.61591533	7.708
0.6324215433333329	7.74
0.6488770800000001	7.775
0.6652335633333326	7.81
0.6814419466666664	7.847
0.6979140149999994	7.88
0.7143437216666664	7.912
0.7307929716666663	7.942
0.7471890500000002	7.969
0.7636296866666656	7.996
0.7801134999999997	8.026
0.7962812100000001	8.057
0.8128698299999995	8.089
0.8291609683333334	8.122
0.8454966150000001	8.19
0.8621119483333333	8.295
0.8784769583333336	8.413
0.8948068300000003	8.502
0.9114158333333329	8.546
0.9275484066666664	8.559
0.9441323849999996	8.552
0.9605104116666663	8.538
0.9768591083333327	8.528
0.993264159999999	8.525
1.0098251950000003	8.535
1.0259886199999997	8.588
1.0426459366666672	8.677
1.058955076666666	8.786
1.075385083333333	8.879
1.0918327583333332	8.962
1.108212971666667	9.041
1.1245441199999995	9.121
1.1410098633333332	9.199
1.1574247916666662	9.269
1.1738528099999996	9.332
1.1902454283333324	9.39
1.2066112316666668	9.44
1.223088278333333	9.48
1.239377966666666	9.509
1.2559117999999998	9.529
1.2722179233333328	9.544
1.2886755249999995	9.557
1.3051090900000002	9.573
1.3215012416666667	9.595
1.3379220150000002	9.623
1.3542588749999993	9.656
1.3706060116666663	9.694
1.387215069999999	9.728
1.4035523766666662	9.752
1.4198976933333336	9.765
1.4362643933333326	9.769
1.4526273549999997	9.771
1.4692553066666667	9.771
1.485642368333333	9.775
1.5020097750000003	9.787
1.518368848333333	9.81
1.534766911666666	9.837
1.5512732316666664	9.861
1.5676388799999996	9.875
1.5840205549999995	9.883
1.6003898049999998	9.887
1.6168000033333332	9.9
1.6331085483333334	9.923
1.6497088133333326	9.95
1.6661160366666659	9.971
1.6824734616666657	9.985
1.6988981983333336	9.993
1.7152207833333328	9.998
1.7318320499999995	10.011
1.7481852033333327	10.026
1.7645698283333333	10.044
1.780985883333333	10.058
1.7973174899999993	10.07
1.8137372133333338	10.08
1.8301501716666664	10.088
1.846550288333333	10.098
1.8631408083333323	10.116
1.8795041833333332	10.141
1.895697498333333	10.167
1.9122783983333322	10.191
1.9285784350000004	10.212
1.9459736716666658	10.234
1.9614174133333329	10.256
1.9777919499999994	10.278
1.994291276666667	10.3
2.0105297566666662	10.32
2.026982341666666	10.341
2.0435152983333333	10.36
2.059967623333333	10.377
2.0761374283333334	10.395
2.0926857366666667	10.415
2.1091457	10.435
2.125585863333333	10.452
2.1418470916666665	10.468
2.1582978833333337	10.483
2.1746902466666667	10.499
2.1911237849999994	10.51
2.2075555049999993	10.517
2.2240133666666653	10.52
2.2403056066666673	10.517
2.2567538266666665	10.512
2.273256664999999	10.505
2.2895774383333327	10.502
2.3058970216666674	10.506
2.322318561666667	10.513
2.338766241666666	10.521
2.355161308333332	10.527
2.3717115683333327	10.534
2.3880318649999994	10.54
2.404503431666666	10.546
2.420758591666666	10.557
2.4371506966666674	10.578
2.4536215500000003	10.598
2.4700439716666667	10.613
2.486507118333333	10.625
2.5028104549999997	10.638
2.5193730949999997	10.651
2.5357008533333323	10.658
2.5522399783333336	10.662
2.5683907366666654	10.666
2.5849629700000003	10.67
2.60142876	10.672
2.6176647566666658	10.673
2.634037929999999	10.702
2.6506041599999994	10.712
2.666817019999999	10.707
2.6833832433333322	10.681
2.699833981666665	10.678
2.716149259999999	10.695
2.732420536666667	10.71
2.7489184916666654	10.727
2.765440868333333	10.744
2.781753805	10.757
2.798251911666667	10.766
2.814636376666665	10.773
2.8310738299999985	10.782
2.8474679516666663	10.792
2.8639937116666667	10.805
2.880261765000001	10.819
2.8965533333333324	10.835
2.913090638333334	10.849
2.9294294449999994	10.86
2.9460152583333334	10.866
2.962390626666667	10.871
2.9787927766666664	10.881
2.9951997883333332	10.901
3.011521059999999	10.931
3.0279194716666664	10.958
3.0444915933333343	10.971
3.0608430916666665	10.971
3.077186536666667	10.966
3.0935680833333317	10.962
3.109956501666667	10.962
3.126386001666666	10.962
3.142929726666668	10.961
3.159212796666666	10.95
3.175614145	10.957
3.1919628566666676	10.967
3.208352708333332	10.982
3.2247426866666666	10.993
3.2413462883333333	11.011
3.2577282533333323	11.009
3.274070461666665	11.023
3.2904705549999997	11.041
3.3069660333333326	11.085
3.3231940250000003	11.108
3.3396384049999996	11.121
3.356092033333332	11.128
3.3726246116666667	11.129
3.3888176733333326	11.131
3.4052182366666672	11.135
3.421710385	11.137
3.438105509999999	11.136
3.454641208333334	11.134
3.4710100499999994	11.14
3.487350909999999	11.155
3.5037679099999997	11.177
3.5203292333333325	11.194
3.5366363083333328	11.206
3.552917221666667	11.212
3.569350075	11.219
3.5859086966666665	11.226
3.602123371666667	11.235
3.618769043333333	11.248
3.634967279999999	11.267
3.6513980000000013	11.292
3.6678884783333325	11.32
3.6843932633333347	11.34
3.7008361049999996	11.348
3.7171029216666662	11.346
3.73358031	11.341
3.7499954666666673	11.336
3.766182691666665	11.329
3.7827585633333323	11.326
3.799261228333333	11.323
3.8156358999999993	11.321
3.8318786866666654	11.312
3.848258258333332	11.306
3.8647535900000003	11.304
3.881216041666666	11.309
3.897505428333333	11.315
3.9140562116666677	11.322
3.930492058333333	11.328
3.9469084200000006	11.335
3.9633543866666665	11.341
3.9797197316666653	11.355
3.995996006666666	11.378
4.012353003333334	11.404
4.028747461666666	11.424
4.045306433333333	11.434
4.061639561666666	11.436
4.0782154933333326	11.438
4.094604436666667	11.44
4.110941023333333	11.443
4.127387385	11.446
4.1437035233333335	11.449
4.160297708333334	11.45
4.176521269999999	11.451
4.1928231049999996	11.452
4.209512264999998	11.457
4.225674458333333	11.461
4.24218038	11.467
4.25860729	11.472
4.275096443333333	11.476
4.29141466	11.478
4.3077909116666655	11.48
4.324365078333334	11.484
4.340654393333334	11.489
4.356978743333333	11.497
4.373529761666666	11.509
4.389987279999999	11.53
4.40632857	11.558
4.422744973333333	11.59
4.439173510000001	11.613
4.455552268333332	11.622
4.471890408333333	11.62
4.488372808333332	11.616
4.5047165216666665	11.612
4.521095476666667	11.608
4.537508796666667	11.603
4.554104971666665	11.598
4.570488863333332	11.598
4.586857043333333	11.606
4.603242533333332	11.625
4.6196226183333335	11.647
4.6359623916666655	11.662
4.652401674999999	11.665
4.668753724999999	11.662
4.685135909999999	11.666
4.701528325000001	11.68
4.7179709916666654	11.699
4.734423311666666	11.712
4.750840833333332	11.711
4.767324705000001	11.7
4.783811035	11.686
4.800007878333333	11.673
4.816537810000001	11.664
4.832856433333332	11.657
4.8493328799999995	11.652
4.865687074999999	11.651
4.88200776	11.654
4.898382536666666	11.661
4.91498117	11.67
4.931436118333333	11.678
4.947644426666666	11.683
4.964144908333332	11.689
4.980634585	11.702
4.997077358333333	11.723
5.013288758333332	11.75
5.029847781666667	11.777
5.046221343333333	11.8
5.062636078333333	11.818
5.079120505	11.832
5.095490749999999	11.842
5.111829141666665	11.851
5.1281698350000005	11.859
5.144762996666667	11.867
5.161069576666667	11.875
5.177371371666667	11.884
5.1939372583333325	11.892
5.210323326666665	11.899
5.226674804999999	11.907
5.242993611666667	11.912
5.259402551666667	11.911
5.27594619	11.904
5.292289078333332	11.894
5.308638183333334	11.882
5.325138193333333	11.874
5.3414747316666675	11.866
5.3577990983333335	11.862
5.374415491666665	11.857
5.390710998333334	11.854
5.407231165	11.849
5.42365787	11.847
5.440014156666666	11.848
5.456604883333333	11.852
5.472883180000001	11.856
5.489268128333333	11.864
5.5056620783333345	11.88
5.522020698333333	11.904
5.538449344999999	11.929
5.554748513333332	11.95
5.571313206666665	11.964
5.587698471666665	11.971
5.604052065	11.975
5.620390078333332	11.978
5.63678203	11.982
5.653186498333333	11.988
5.669807673333332	11.992
5.686177043333333	11.991
5.702578125	11.983
5.718987701666667	11.969
5.735396426666667	11.955
5.7517497283333325	11.946
5.768116361666666	11.945
5.784515508333334	11.951
5.800878279999998	11.961
5.817296351666665	11.971
5.8337248499999985	11.978
5.850097621666667	11.983
5.8664207333333325	11.99
5.8828711700000005	12.0
5.899501748333333	12.009
5.9156493816666655	12.011
5.932332484999999	12.007
5.948513164999999	11.999
5.965089736666665	11.999
5.981458371666666	12.009
5.997860326666667	12.025
6.0141876566666665	12.039
6.030644183333334	12.044
6.047128818333332	12.043
6.063492360000001	12.038
6.079806409999999	12.031
6.096180643333333	12.022
6.112563668333332	12.009
6.128966786666667	11.996
6.145387839999999	11.987
6.162024996666665	11.981
6.178321976666667	11.98
6.19466247	11.977
6.2110130450000005	11.974
6.227579298333333	11.972
6.243985866666667	11.975
6.2602633249999995	11.983
6.2766139149999995	11.998
6.293189306666666	12.011
6.309533794999999	12.018
6.32589352	12.018
6.342436706666667	12.016
6.358733936666666	12.013
6.375175335000001	12.01
6.39146218	12.006
6.408066066666668	12.002
6.424443461666665	12.0
6.44076863	12.002
6.457199993333332	12.006
6.473700036666666	12.01
6.490068074999999	12.014
6.5064171633333325	12.017
6.522707619999999	12.02
6.539204568333333	12.021
6.555698878333334	12.023
6.571987825	12.025
6.5884667683333324	12.026
6.604885258333334	12.026
6.621201213333332	12.025
6.637790263333334	12.025
6.65405811	12.026
6.670410038333334	12.028
6.686903616666666	12.03
6.7031776983333335	12.034
6.7198798166666664	12.036
6.736074776666666	12.037
6.752529685	12.038
6.768921275000001	12.041
6.785315018333333	12.045
6.801635086666667	12.05
6.818280818333332	12.053
6.834645845	12.06
6.85099787	12.071
6.867442426666666	12.086
6.883675828333332	12.101
6.900097585	12.11
6.916675796666666	12.115
6.933022345	12.115
6.949466219999999	12.114
6.965921904999999	12.112
6.982355993333333	12.109
6.9985069483333335	12.106
7.014969358333334	12.105
7.031443788333333	12.111
7.047769385	12.12
7.064363461666667	12.128
7.080656974999999	12.131
7.096952685000001	12.13
7.113443651666665	12.126
7.12983022	12.123
7.146286746666665	12.125
7.1625880849999986	12.134
7.179040436666665	12.144
7.195425696666667	12.149
7.212057946666666	12.151
7.228258556666666	12.151
7.244778075	12.154
7.261151048333333	12.155
7.277637105000001	12.157
7.293917066666666	12.159
7.3104509900000005	12.164
7.3268262266666655	12.172
7.343286123333333	12.183
7.359613275	12.189
7.3759620833333335	12.189
7.392331531666666	12.186
7.408734796666667	12.181
7.425136151666668	12.177
7.441567503333332	12.173
7.457946658333333	12.171
7.474338318333332	12.173
7.490930870000001	12.177
7.5073296833333325	12.182
7.523667133333334	12.187
7.540077978333334	12.192
7.556457711666668	12.196
7.572862486666666	12.202
7.589238188333334	12.209
7.605617878333335	12.217
7.622024924999999	12.222
7.638574321666666	12.221
7.654969598333332	12.215
7.671362836666666	12.208
7.687735191666667	12.201
7.704208926666667	12.197
7.720408073333332	12.198
7.736996663333334	12.204
7.75341651	12.214
7.769581993333333	12.219
7.78613624	12.219
7.802529321666666	12.217
7.818890485	12.219
7.835497293333334	12.223
7.851708439999999	12.226
7.868159036666666	12.226
7.884638883333332	12.225
7.901057419999998	12.225
7.917290878333334	12.221
7.933868956666667	12.217
7.950223621666667	12.213
7.966500944999999	12.212
7.982990429999998	12.214
7.999531365	12.217
8.015827543333334	12.223
8.032130291666665	12.232
8.048679398333334	12.24
8.064898579999998	12.248
8.081484853333333	12.255
8.097853480000001	12.263
8.114213525	12.272
8.130607224999999	12.278
8.147155233333333	12.282
8.163341856666666	12.284
8.179822495	12.285
8.196295921666668	12.287
8.21266167	12.29
8.228957116666667	12.29
8.24540404833333	12.288
8.261939185	12.281
8.278226498333332	12.274
8.294679764999998	12.267
8.311148426666666	12.262
8.327573654999998	12.258
8.34395710333333	12.258
8.360297356666667	12.262
8.376690096666668	12.269
8.393164558333332	12.277
8.409515691666666	12.28
8.426055599999998	12.278
8.442352151666665	12.272
8.458707439999998	12.268
8.475316578333334	12.265
8.491456143333334	12.269
8.507847416666667	12.275
8.524470923333332	12.281
8.540911703333332	12.283
8.557237531666665	12.281
8.573665039999998	12.278
8.590049166666667	12.273
8.606375543333332	12.271
8.622781506666666	12.27
8.639158656666666	12.27
8.655747903333332	12.27
8.67216398	12.271
8.68858003	12.275
8.70481475	12.281
8.721395376666667	12.291
8.737760166666664	12.301
8.754082728333334	12.311
8.770399518333331	12.32
8.787031701666667	12.325
8.803402856666665	12.328
8.819842103333333	12.33
8.836179508333334	12.334
8.852549318333335	12.338
8.868917181666667	12.344
8.885267339999999	12.349
8.901866004999999	12.353
8.918227609999999	12.355
8.934591950000002	12.356
8.950933066666668	12.359
8.967393999999999	12.361
8.983914420000001	12.364
9.000245273333334	12.362
9.016641353333334	12.36
9.03298036	12.36
9.049343024999999	12.361
9.065788033333334	12.362
9.082373615000002	12.36
9.098711096666666	12.358
9.11505086	12.355
9.131415791666665	12.352
9.147831218333334	12.351
9.164369018333336	12.351
9.180796866666665	12.355
9.19715218	12.361
9.213501588333333	12.367
9.229888818333333	12.375
9.246415553333332	12.38
9.262778364999999	12.387
9.279161831666666	12.391
9.295451746666668	12.394
9.312026383333333	12.394
9.328390006666666	12.391
9.344730063333333	12.386
9.361066635	12.379
9.377653283333334	12.373
9.394008093333333	12.366
9.410334468333335	12.361
9.42671931	12.357
9.443153913333333	12.353
9.459672531666666	12.348
9.476064789999999	12.344
9.492380623333332	12.341
9.508772154999999	12.342
9.525092928333333	12.343
9.541684446666668	12.344
9.558102306666665	12.344
9.574408665	12.344
9.591005201666668	12.343
9.607315849999999	12.344
9.623624911666667	12.347
9.639990985	12.354
9.656555483333332	12.363
9.67293179	12.37
9.689308883333332	12.377
9.705676239999999	12.383
9.722260445	12.388
9.738654643333334	12.392
9.75506807	12.396
9.771291506666667	12.4
9.787727295	12.403
9.804050468333333	12.406
9.820693136666666	12.409
9.837039961666665	12.409
9.853418243333333	12.407
9.869783476666665	12.404
9.886114648333333	12.399
9.902659951666667	12.394
9.918961108333335	12.388
9.93549234	12.382
9.951709803333333	12.379
9.96837262	12.378
9.984730249999998	12.379
10.001059378333334	12.382
10.017417488333333	12.385
10.033854581666667	12.39
10.050269971666665	12.394
10.066723015	12.401
10.083086388333335	12.408
10.0995083	12.413
10.115848961666664	12.414
10.132212388333333	12.411
10.148791868333333	12.408
10.165081350000001	12.406
10.181418588333333	12.404
10.197822323333334	12.405
10.214271385	12.407
10.23066523	12.41
10.247145081666666	12.41
10.263571053333333	12.408
10.279920848333333	12.406
10.29630032	12.405
10.312647323333334	12.404
10.329315051666669	12.402
10.345464611666667	12.401
10.361868606666668	12.401
10.378249830000001	12.402
10.394938426666666	12.404
10.411209133333333	12.406
10.427453719999999	12.41
10.444055363333334	12.415
10.460429131666668	12.478
10.476811626666667	12.518
10.493277410000001	12.531
10.509666865	12.472
10.526045364999998	12.403
10.542504853333334	12.382
10.558953613333333	12.377
10.575373638333335	12.403
10.591768824999999	12.407
10.608161313333333	12.409
10.624515061666667	12.414
10.640893746666666	12.419
10.657276718333332	12.427
10.673833388333332	12.432
10.690241785000001	12.436
10.706411365000001	12.438
10.722991839999999	12.44
10.739339366666666	12.44
10.755697421666667	12.442
10.772051000000001	12.444
10.78843934	12.446
10.804904993333334	12.449
10.821495300000002	12.452
10.837779683333334	12.456
10.854026533333332	12.458
10.870629183333335	12.459
10.886996333333336	12.461
10.903381083333333	12.465
10.919673233333334	12.467
10.936256250000003	12.467
10.952647266666666	12.465
10.969028183333332	12.461
10.985435483333333	12.458
11.001813250000001	12.455
11.01814585	12.455
11.034509466666666	12.456
11.051123916666665	12.458
11.06750165	12.46
11.083859916666665	12.463
11.100238399999999	12.465
11.116542733333336	12.466
11.133177483333334	12.464
11.149463166666667	12.463
11.16593411666667	12.464
11.182294016666667	12.467
11.198660266666668	12.47
11.215075466666665	12.471
11.231633950000003	12.471
11.247826566666667	12.471
11.26417825	12.47
11.280737100000003	12.47
11.2970863	12.47
11.313508800000001	12.472
11.329914983333332	12.475
11.346315533333335	12.478
11.36275715	12.48
11.379062033333334	12.483
11.395472033333334	12.486
11.411850216666668	12.489
11.428456783333335	12.49
11.44476685	12.491
11.461089949999998	12.492
11.477703216666669	12.496
11.494088133333335	12.499
11.510441833333335	12.503
11.526803400000002	12.504
11.543161883333333	12.503
11.5596074	12.501
11.575984016666666	12.499
11.592340466666666	12.498
11.608991483333334	12.499
11.625339150000002	12.501
11.641502916666667	12.502
11.658138233333332	12.503
11.674481149999998	12.505
11.690842450000002	12.507
11.707276499999999	12.509
11.7236668	12.51
11.740134050000002	12.511
11.756588283333333	12.511
11.772980666666665	12.511
11.789166349999999	12.511
11.805821666666667	12.513
11.822219750000002	12.516
11.838554650000003	12.518
11.854997483333332	12.521
11.871351833333335	12.521
11.887773916666667	12.522
11.904129616666665	12.523
11.920544366666668	12.525
11.936985883333332	12.526
11.953358516666665	12.526
11.96984061666667	12.527
11.9862569	12.529
12.00260515	12.53
12.01909595	12.532
12.035544233333333	12.533
12.051919000000002	12.535
12.068286449999999	12.538
12.084729849999999	12.541
12.10108675	12.542
12.117468083333335	12.543
12.133893400000002	12.541
12.150145000000002	12.54
12.166808300000003	12.538
12.183038400000001	12.537
12.199377616666666	12.536
12.215994833333333	12.535
12.232433783333335	12.536
12.248746833333332	12.536
12.265103283333332	12.537
12.281534783333335	12.539
12.297986216666665	12.54
12.314374066666666	12.541
12.3307462	12.542
12.347202883333331	12.544
12.363527766666667	12.545
12.379940016666666	12.544
12.396386933333332	12.541
12.4127476	12.539
12.429131866666665	12.538
12.44555916666667	12.54
12.461896516666666	12.542
12.478321950000002	12.543
12.494704516666669	12.545
12.511334049999999	12.547
12.527616666666667	12.548
12.5440899	12.548
12.56051475	12.549
12.576894716666665	12.551
12.59337956666667	12.552
12.609555366666669	12.551
12.625969533333333	12.55
12.642429416666666	12.55
12.658889683333335	12.551
12.67523446666667	12.551
12.691604750000003	12.551
12.7080464	12.551
12.724463533333335	12.553
12.740837233333334	12.556
12.757232766666668	12.558
12.773782866666664	12.558
12.790264149999999	12.559
12.80639915	12.561
12.822787383333335	12.563
12.839387083333332	12.566
12.855752016666667	12.568
12.872074816666668	12.569
12.888706583333335	12.57
12.90489301666667	12.571
12.9214737	12.572
12.937829183333331	12.573
12.954174133333332	12.575
12.97074571666667	12.577
12.987060183333334	12.579
13.003423583333333	12.58
13.019744033333335	12.579
13.036133083333333	12.577
13.052744750000002	12.574
13.069104616666667	12.57
13.085476183333334	12.568
13.10182765	12.566
13.118210400000002	12.566
13.134651166666664	12.567
13.151062783333334	12.568
13.167420366666668	12.57
13.183971033333332	12.572
13.200281	12.573
13.216635016666668	12.575
13.233064066666667	12.577
13.249480299999998	12.579
13.266053983333336	12.582
13.282441683333335	12.585
13.298859166666666	12.587
13.315259816666668	12.589
13.331568383333334	12.59
13.347866383333333	12.593
13.364450133333335	12.595
13.380790283333337	12.598
13.397143499999999	12.598
13.413770733333333	12.599
13.430075616666667	12.599
13.446446233333337	12.601
13.462861133333334	12.602
13.479193783333333	12.603
13.495763500000002	12.603
13.512009666666668	12.603
13.52834896666667	12.601
13.54472875	12.6
13.561332816666667	12.597
13.577683533333332	12.596
13.594058850000003	12.593
13.610649466666668	12.59
13.626812416666667	12.588
13.643398666666666	12.587
13.659733283333335	12.588
13.676128350000003	12.588
13.6924891	12.589
13.708908516666668	12.592
13.7252787	12.596
13.74172771666667	12.598
13.758103133333332	12.599
13.774483633333332	12.598
13.79107025	12.596
13.80734016666667	12.595
13.823806116666667	12.596
13.840232700000001	12.598
13.856656250000004	12.6
13.87301475	12.603
13.889444583333333	12.608
13.905833900000001	12.613
13.922135200000003	12.618
13.938743633333335	12.619
13.955110033333334	12.62
13.971472900000002	12.621
13.98790501666667	12.624
14.004316566666667	12.627
14.020727516666664	12.629
14.037153516666667	12.63
14.053518683333333	12.631
14.0699565	12.63
14.086378266666667	12.628
14.102802533333335	12.625
14.119189066666667	12.624
14.135601733333335	12.623
14.152033883333335	12.622
14.168314116666664	12.621
14.18473565	12.621
14.20110741666667	12.623
14.217506233333335	12.627
14.233876116666668	12.631
14.250503083333335	12.633
14.266909966666667	12.636
14.283280049999998	12.637
14.29969465	12.639
14.316134666666667	12.64
14.3324821	12.641
14.348876133333334	12.641
14.365355583333333	12.64
14.381603066666667	12.639
14.398146166666667	12.637
14.414519300000002	12.638
14.4309391	12.639
14.447411466666669	12.64
14.463839366666669	12.642
14.480155266666667	12.644
14.496384783333333	12.646
14.5130606	12.647
14.529346450000002	12.649
14.545799883333334	12.651
14.562271783333333	12.654
14.578599333333333	12.656
14.594923300000001	12.658
14.611354066666667	12.66
14.62789106666667	12.661
14.64413145	12.662
14.660527000000002	12.66
14.677021016666664	12.66
14.693483983333333	12.66
14.709889916666668	12.661
14.726277183333334	12.662
14.742539483333331	12.663
14.7591344	12.665
14.775538966666666	12.666
14.791915799999998	12.667
14.808256533333331	12.667
14.824772716666665	12.667
14.841151466666666	12.668
14.857485633333336	12.671
14.873852383333332	12.673
14.890419766666668	12.674
14.906792566666667	12.673
14.923199200000003	12.674
14.939655116666668	12.675
14.955819716666667	12.676
14.972457066666667	12.677
14.98883055	12.678
15.005175416666667	12.679
15.021569733333333	12.681
15.037990833333332	12.683
15.054383383333334	12.686
15.070726183333335	12.689
15.0872895	12.69
15.103679066666668	12.689
15.1201285	12.69
15.13649206666667	12.689
15.152874466666667	12.689
15.16910825	12.687
15.185738683333334	12.687
15.202079666666666	12.687
15.218381016666665	12.685
15.234784266666669	12.684
15.251186816666667	12.684
15.267598533333334	12.686
15.284063283333332	12.687
15.300590449999998	12.688
15.317011683333334	12.688
15.333153500000002	12.689
15.349856516666666	12.688
15.366197150000001	12.689
15.382562283333332	12.691
15.398974200000001	12.693
15.415375533333332	12.695
15.431823133333332	12.697
15.448211383333334	12.698
15.46445275	12.7
15.4809506	12.701
15.497465816666669	12.703
15.513879316666667	12.704
15.530246183333333	12.704
15.546664366666668	12.703
15.563071833333332	12.701
15.579453133333335	12.701
15.595901999999999	12.699
15.61228791666667	12.698
15.628450866666668	12.696
15.645134716666664	12.695
15.661385016666667	12.694
15.67786693333333	12.693
15.694338700000003	12.693
15.710684716666666	12.694
15.727053066666667	12.696
15.743495516666666	12.699
15.75987485	12.702
15.7763688	12.705
15.7927109	12.708
15.809095766666665	12.711
15.825526033333336	12.713
15.842012883333336	12.715
15.858401616666665	12.717
15.874618816666668	12.719
15.891045383333335	12.721
15.907389900000002	12.723
15.923820466666669	12.725
15.940248566666668	12.726
15.956762466666667	12.727
15.973224600000002	12.729
15.989614983333333	12.73
16.00607325	12.731
16.0225024	12.732
16.038738849999998	12.732
16.055349	12.73
16.071495816666665	12.729
16.08805931666667	12.726
16.104460883333335	12.725
16.120809416666667	12.725
16.137390900000003	12.725
16.153757516666666	12.725
16.17012526666667	12.727
16.186513283333337	12.728
16.20279771666667	12.73
16.219150333333335	12.731
16.235787416666668	12.733
16.252065283333334	12.733
16.268371583333334	12.735
16.28496415	12.737
16.3014108	12.738
16.31774155	12.739
16.334082083333335	12.741
16.35042721666667	12.742
16.366808366666667	12.743
16.38347	12.744
16.399643216666668	12.746
16.416094116666667	12.746
16.432445983333334	12.746
16.4490598	12.747
16.46551735	12.748
16.48174455	12.749
16.498214216666668	12.748
16.514582983333334	12.749
16.53095625	12.752
16.547469316666668	12.754
16.563894299999998	12.755
16.580151983333334	12.757
16.596649666666668	12.758
16.61294925	12.759
16.629372583333332	12.759
16.645837233333335	12.759
16.662287	12.76
16.678673200000002	12.762
16.695078283333334	12.764
16.71154531666667	12.766
16.728010866666665	12.765
16.744247616666666	12.766
16.760728999999998	12.768
16.7772063	12.77
16.793670083333335	12.77
16.809926316666665	12.772
16.82644695	12.772
16.8434485	12.773
16.859047233333335	12.774
16.875924416666667	12.776
16.8920446	12.777
16.90833555	12.778
16.924796200000003	12.779
16.942099966666667	12.78
16.958042533333334	12.781
16.974811950000003	12.781
16.990428233333333	12.782
17.006768666666666	12.783
17.023207350000003	12.784
17.03972603333333	12.784
17.055927033333333	12.783
17.072405483333334	12.783
17.08892965	12.783
17.105166	12.784
17.1216675	12.785
17.137940033333336	12.787
17.154478866666665	12.787
17.17084673333333	12.789
17.187265583333335	12.788
17.203685583333332	12.789
17.220009933333333	12.789
17.23650656666667	12.791
17.252893483333335	12.791
17.26921833333333	12.791
17.28562875	12.792
17.302178333333334	12.793
17.318630250000002	12.794
17.334957383333336	12.794
17.351354433333334	12.794
17.367713133333336	12.794
17.384092066666668	12.795
17.40049205	12.795
17.416924116666667	12.795
17.4332761	12.796
17.449650266666666	12.798
17.466286866666668	12.799
17.482587900000002	12.801
17.498980966666664	12.802
17.51537745	12.803
17.531727616666668	12.804
17.54830515	12.806
17.564637633333337	12.807
17.58101111666667	12.807
17.597421183333335	12.808
17.61373015	12.808
17.630170766666666	12.808
17.64679853333333	12.808
17.66314715	12.808
17.679567566666666	12.808
17.69593135	12.808
17.712287850000003	12.809
17.7286286	12.809
17.745018783333332	12.811
17.76158745	12.811
17.777971583333336	12.813
17.7942842	12.813
17.810610500000003	12.812
17.8271862	12.811
17.84355096666667	12.81
17.85993463333333	12.81
17.876308466666668	12.81
17.892906583333335	12.809
17.909275400000002	12.809
17.925583283333335	12.809
17.9419581	12.81
17.958340133333333	12.811
17.97473245	12.813
17.991327966666667	12.814
18.007525250000004	12.816
18.02411411666667	12.817
18.040504016666667	12.818
18.056688233333333	12.818
18.07326301666667	12.818
18.089691366666667	12.819
18.1060545	12.82
18.12248531666667	12.821
18.13882415	12.821
18.155184916666666	12.823
18.171825066666667	12.824
18.1882181	12.826
18.204580933333332	12.828
18.220944933333335	12.829
18.23727086666667	12.832
18.253658583333333	12.833
18.270084566666668	12.835
18.286647050000003	12.836
18.3029905	12.838
18.319369383333335	12.839
18.335832833333335	12.839
18.352180766666667	12.839
18.368533083333332	12.838
18.38497466666667	12.839
18.401301150000002	12.838
18.41766366666667	12.839
18.434072383333334	12.84
18.450688550000002	12.841
18.467046016666668	12.842
18.483399499999997	12.841
18.499752033333333	12.84
18.51612125	12.84
18.532719866666667	12.84
18.54915096666667	12.842
18.565537433333333	12.843
18.581869816666668	12.844
18.598231633333334	12.844
18.614622233333332	12.845
18.631015683333334	12.846
18.647384566666666	12.847
18.664014716666667	12.849
18.680399616666666	12.85
18.696706433333333	12.852
18.713046116666668	12.853
18.729651266666668	12.853
18.746016150000003	12.855
18.762352350000004	12.857
18.778697966666666	12.858
18.795238516666668	12.859
18.811495533333332	12.858
18.8280296	12.858
18.844400683333333	12.86
18.860798	12.862
18.87716016666667	12.863
18.8934957	12.863
18.91008066666667	12.864
18.926492533333334	12.864
18.942836716666665	12.864
18.959230983333335	12.865
18.9756345	12.866
18.992040316666667	12.868
19.00840821666667	12.869
19.02478766666667	12.871
19.041404883333332	12.871
19.057727800000002	12.873
19.07411696666667	12.873
19.090510216666665	12.874
19.106933283333333	12.874
19.1232748	12.875
19.1398419	12.876
19.156251383333334	12.877
19.17261675	12.879
19.18897168333333	12.88
19.205369700000002	12.88
19.221742383333336	12.881
19.23807735	12.881
19.25472961666667	12.882
19.271122100000003	12.882
19.2874918	12.882
19.303837100000003	12.881
19.32014656666667	12.881
19.336768550000002	12.882
19.353128833333333	12.882
19.36945895	12.882
19.385886900000003	12.883
19.40227035	12.884
19.418637716666666	12.885
19.435042533333334	12.884
19.4515172	12.885
19.467958133333333	12.886
19.484301499999997	12.888
19.5005828	12.889
19.517236633333333	12.89
19.53357061666667	12.892
19.549921233333333	12.893
19.566268166666667	12.894
19.582867133333334	12.894
19.599240433333332	12.893
19.615642166666667	12.894
19.631931266666665	12.895
19.648526333333336	12.897
19.664828266666667	12.898
19.681102216666666	12.899
19.697728899999998	12.9
19.7141129	12.901
19.730525983333337	12.902
19.74684961666667	12.903
19.763237566666668	12.903
19.779775583333336	12.903
19.796157783333335	12.903
19.8125119	12.904
19.828919583333334	12.905
19.84527835	12.904
19.861787683333333	12.904
19.87806193333333	12.903
19.894425233333333	12.903
19.911070316666667	12.903
19.927383433333333	12.903
19.943715333333333	12.903
19.960297633333333	12.904
19.9764479	12.903
19.992867383333333	12.905
20.009479133333336	12.907
20.02583315	12.909
20.042246483333333	12.91
20.058622683333336	12.911
20.075007583333335	12.912
20.091486816666666	12.913
20.10790306666667	12.915
20.124255766666668	12.916
20.14057485	12.917
20.157168933333335	12.915
20.17353311666667	12.915
20.189933016666668	12.914
20.20634216666667	12.915
20.2225617	12.915
20.238993166666667	12.916
20.255373083333335	12.916
20.272012316666665	12.916
20.288356333333333	12.917
20.30468745	12.918
20.32106565	12.918
20.3374427	12.919
20.354111966666668	12.921
20.370381966666667	12.922
20.386707466666667	12.924
20.40330445	12.925
20.4196367	12.926
20.4359408	12.927
20.452306566666667	12.927
20.468708016666668	12.927
20.485118733333334	12.926
20.501738333333336	12.926
20.51808161666667	12.926
20.534518716666668	12.925
20.550850083333334	12.925
20.567217033333332	12.925
20.58379185	12.925
20.60006735	12.926
20.61635375	12.927
20.632918550000003	12.927
20.64940551666667	12.928
20.6656693	12.929
20.6821578	12.931
20.698384233333336	12.932
20.7149144	12.935
20.7314534	12.936
20.747691250000003	12.937
20.76421338333333	12.937
20.78059628333333	12.937
20.79687181666667	12.938
20.813362933333334	12.938
20.82985951666667	12.938
20.846041816666666	12.938
20.862570283333334	12.939
20.879057066666665	12.941
20.8954611	12.941
20.911753349999998	12.941
20.9281902	12.941
20.944603466666667	12.942
20.961104683333332	12.943
20.9775453	12.944
20.993758083333333	12.944
21.010259316666666	12.943
21.02676021666667	12.942
21.04297221666667	12.941
21.059394033333334	12.941
21.075947033333332	12.942
21.0923802	12.944
21.108677633333336	12.945
21.125086016666668	12.946
21.141532950000002	12.948
21.157898066666665	12.949
21.174245966666668	12.95
21.19062745	12.951
21.207125733333335	12.951
21.2235701	12.952
21.240064683333337	12.954
21.25649041666667	12.955
21.2727276	12.954
21.289225683333335	12.955
21.3056467	12.957
21.32214971666667	12.958
21.338441316666668	12.959
21.354945283333336	12.959
21.37117853333333	12.958
21.38772375	12.958
21.404082683333336	12.959
21.420569633333336	12.96
21.4370149	12.961
21.45341056666667	12.962
21.469690633333332	12.963
21.48611476666667	12.964
21.502635383333335	12.965
21.5189031	12.966
21.5352749	12.967
21.551685266666667	12.968
21.56830575	12.968
21.584720116666666	12.969
21.600982133333336	12.969
21.617342116666666	12.97
21.63376915	12.969
21.650228849999998	12.97
21.66669136666667	12.97
21.683038616666668	12.971
21.699539416666667	12.971
21.7158282	12.972
21.732313400000002	12.973
21.748538833333335	12.973
21.765005199999997	12.973
21.781504066666667	12.974
21.797788966666666	12.974
21.81443875	12.974
21.830747533333334	12.975
21.84705171666667	12.977
21.86353586666667	12.978
21.87994755	12.978
21.8961932	12.978
21.912667583333334	12.979
21.9291619	12.979
21.9456227	12.979
21.96189855	12.978
21.97841408333333	12.977
21.994711566666666	12.977
22.01117845	12.978
22.027683116666665	12.979
22.043927983333333	12.979
22.060454916666664	12.979
22.076892516666668	12.979
22.09318251666667	12.98
22.1096249	12.981
22.12604745	12.983
22.14245005	12.984
22.1588973	12.984
22.175183766666667	12.984
22.191633183333334	12.986
22.208141766666667	12.988
22.224370083333334	12.989
22.240853500000004	12.988
22.257310083333333	12.989
22.273571883333332	12.989
22.290054683333334	12.99
22.306495166666668	12.991
22.32283035	12.993
22.339471366666668	12.993
22.355653166666666	12.994
22.372176933333336	12.993
22.388611416666667	12.994
22.405076400000002	12.994
22.421309183333335	12.995
22.437778133333335	12.995
22.454286283333335	12.996
22.470534816666667	12.996
22.487050383333333	12.996
22.503533500000003	12.998
22.51982475	12.998
22.536106616666668	12.999
22.552787883333334	13.0
22.569152083333336	13.0
22.585455016666664	13.0
22.6019284	13.001
22.618390216666665	13.002
22.634727150000003	13.003
22.65111781666667	13.003
22.667572516666667	13.003
22.683900599999998	13.004
22.700227933333334	13.006
22.716640566666666	13.009
22.73297805	13.009
22.749543266666667	13.009
22.76593125	13.009
22.78225135	13.009
22.798639116666667	13.009
22.81522915	13.01
22.831559433333336	13.01
22.8478901	13.011
22.86423385	13.012
22.880827116666666	13.012
22.897204950000003	13.012
22.913563016666668	13.011
22.929914283333336	13.012
22.946294433333335	13.013
22.962717483333336	13.013
22.979296333333334	13.013
22.995534233333334	13.013
23.012077316666666	13.013
23.02841396666667	13.013
23.044879083333335	13.013
23.061241416666665	13.013
23.0776537	13.014
23.094056766666668	13.017
23.11063775	13.019
23.126939216666667	13.019
23.1433058	13.019
23.15965685	13.02
23.17598901666667	13.02
23.192577516666667	13.021
23.208931083333333	13.021
23.225241633333333	13.022
23.241779366666666	13.023
23.25812893333333	13.024
23.274513000000002	13.024
23.290872716666666	13.025
23.307459366666667	13.026
23.323806866666665	13.027
23.34014625	13.027
23.35654495	13.027
23.372911066666667	13.027
23.38947075	13.027
23.405774949999998	13.029
23.42227355	13.03
23.438728466666667	13.031
23.455076716666667	13.03
23.471438683333332	13.031
23.48775255	13.031
23.504163566666666	13.031
23.520826216666666	13.032
23.53717525	13.032
23.553549133333334	13.034
23.569910166666666	13.035
23.586301183333333	13.034
23.602728799999998	13.034
23.619156583333336	13.035
23.635569433333334	13.036
23.651897283333334	13.036
23.668232283333335	13.037
23.68483645	13.037
23.701193516666667	13.037
23.717565866666664	13.036
23.733977983333332	13.036
23.7503475	13.037
23.76666595	13.038
23.78331401666667	13.039
23.799512933333336	13.04
23.816088166666667	13.039
23.83241191666667	13.039
23.8488244	13.04
23.865284900000002	13.041
23.881610600000002	13.042
23.89796623333333	13.042
23.914418949999998	13.042
23.930923483333334	13.042
23.94733036666667	13.043
23.963777399999998	13.044
23.980195549999998	13.045
23.996388	13.046
24.0130202	13.047
24.029373	13.047
24.045732683333334	13.046
24.0620638	13.047
24.078544283333333	13.048
24.09494646666667	13.048
24.111358183333333	13.049
24.12777375	13.05
24.144104883333334	13.05
24.160509066666666	13.051
24.176867583333333	13.052
24.19347456666667	13.053
24.209846783333333	13.053
24.226242333333335	13.054
24.24260625	13.055
24.25898305	13.057
24.275389983333334	13.057
24.291774900000004	13.058
24.30837475	13.057
24.3245939	13.056
24.341133366666668	13.057
24.357556100000004	13.058
24.373972366666667	13.059
24.390164633333335	13.059
24.40680305	13.06
24.423185500000002	13.059
24.439420283333334	13.059
24.456075066666667	13.058
24.4722478	13.058
24.48870875	13.059
24.50512635	13.06
24.521590983333336	13.06
24.538112	13.061
24.5542713	13.061
24.570712116666666	13.062
24.587164416666667	13.062
24.603605500000004	13.062
24.62000715	13.063
24.636398266666667	13.064
24.652796016666667	13.065
24.669246983333334	13.066
24.6856611	13.067
24.7021309	13.067
24.71851625	13.067
24.734988899999998	13.068
24.751360016666666	13.068
24.767612616666668	13.067
24.784024549999998	13.067
24.80059645	13.068
24.817067466666664	13.07
24.833499766666666	13.071
24.849831283333334	13.072
24.866187883333335	13.071
24.88250185	13.07
24.89900235	13.07
24.915505633333336	13.071
24.93186598333333	13.071
24.9482781	13.071
24.964573183333332	13.071
24.980937933333333	13.07
24.997535366666664	13.071
25.013878016666666	13.071
25.030222750000004	13.072
25.0465665	13.074
25.063171266666668	13.076
25.079545033333332	13.076
25.095890866666668	13.077
25.11232215	13.079
25.12863665	13.081
25.14524601666667	13.081
25.16160705	13.08
25.1777848	13.079
25.194303766666668	13.079
25.21069281666667	13.081
25.227029933333334	13.082
25.243474716666665	13.081
25.260076716666667	13.08
25.2765116	13.08
25.292876616666668	13.079
25.309237833333334	13.077
25.325641233333336	13.074
25.3419288	13.059
25.358303616666667	13.029
25.3748307	12.988
25.391213800000003	12.949
25.407776050000002	12.917
25.423946883333333	12.889
25.44056236666667	12.858
25.456945200000003	12.823
25.473302266666668	12.779
25.48981775	12.728
25.505987766666667	12.673
25.522614933333333	12.62
25.53887041666667	12.585
25.55545838333333	12.557
25.571818683333333	12.527
25.58823981666667	12.485
25.604621266666665	12.438
25.6209121	12.392
25.637308666666666	12.34
25.653775850000002	12.281
25.670155416666667	12.213
25.68647785	12.148
25.703045466666666	12.089
25.719415716666667	12.028
25.735787316666666	11.937
25.752182299999998	11.824
25.76876061666667	11.71
25.785118816666664	11.622
25.801500116666666	11.548
25.817879533333333	11.477
25.834241533333334	11.397
25.85064995	11.312
25.867221316666665	11.236
25.88356665	11.174
25.8999604	11.122
25.916321466666666	11.076
25.9326386	11.043
25.94901205	11.007
25.96567883333333	10.96
25.982101883333332	10.901
25.99846655	10.846
26.01484238333333	10.789
26.03119176666667	10.732
26.0477434	10.677
26.064093383333333	10.628
26.080476333333333	10.586
26.0967765	10.547
26.11315443333333	10.516
26.129525333333333	10.485
26.14614735	10.455
26.162469033333338	10.425
26.178763366666665	10.397
26.19540058333334	10.368
26.211780349999998	10.341
26.22815475	10.317
26.24452001666667	10.298
26.26087626666667	10.281
26.277440533333333	10.263
26.293797183333332	10.245
26.3101579	10.222
26.326580150000005	10.197
26.342928533333335	10.173
26.35933371666667	10.155
26.37571806666667	10.136
26.39205413333334	10.115
26.40871931666667	10.094
26.425088366666664	10.071
26.44126716666667	10.044
26.457878583333333	10.011
26.474210633333335	9.98
26.490525249999997	9.956
26.506863016666664	9.937
26.523315816666667	9.92
26.539909816666665	9.9
26.55629988333333	9.876
26.572695950000004	9.854
26.5890409	9.834
26.605480783333334	9.816
26.621883466666667	9.798
26.638257333333335	9.778
26.65455036666667	9.758
26.671162716666664	9.736
26.687458166666666	9.716
26.703876933333333	9.695
26.720343516666667	9.674
26.736618033333336	9.651
26.7532462	9.631
26.769595233333334	9.612
26.78596926666667	9.595
26.80231823333333	9.577
26.818709616666666	9.559
26.8352735	9.539
26.851639366666667	9.52
26.867967566666664	9.498
26.884362199999998	9.476
26.900668233333334	9.453
26.91705928333333	9.431
26.933661266666668	9.411
26.950137683333338	9.39
26.966516516666665	9.372
26.982870850000005	9.357
26.999260666666665	9.343
27.015687766666666	9.323
27.03212823333334	9.295
27.048522133333336	9.264
27.06491546666667	9.234
27.081381899999997	9.21
27.0978067	9.186
27.114189333333336	9.163
27.13057128333333	9.136
27.14693771666667	9.109
27.16323335	9.085
27.179582083333337	9.062
27.196225533333333	9.035
27.212579400000003	9.004
27.228921483333338	8.974
27.245288133333332	8.947
27.261694483333336	8.92
27.278266000000002	8.893
27.294725066666665	8.866
27.31100081666667	8.836
27.327387883333337	8.803
27.343703533333333	8.768
27.36032026666667	8.729
27.37664901666667	8.687
27.392975866666667	8.645
27.409359550000005	8.605
27.425799533333333	8.563
27.442149833333332	8.522
27.45877925	8.475
27.475115566666666	8.426
27.49145646666667	8.376
27.50801945	8.324
27.524301516666668	8.263
27.540731166666667	8.184
27.557018783333334	8.096
27.573447450000003	7.998
27.590114383333336	7.899
27.606482	7.8
27.622830283333336	7.708
27.63914556666667	7.631
27.6555762	7.572
27.6719146	7.531
27.68830296666667	7.486
27.704839633333336	7.436
27.721281366666666	7.387
27.737633133333333	7.348
27.753966616666666	7.32
27.77051063333333	7.297
27.786766333333333	7.278
27.803162083333333	7.262
27.819759150000003	7.247
27.83617088333333	7.233
27.852516933333334	7.219
27.868939016666666	7.201
27.885312650000003	7.184
27.90165963333333	7.169
27.918039066666665	7.158
27.934413149999997	7.15
27.9508456	7.143
27.967207800000004	7.136
27.983697683333332	7.128
28.000212233333336	7.115
28.016627433333333	7.101
28.032954733333334	7.086
28.049301866666667	7.074
28.065716549999998	7.062
28.082090766666667	7.05
28.098700450000003	7.04
28.115036483333334	7.031
28.131430716666664	7.023
28.14770995	7.015
28.164177449999997	7.008
28.180745799999997	7.001
28.197119916666665	6.995
28.21338718333333	6.988
28.22977181666667	6.981
28.24621055	6.974
28.26279851666667	6.968
28.278977500000003	6.964
28.295606883333335	6.96
28.311986400000002	6.956
28.32836281666667	6.952
28.34467491666667	6.947
28.361140916666663	6.943
28.37762285	6.94
28.394002883333336	6.937
28.410440616666662	6.935
28.4266346	6.933
28.443310099999998	6.931
28.459624716666667	6.927
28.476068833333336	6.922
28.49238871666666	6.918
28.508785033333332	6.915
28.525226233333335	6.913
28.541700183333333	6.91
28.558121033333336	6.906
28.574570466666664	6.901
28.59095286666666	6.896
28.607097116666665	6.892
28.6235432	6.89
28.639984483333336	6.887
28.656429616666664	6.885
28.67284201666667	6.883
28.689243283333333	6.88
28.705635449999996	6.878
28.722096666666665	6.875
28.7385248	6.872
28.75485368333333	6.87
28.7712432	6.869
28.787860816666672	6.869
28.804233566666667	6.867
28.82066255	6.865
28.837048099999997	6.863
28.853408066666667	6.861
28.8698531	6.859
28.88630428333333	6.858
28.9026226	6.857
28.91902341666667	6.855
28.935467433333336	6.853
28.95183716666667	6.851
28.968268333333334	6.849
28.98463423333333	6.847
29.00103491666667	6.845
29.017490800000004	6.845
29.033842283333335	6.845
29.050256133333335	6.844
29.066568716666666	6.843
29.083117300000005	6.841
29.099489050000003	6.839
29.115981366666666	6.837
29.13240435	6.834
29.148734150000003	6.833
29.165167366666665	6.831
29.18160355	6.829
29.197968666666668	6.827
29.2143284	6.825
29.230704033333332	6.824
29.247077683333337	6.822
29.263437933333336	6.821
29.28003043333333	6.82
29.29634443333333	6.818
29.31273158333333	6.817
29.32931	6.815
29.345726516666666	6.814
29.36209388333333	6.814
29.378412466666667	6.813
29.394709299999995	6.81
29.41128796666667	6.809
29.427658833333332	6.807
29.44405008333333	6.806
29.460584366666673	6.805
29.47689425	6.805
29.493450316666667	6.804
29.509819666666665	6.804
29.526147966666663	6.802
29.542464616666663	6.802
29.5588439	6.801
29.5753737	6.8
29.591726083333334	6.8
29.608054666666668	6.798
29.624615883333327	6.799
29.641016066666666	6.798
29.65734476666666	6.797
29.67371036666667	6.796
29.690312783333333	6.795
29.706709416666662	6.795
29.723101783333334	6.795
29.739484849999997	6.794
29.75579566666667	6.793
29.772231716666667	6.792
29.78858615	6.79
29.805178250000004	6.79
29.821490866666664	6.788
29.837847983333333	6.788
29.854420349999998	6.787
29.870770866666668	6.787
29.88716315	6.786
29.90347585	6.786
29.920081733333333	6.786
29.9363995	6.785
29.952617816666667	6.784
29.969248533333335	6.783
29.985596416666667	6.783
30.001943116666666	6.783
30.01837471666667	6.782
30.034712016666667	6.782
30.051284133333333	6.781
30.06766951666667	6.781
30.084092749999996	6.78
30.1004779	6.779
30.11676775	6.779
30.133393583333337	6.778
30.149671866666665	6.778
30.165976349999994	6.776
30.18260623333333	6.776
30.19898755	6.775
30.215357349999998	6.774
30.231731933333336	6.773
30.24808663333333	6.772
30.26469971666667	6.771
30.28103755	6.771
