0.0	-0.1266155391931534
0.01666666624563125	-0.1199723407626152
0.0333333324912625	-0.1179488301277161
0.04999999873689375	-0.1237329989671707
0.06666666498252502	-0.1259283125400543
0.08332999789490714	-0.1279899924993515
0.08333666456140539	0.5957922339439392
0.10000333080703665	1.27305805683136
0.1166699970526679	1.268629312515259
0.13333666329829916	1.265422224998474
0.1500033295439304	1.263188719749451
0.16666999578956165	1.259008049964905
0.18333666203519286	1.255953669548035
0.20000332828082415	1.250589489936829
0.21666999452645533	1.25461745262146
0.23333666077208667	1.253624796867371
0.250003327017718	1.250799536705017
0.26666999326334917	1.247955203056335
0.28333665950898046	1.24554979801178
0.3000033257546117	1.246733427047729
0.316669992000243	1.246847987174988
0.33333665824587416	1.247554302215576
0.3500033244915055	1.245607137680054
0.3666699907371367	1.243812680244446
0.383336656982768	1.242457270622253
0.4000033232283992	1.242991805076599
0.4166699894740305	1.245263457298279
0.4333366557196616	1.24436628818512
0.450003321965293	1.245339870452881
0.46666998821092415	1.240987420082092
0.4833366544565555	1.24346911907196
0.5000033207021867	1.246714353561401
0.5166699869478181	1.246027112007141
0.5333366531934493	1.241770148277283
0.5500033194390804	1.240071177482605
0.5666699856847117	1.242839097976685
0.583336651930343	1.243239998817444
0.6000033181759742	1.23982298374176
0.6166699844216055	1.237971305847168
0.6333366506672367	1.241292834281921
0.650003316912868	1.238677620887756
0.6666699831584991	1.238257646560669
0.6833366494041305	1.239517569541931
0.7000033156497616	1.24081563949585
0.716669981895393	1.244385361671448
0.7333366481410242	1.240739226341248
0.7500033143866555	1.241369247436523
0.7666699806322869	1.240491032600403
0.783336646877918	1.240109324455261
0.8000033131235493	1.243488192558289
0.8166699793691805	1.240796566009521
0.8333366456148119	1.23835301399231
0.850003311860443	1.240701079368591
0.8666699781060744	1.241827368736267
0.8833366443517056	1.239574790000916
0.9000033105973368	1.240032911300659
0.916669976842968	1.238009452819824
0.9333366430885993	1.236596822738647
0.9500033093342305	1.236520409584045
0.9666699755798618	1.237799406051636
0.9833366418254931	1.238333940505981
1.0000033080711244	1.235718727111816
1.0166699743167555	1.238028526306152
1.0333366405623867	1.236463189125061
1.0500033068080181	1.236539483070374
1.0666699730536493	1.236825823783875
1.0833366392992805	1.238124012947083
1.1000033055449119	1.237532138824463
1.116669971790543	1.235718727111816
1.1333366380361742	1.235012412071228
1.1500033042818056	1.237493991851807
1.1666699705274368	1.237322211265564
1.183336636773068	1.233599662780762
1.2000033030186994	1.235165119171143
1.2166699692643306	1.236749529838562
1.2333366355099618	1.236959457397461
1.2500033017555932	1.23449695110321
1.2666699680012243	1.23430609703064
1.2833366342468555	1.237551331520081
1.300003300492487	1.234745144844055
1.316669966738118	1.234859585762024
1.3333366329837493	1.234286904335022
1.3500032992293807	1.235184192657471
1.3666699654750118	1.237513065338135
1.383336631720643	1.235871434211731
1.4000032979662744	1.23667311668396
1.4166699642119056	1.23795211315155
1.4333366304575368	1.23608136177063
1.4500032967031682	1.238734841346741
1.4666699629487994	1.236615896224976
1.4833366291944305	1.235413193702698
1.500003295440062	1.235069632530212
1.5166699616856931	1.235680460929871
1.5333366279313243	1.232988834381104
1.5500032941769557	1.2359858751297
1.5666699604225869	1.234859585762024
1.583336626668218	1.236940383911133
1.6000032929138495	1.236405849456787
1.6166699591594806	1.237112164497375
1.6333366254051118	1.234592437744141
1.6500032916507432	1.23499321937561
1.666669957896375	1.233943343162537
1.683336624142005	1.234745144844055
1.7000032903876368	1.233542442321777
1.7166699566332684	1.233962416648865
1.7333366228788998	1.232282519340515
1.7500032891245298	1.231728911399841
1.7666699553701617	1.233866930007935
1.7833366216157933	1.232912540435791
1.800003287861425	1.231881618499756
1.816669954107055	1.233294248580933
1.8333366203526866	1.232645273208618
1.8500032865983185	1.236062288284302
1.8666699528439499	1.236195921897888
1.88333661908958	1.233389735221863
1.9000032853352118	1.236405849456787
1.9166699515808434	1.232721567153931
1.9333366178264748	1.233618855476379
1.9500032840721049	1.235336899757385
1.9666699503177367	1.233408808708191
1.9833366165633683	1.233427882194519
2.0000032828089997	1.230869889259338
2.01666994905463	1.232683420181274
2.0333366153002617	1.232492566108704
2.0500032815458935	1.229839086532593
2.066669947791525	1.231270790100098
2.083336614037155	1.232301592826843
2.100003280282787	1.231747984886169
2.1166699465284182	1.229189991950989
2.13333661277405	1.231518983840942
2.1500032790196797	1.229419112205505
2.1666699452653115	1.232587933540344
2.1833366115109434	1.230888962745667
2.200003277756575	1.233943343162537
2.216669944002205	1.230659961700439
2.2333366102478367	1.233542442321777
2.250003276493468	1.23134708404541
2.2666699427391	1.233561515808105
2.28333660898473	1.232397079467773
2.3000032752303614	1.229686379432678
2.3166699414759933	1.232855200767517
2.333336607721625	1.229877233505249
2.3500032739672547	1.23380970954895
2.3666699402128866	1.232225298881531
2.3833366064585184	1.230812668800354
2.40000327270415	1.231805324554443
2.41666993894978	1.23094630241394
2.4333366051954117	1.232836127281189
2.450003271441043	1.22966730594635
2.466669937686675	1.230602622032166
2.483336603932305	1.231213569641113
2.5000032701779364	1.231614351272583
2.5166699364235683	1.230984449386597
2.5333366026692	1.23253071308136
2.5500032689148298	1.233943343162537
2.5666699351604616	1.232511639595032
2.5833366014060934	1.232282519340515
2.600003267651725	1.230354428291321
2.616669933897355	1.232778906822205
2.6333366001429868	1.232721567153931
2.650003266388618	1.230736255645752
2.66666993263425	1.232072591781616
2.68333659887988	1.228082776069641
2.7000032651255115	1.231633543968201
2.7166699313711433	1.228426456451416
2.733336597616775	1.228082776069641
2.7500032638624066	1.231366276741028
2.7666699301080366	1.227758288383484
2.7833365963536685	1.231652617454529
2.8000032625993	1.228426456451416
2.8166699288449317	1.230049014091492
2.833336595090562	1.228311896324158
2.850003261336193	1.232015252113342
2.866669927581825	1.230545401573181
2.883336593827457	1.230106353759766
2.9000032600730865	1.232664346694946
2.9166699263187184	1.231958031654358
2.93333659256435	1.230583548545837
2.9500032588099816	1.231461644172668
2.9666699250556117	1.231041669845581
2.9833365913012435	1.230793595314026
3.000003257546875	1.232148885726929
3.0166699237925068	1.231557130813599
3.033336590038137	1.228502750396729
3.0500032562837682	1.23085081577301
3.0666699225294	1.232587933540344
3.083336588775032	1.23321795463562
3.1000032550206615	1.231728911399841
3.1166699212662934	1.2318434715271
3.1333365875119252	1.231862545013428
3.1500032537575566	1.230201721191406
3.1666699200031867	1.229896306991577
3.1833365862488185	1.231652617454529
3.20000325249445	1.230488061904907
3.216669918740082	1.229018211364746
3.233336584985712	1.227090120315552
3.2500032512313433	1.231175303459167
3.266669917476975	1.231824398040771
3.283336583722607	1.229342699050903
3.3000032499682366	1.229438185691834
3.3166699162138684	1.228865504264832
3.3333365824595003	1.225696563720703
3.3500032487051317	1.227777361869812
3.3666699149507617	1.229552745819092
3.3833365811963936	1.229514479637146
3.400003247442025	1.231576204299927
3.416669913687657	1.230468988418579
3.433336579933287	1.229170918464661
3.4500032461789183	1.228922724723816
3.46666991242455	1.228006482124329
3.483336578670182	1.226555585861206
3.5000032449158116	1.229495406150818
3.5166699111614435	1.228235483169556
3.5333365774070753	1.228273749351501
3.5500032436527063	1.231194376945496
3.5666699098983368	1.231557130813599
3.5833365761439686	1.229247331619263
3.6000032423896	1.228617310523987
3.6166699086352314	1.229457259178162
3.633336574880862	1.229839086532593
3.6500032411264933	1.229686379432678
3.666669907372125	1.230144500732422
3.6833365736177566	1.232797980308533
3.7000032398633866	1.231805324554443
3.7166699061090185	1.231308937072754
3.7333365723546503	1.230278134346008
3.7500032386002813	1.230793595314026
3.766669904845912	1.22966730594635
3.7833365710915436	1.228560090065002
3.800003237337175	1.226803779602051
3.8166699035828064	1.227834582328796
3.833336569828437	1.227624654769897
3.8500032360740684	1.231079936027527
3.8666699023197	1.229438185691834
3.8833365685653316	1.229342699050903
3.9000032348109617	1.232301592826843
3.9166699010565935	1.233485221862793
3.933336567302225	1.232950687408447
3.9500032335478563	1.234096050262451
3.966669899793487	1.234935998916626
3.9833365660391187	1.232664346694946
4.00000323228475	1.232148885726929
4.016669898530382	1.233886122703552
4.033336564776012	1.234134197235107
4.050003231021644	1.233466148376465
4.066669897267275	1.231461644172668
4.083336563512907	1.231099009513855
4.100003229758537	1.230106353759766
4.1166698960041685	1.233657002449036
4.1333365622497995	1.23312246799469
4.150003228495431	1.22907543182373
4.166669894741061	1.230373620986938
4.183336560986693	1.231767058372498
4.200003227232325	1.230621695518494
4.216669893477957	1.229228138923645
4.233336559723587	1.22947633266449
4.250003225969218	1.233523368835449
4.26666989221485	1.232492566108704
4.283336558460482	1.232206225395203
4.300003224706112	1.233657002449036
4.316669890951744	1.233542442321777
4.3333365571973745	1.231499910354614
4.350003223443007	1.234687805175781
4.3666698896886365	1.234745144844055
4.383336555934268	1.234210610389709
4.4000032221799	1.236463189125061
4.416669888425532	1.23558509349823
4.433336554671161	1.232836127281189
4.450003220916794	1.235604166984558
4.466669887162425	1.233446955680847
4.483336553408057	1.234191536903381
4.500003219653687	1.233523368835449
4.516669885899319	1.232607007026672
4.53333655214495	1.230354428291321
4.550003218390582	1.233351588249207
4.5666698846362115	1.234153270721436
4.583336550881843	1.234458804130554
4.600003217127475	1.234286904335022
4.616669883373107	1.231003522872925
4.633336549618736	1.234764218330383
4.650003215864369	1.233065247535706
4.66666988211	1.234019637107849
4.683336548355632	1.232473373413086
4.700003214601262	1.234458804130554
4.716669880846894	1.233370661735535
4.733336547092525	1.232473373413086
4.750003213338157	1.232511639595032
4.7666698795837865	1.233065247535706
4.783336545829418	1.235355973243713
4.80000321207505	1.235336899757385
4.816669878320682	1.234286904335022
4.833336544566311	1.235050559043884
4.850003210811944	1.235718727111816
4.866669877057575	1.23480236530304
4.883336543303207	1.235413193702698
4.900003209548837	1.236444115638733
4.916669875794469	1.236291408538818
4.9333365420401	1.236825823783875
4.950003208285732	1.237818479537964
4.9666698745313616	1.235947728157043
4.983336540776993	1.234516024589539
5.000003207022625	1.237627625465393
5.016669873268256	1.237284064292908
5.033336539513886	1.236310482025146
5.050003205759519	1.23499321937561
5.06666987200515	1.233676075935364
5.083336538250781	1.234382390975952
5.100003204496412	1.236959457397461
5.116669870742044	1.235088706016541
5.133336536987675	1.236845016479492
5.1500032032333065	1.234210610389709
5.166669869478937	1.236386775970459
5.183336535724568	1.235680460929871
5.2000032019702	1.234916925430298
5.216669868215831	1.235031485557556
5.233336534461461	1.235546827316284
5.250003200707094	1.235241413116455
5.266669866952725	1.234859585762024
5.283336533198356	1.235565900802612
5.300003199443989	1.233599662780762
5.316669865689619	1.234000563621521
5.33333653193525	1.233828783035278
5.3500031981808815	1.235604166984558
5.366669864426513	1.236825823783875
5.3833365306721435	1.236463189125061
5.400003196917775	1.237704038619995
5.416669863163406	1.236883163452148
5.433336529409038	1.236157774925232
5.450003195654669	1.237532138824463
5.4666698619003	1.238066673278809
5.483336528145931	1.236959457397461
5.500003194391564	1.237780332565308
5.516669860637194	1.237646698951721
5.533336526882825	1.23608136177063
5.550003193128457	1.238792061805725
5.566669859374088	1.23854398727417
5.5833365256197185	1.237093091011047
5.60000319186535	1.237341284751892
5.616669858110981	1.239288449287415
5.633336524356613	1.235947728157043
5.650003190602244	1.237112164497375
5.666669856847875	1.237493991851807
5.683336523093506	1.237913966178894
5.700003189339139	1.237589478492737
5.716669855584768	1.239479303359985
5.7333365218304	1.237894892692566
5.750003188076032	1.23736035823822
5.7666698543216635	1.238563060760498
5.783336520567293	1.238181233406067
5.800003186812925	1.236444115638733
5.816669853058556	1.239918351173401
5.833336519304188	1.238963961601257
5.850003185549818	1.239059329032898
5.86666985179545	1.239498376846313
5.883336518041081	1.237837672233582
5.900003184286714	1.236463189125061
5.916669850532343	1.24022388458252
5.933336516777975	1.240433812141418
5.950003183023607	1.240185618400574
5.9666698492692385	1.239593863487244
5.983336515514868	1.238696694374084
6.0000031817605	1.240853786468506
6.016669848006131	1.239689350128174
6.033336514251763	1.239555716514587
6.050003180497393	1.238524913787842
6.066669846743025	1.237035870552063
6.083336512988656	1.239670276641846
6.100003179234289	1.23854398727417
6.116669845479918	1.238944888114929
6.13333651172555	1.238925695419312
6.150003177971182	1.238601207733154
6.1666698442168135	1.240395665168762
6.183336510462443	1.240720152854919
6.200003176708075	1.240300178527832
6.216669842953706	1.241445541381836
6.233336509199338	1.240891933441162
6.250003175444968	1.241884589195251
6.2666698416906	1.240204691886902
6.283336507936231	1.23904025554657
6.300003174181864	1.240242958068848
6.316669840427493	1.239803910255432
6.333336506673125	1.239307522773743
6.350003172918757	1.238696694374084
6.3666698391643886	1.240796566009521
6.383336505410018	1.240701079368591
6.4000031716556505	1.241197466850281
6.416669837901281	1.242877244949341
6.433336504146913	1.244328141212463
6.450003170392543	1.242228269577026
6.466669836638175	1.240548372268677
6.483336502883806	1.241750955581665
6.500003169129439	1.242113709449768
6.516669835375068	1.2427818775177
6.5333365016207	1.243640899658203
6.550003167866332	1.242476463317871
6.566669834111964	1.238983035087585
6.583336500357593	1.238887548446655
6.6000031666032255	1.241827368736267
6.6166698328488565	1.241579174995422
6.633336499094488	1.239364743232727
6.650003165340118	1.240624666213989
6.66666983158575	1.239403009414673
6.683336497831381	1.241330981254578
6.700003164077014	1.241521954536438
6.716669830322643	1.242018222808838
6.733336496568275	1.243526339530945
6.750003162813907	1.241140127182007
6.766669829059539	1.240395665168762
6.783336495305168	1.241044640541077
6.8000031615508005	1.240510225296021
6.8166698277964315	1.24259090423584
6.833336494042063	1.241941928863525
6.850003160287693	1.24268639087677
6.866669826533325	1.242896437644959
6.883336492778956	1.241426467895508
6.900003159024589	1.241178274154663
6.916669825270218	1.243450045585632
6.93333649151585	1.244060873985291
6.950003157761482	1.241560101509094
6.966669824007114	1.242934584617615
6.983336490252743	1.241865515708923
7.000003156498376	1.241579174995422
7.0166698227440065	1.244270801544189
7.033336488989638	1.242228269577026
7.050003155235268	1.242132782936096
7.0666698214809	1.241941928863525
7.083336487726531	1.241541028022766
7.100003153972164	1.244690775871277
7.116669820217793	1.244041800498962
7.133336486463425	1.243297219276428
7.150003152709057	1.244690775871277
7.166669818954689	1.245129823684692
7.183336485200318	1.243621826171875
7.200003151445951	1.244289994239807
7.216669817691582	1.243927240371704
7.233336483937213	1.245034456253052
7.2500031501828435	1.245110750198364
7.266669816428475	1.244843482971191
7.283336482674106	1.245187163352966
7.300003148919739	1.244232654571533
7.316669815165368	1.24583625793457
7.333336481411	1.246542572975159
7.350003147656632	1.243640899658203
7.366669813902264	1.243335485458374
7.383336480147893	1.247458815574646
7.400003146393526	1.246504306793213
7.416669812639157	1.246962547302246
7.433336478884788	1.245874404907227
7.4500031451304185	1.24446177482605
7.46666981137605	1.246580719947815
7.483336477621681	1.247115254402161
7.500003143867314	1.24514901638031
7.516669810112943	1.246217966079712
7.533336476358575	1.245759844779968
7.550003142604207	1.244079947471619
7.566669808849838	1.247287034988403
7.583336475095468	1.248489618301392
7.600003141341101	1.247936010360718
7.616669807586732	1.247630596160889
7.633336473832363	1.24869966506958
7.6500031400779935	1.247707009315491
7.666669806323625	1.245988965034485
7.683336472569256	1.246752500534058
7.700003138814888	1.246370673179626
7.716669805060518	1.246275305747986
7.73333647130615	1.248661518096924
7.750003137551782	1.247496962547302
7.766669803797413	1.247115254402161
7.783336470043043	1.246179819107056
7.800003136288676	1.246466159820557
7.816669802534307	1.246790647506714
7.833336468779938	1.247592449188232
7.85000313502557	1.248947858810425
7.8666698012712	1.250952243804932
7.883336467516831	1.251792192459106
7.900003133762463	1.24938690662384
7.916669800008095	1.248241543769836
7.933336466253725	1.248775959014893
7.950003132499357	1.247554302215576
7.966669798744988	1.247573375701904
7.98333646499062	1.24751603603363
8.00000313123625	1.248413324356079
8.016669797481882	1.251601219177246
8.033336463727514	1.248470544815063
8.050003129973145	1.24869966506958
8.066669796218775	1.249864101409912
8.083336462464407	1.24791693687439
8.100003128710037	1.249463200569153
8.116669794955671	1.249329566955566
8.133336461201301	1.248088836669922
8.150003127446931	1.248413324356079
8.166669793692563	1.250417709350586
8.183336459938195	1.251830339431763
8.200003126183825	1.248298764228821
8.216669792429457	1.249615907669067
8.233336458675089	1.250284075737
8.25000312492072	1.250284075737
8.266669791166349	1.250112295150757
8.283336457411982	1.250398635864258
8.300003123657612	1.248375177383423
8.316669789903246	1.250723123550415
8.333336456148874	1.250914096832275
8.350003122394506	1.251372218132019
8.366669788640138	1.2497878074646
8.38333645488577	1.251944899559021
8.4000031211314	1.252193093299866
8.416669787377032	1.251983046531677
8.433336453622664	1.251811265945435
8.450003119868295	1.252689361572266
8.466669786113924	1.252651214599609
8.483336452359557	1.25087583065033
8.500003118605187	1.249635100364685
8.516669784850821	1.251963973045349
8.533336451096451	1.252861142158508
8.550003117342081	1.253453016281128
8.566669783587713	1.251543998718262
8.583336449833345	1.253491163253784
8.600003116078975	1.253357529640198
8.616669782324607	1.254693746566772
8.633336448570239	1.253071188926697
8.650003114815869	1.253262042999268
8.6666697810615	1.253223896026611
8.683336447307132	1.252536654472351
8.700003113552762	1.25352931022644
8.716669779798394	1.253815650939941
8.733336446044026	1.252097606658936
8.750003112289656	1.254292964935303
8.766669778535288	1.255972862243652
8.78333644478092	1.254732012748718
8.80000311102655	1.256602764129639
8.816669777272182	1.255953669548035
8.833336443517814	1.255094647407532
8.850003109763444	1.25530469417572
8.866669776009076	1.252727627754211
8.883336442254707	1.254846572875977
8.900003108500337	1.254331111907959
8.91666977474597	1.255285620689392
8.933336440991601	1.255915522575378
8.950003107237231	1.253586649894714
8.966669773482863	1.256793618202209
8.983336439728495	1.255629181861877
9.000003105974125	1.255533695220947
9.016669772219757	1.25688910484314
9.033336438465389	1.256450057029724
9.050003104711019	1.25511372089386
9.06666977095665	1.255781888961792
9.083336437202282	1.255648255348206
9.100003103447913	1.255781888961792
9.116669769693544	1.256106495857239
9.133336435939176	1.255667328834534
9.150003102184806	1.257194519042969
9.166669768430438	1.257404565811157
9.18333643467607	1.256965517997742
9.2000031009217	1.259218096733093
9.216669767167332	1.258015394210815
9.233336433412964	1.256087303161621
9.250003099658594	1.258740782737732
9.266669765904226	1.256564617156982
9.283336432149857	1.25826358795166
9.300003098395488	1.256450057029724
9.31666976464112	1.254922866821289
9.333336430886751	1.256679177284241
9.350003097132381	1.258530855178833
9.366669763378013	1.257270932197571
9.383336429623645	1.258015394210815
9.400003095869275	1.256870031356812
9.416669762114907	1.259867072105408
9.433336428360539	1.259103536605835
9.450003094606169	1.259676218032837
9.4666697608518	1.259008049964905
9.483336427097433	1.256220936775208
9.500003093343063	1.257461786270142
9.516669759588694	1.259504437446594
9.533336425834326	1.258187174797058
9.550003092079956	1.259638071060181
9.566669758325588	1.259408950805664
9.58333642457122	1.257919907569885
9.60000309081685	1.259466171264648
9.616669757062482	1.260554313659668
9.633336423308114	1.260611653327942
9.650003089553744	1.259199023246765
9.666669755799376	1.258969902992249
9.683336422045008	1.260096192359924
9.700003088290638	1.260267972946167
9.71666975453627	1.260821580886841
9.733336420781901	1.261031627655029
9.750003087027531	1.259771704673767
9.766669753273163	1.257977247238159
9.783336419518795	1.262253284454346
9.800003085764425	1.259752511978149
9.816669752010057	1.259046196937561
9.833336418255689	1.260172486305237
9.850003084501319	1.260993361473084
9.86666975074695	1.257881760597229
9.883336416992583	1.26112699508667
9.900003083238213	1.25935173034668
9.916669749483844	1.258454442024231
9.933336415729476	1.259027123451233
9.950003081975106	1.260687947273254
9.966669748220738	1.261699676513672
9.98333641446637	1.261241555213928
10.000003080712	1.261680603027344
10.016669746957632	1.25984799861908
10.033336413203264	1.26240599155426
10.050003079448894	1.261203408241272
10.066669745694526	1.261776089668274
10.083336411940158	1.262444257736206
10.100003078185788	1.262253284454346
10.11666974443142	1.261757016181946
10.133336410677051	1.262291550636292
10.150003076922681	1.263761401176453
10.166669743168313	1.262845039367676
10.183336409413945	1.26427686214447
10.200003075659575	1.264219522476196
10.216669741905207	1.264066815376282
10.233336408150839	1.263761401176453
10.250003074396469	1.262921452522278
10.2666697406421	1.262978672981262
10.283336406887733	1.262482404708862
10.300003073133363	1.262635111808777
10.316669739378995	1.26190972328186
10.333336405624626	1.262348771095276
10.350003071870256	1.262253284454346
10.366669738115888	1.261642456054688
10.38333640436152	1.263914108276367
10.40000307060715	1.26299786567688
10.416669736852782	1.261680603027344
10.433336403098414	1.263513207435608
10.450003069344044	1.266090393066406
10.466669735589676	1.265689492225647
10.483336401835308	1.265708565711975
10.500003068080938	1.264429569244385
10.51666973432657	1.263952255249023
10.533336400572201	1.263742327690125
10.550003066817832	1.262291550636292
10.566669733063463	1.262043356895447
10.583336399309095	1.263207793235779
10.600003065554725	1.265975832939148
10.616669731800357	1.26280689239502
10.633336398045989	1.266319394111633
10.650003064291619	1.26645302772522
10.66666973053725	1.265651226043701
10.683336396782883	1.262272357940674
10.700003063028513	1.267063856124878
10.716669729274145	1.264563202857971
10.733336395519776	1.2653648853302
10.750003061765407	1.264792203903198
10.766669728011038	1.265479445457459
10.78333639425667	1.264715909957886
10.8000030605023	1.265479445457459
10.816669726747932	1.265727639198303
10.833336392993564	1.26645302772522
10.850003059239194	1.267483830451965
10.866669725484826	1.265326738357544
10.883336391730458	1.266720294952393
10.900003057976088	1.266720294952393
10.91666972422172	1.26595675945282
10.933336390467352	1.264467716217041
10.950003056712982	1.265498518943787
10.966669722958613	1.265880346298218
10.983336389204245	1.265594005584717
11.000003055449875	1.268362045288086
11.016669721695507	1.266395807266235
11.033336387941139	1.268724679946899
11.050003054186769	1.26496410369873
11.066669720432401	1.266815781593323
11.083336386678033	1.267197489738464
11.100003052923663	1.266930222511292
11.116669719169295	1.267560243606567
11.133336385414927	1.266892075538635
11.150003051660557	1.26645302772522
11.166669717906188	1.268877387046814
11.18333638415182	1.269163727760315
11.20000305039745	1.268342971801758
11.216669716643082	1.266739368438721
11.233336382888714	1.268209338188171
11.250003049134344	1.266643881797791
11.266669715379976	1.267942070960999
11.283336381625608	1.268514752388
11.300003047871238	1.269679188728333
11.31666971411687	1.26782751083374
11.333336380362502	1.269984602928162
11.350003046608132	1.269316434860229
11.366669712853763	1.269908308982849
11.383336379099395	1.270347356796265
11.400003045345025	1.2682284116745
11.416669711590657	1.268495678901672
11.433336377836289	1.268839240074158
11.45000304408192	1.26841926574707
11.466669710327551	1.269316434860229
11.483336376573183	1.270061016082764
11.500003042818813	1.271015524864197
11.516669709064445	1.267560243606567
11.533336375310077	1.27009916305542
11.550003041555707	1.269850969314575
11.566669707801339	1.270461916923523
11.58333637404697	1.270118236541748
11.6000030402926	1.270175576210022
11.616669706538232	1.271569013595581
11.633336372783864	1.273019909858704
11.650003039029494	1.272638082504272
11.666669705275126	1.271988987922668
11.683336371520758	1.272351741790771
11.700003037766388	1.269278287887573
11.71666970401202	1.271530866622925
11.733336370257652	1.273439884185791
11.750003036503282	1.273268103599548
11.766669702748914	1.271798133850098
11.783336368994545	1.272447228431702
11.800003035240175	1.272408962249756
11.816669701485807	1.271110892295837
11.83333636773144	1.272218108177185
11.85000303397707	1.272351741790771
11.866669700222701	1.272504448890686
11.883336366468333	1.271607279777527
11.900003032713963	1.272294521331787
11.916669698959595	1.271950840950012
11.933336365205227	1.271187305450439
11.950003031450857	1.274737954139709
11.966669697696489	1.271817207336426
11.98333636394212	1.271664500236511
12.00000303018775	1.273382544517517
12.016669696433382	1.273554444313049
12.033336362679014	1.272351741790771
12.050003028924644	1.273535251617432
12.066669695170276	1.27177906036377
12.083336361415908	1.272122621536255
12.100003027661538	1.274012565612793
12.11666969390717	1.274375200271606
12.133336360152802	1.274718880653381
12.150003026398432	1.271759986877441
12.166669692644064	1.273401737213135
12.183336358889695	1.274948000907898
12.200003025135326	1.276780605316162
12.216669691380957	1.274050712585449
12.23333635762659	1.272714495658875
12.25000302387222	1.27592146396637
12.266669690117851	1.274909734725952
12.283336356363483	1.276226997375488
12.300003022609113	1.273344397544861
12.316669688854745	1.273439884185791
12.333336355100377	1.274088859558105
12.350003021346007	1.273344397544861
12.366669687591639	1.276207804679871
12.38333635383727	1.275310635566711
12.4000030200829	1.274737954139709
12.416669686328532	1.276914119720459
12.433336352574164	1.2755206823349
12.450003018819794	1.274986147880554
12.466669685065426	1.27542519569397
12.483336351311058	1.277754068374634
12.500003017556688	1.27542519569397
12.51666968380232	1.277066946029663
12.533336350047952	1.277257800102234
12.550003016293582	1.278746843338013
12.566669682539214	1.277525067329407
12.583336348784846	1.276723265647888
12.600003015030476	1.277467727661133
12.616669681276107	1.276666045188904
12.63333634752174	1.276895046234131
12.65000301376737	1.27739143371582
12.666669680013001	1.275463342666626
12.683336346258633	1.27670419216156
12.700003012504263	1.27729594707489
12.716669678749895	1.278498649597168
12.733336344995527	1.277162313461304
12.750003011241157	1.276646971702576
12.766669677486789	1.278097748756409
12.78333634373242	1.280598521232605
12.80000300997805	1.278498649597168
12.816669676223682	1.279433965682983
12.833336342469314	1.279376745223999
12.850003008714944	1.277353286743164
12.866669674960576	1.278861284255981
12.883336341206208	1.278651356697083
12.900003007451838	1.277696847915649
12.91666967369747	1.279224038124084
12.933336339943102	1.27838408946991
12.950003006188732	1.281152129173279
12.966669672434364	1.280159473419189
12.983336338679996	1.278746843338013
13.000003004925626	1.27847957611084
13.016669671171258	1.281381130218506
13.03333633741689	1.281686544418335
13.05000300366252	1.279052257537842
13.066669669908151	1.281075716018677
13.083336336153783	1.282392859458923
13.100003002399413	1.281152129173279
13.116669668645045	1.281820178031921
13.133336334890677	1.280407547950745
13.150003001136307	1.281132936477661
13.166669667381939	1.281591176986694
13.18333633362757	1.281839370727539
13.2000029998732	1.283786416053772
13.216669666118833	1.281323909759521
13.233336332364464	1.282392859458923
13.250002998610094	1.282679200172424
13.266669664855726	1.28430187702179
13.283336331101358	1.283118367195129
13.300002997346988	1.282087445259094
13.31666966359262	1.280808448791504
13.333336329838252	1.284244656562805
13.350002996083882	1.283786416053772
13.366669662329514	1.28390097618103
13.383336328575146	1.282908320426941
13.400002994820776	1.282469272613525
13.416669661066408	1.283557415008545
13.43333632731204	1.284263730049133
13.45000299355767	1.284225463867188
13.466669659803301	1.285313606262207
13.483336326048933	1.282068371772766
13.500002992294563	1.284912705421448
13.516669658540195	1.282832026481628
13.533336324785827	1.283881902694702
13.550002991031457	1.283442854881287
13.566669657277089	1.28548538684845
13.58333632352272	1.283843755722046
13.60000298976835	1.283576488494873
13.616669656013983	1.285542726516724
13.633336322259614	1.284282803535461
13.650002988505245	1.28252649307251
13.666669654750876	1.284072756767273
13.683336320996508	1.283920049667358
13.700002987242138	1.283691048622131
13.71666965348777	1.285981774330139
13.733336319733402	1.285122752189636
13.750002985979032	1.284740924835205
13.766669652224664	1.284817337989807
13.783336318470296	1.286096334457397
13.800002984715926	1.285886287689209
13.816669650961558	1.28676450252533
13.83333631720719	1.285504579544067
13.85000298345282	1.284340023994446
13.866669649698451	1.288520693778992
13.883336315944083	1.287566184997559
13.900002982189713	1.286878943443298
13.916669648435345	1.287814378738403
13.933336314680977	1.286936283111572
13.950002980926607	1.286249041557312
13.966669647172239	1.288215279579163
13.98333631341787	1.289570569992065
14.0000029796635	1.288329839706421
14.016669645909133	1.288463473320007
14.033336312154765	1.288749814033508
14.050002978400395	1.287776231765747
14.066669644646026	1.287718892097473
14.083336310891658	1.289876103401184
14.100002977137288	1.290811419487
14.11666964338292	1.28913152217865
14.133336309628552	1.287394404411316
14.150002975874182	1.287795305252075
14.166669642119814	1.288558840751648
14.183336308365446	1.288119792938232
14.200002974611076	1.288558840751648
14.216669640856708	1.28991425037384
14.23333630710234	1.287661671638489
14.25000297334797	1.287680745124817
14.266669639593601	1.289398789405823
14.283336305839233	1.289417862892151
14.300002972084863	1.291059613227844
14.316669638330495	1.287394404411316
14.333336304576127	1.289704203605652
14.350002970821757	1.28991425037384
14.366669637067389	1.29041051864624
14.38333630331302	1.289895176887512
14.400002969558651	1.289169788360596
14.416669635804283	1.288406133651733
14.433336302049915	1.289398789405823
14.450002968295545	1.289475202560425
14.466669634541176	1.290143370628357
14.483336300786808	1.290544152259827
14.500002967032438	1.289551496505737
14.51666963327807	1.289761543273926
14.533336299523702	1.289570569992065
14.550002965769332	1.291556000709534
14.566669632014964	1.291441440582275
14.583336298260596	1.289417862892151
14.600002964506226	1.291632294654846
14.616669630751858	1.292663097381592
14.63333629699749	1.29336953163147
14.65000296324312	1.290105104446411
14.666669629488752	1.28991425037384
14.683336295734383	1.291918635368347
14.700002961980013	1.290716052055359
14.716669628225645	1.291384100914001
14.733336294471277	1.290868759155273
14.750002960716907	1.291880488395691
14.766669626962539	1.290945053100586
14.78333629320817	1.292434096336365
14.800002959453801	1.292815923690796
14.816669625699433	1.293388605117798
14.833336291945065	1.291956782341003
14.850002958190695	1.29228138923645
14.866669624436327	1.292166829109192
14.883336290681958	1.293140411376953
14.900002956927588	1.294820308685303
14.91666962317322	1.292319536209106
14.933336289418852	1.290735125541687
14.950002955664482	1.293426752090454
14.966669621910114	1.293732166290283
14.983336288155746	1.292204976081848
15.000002954401376	1.291613221168518
15.016669620647008	1.292338609695435
15.03333628689264	1.294973015785217
15.05000295313827	1.292472243309021
15.066669619383902	1.293789386749268
15.083336285629533	1.294075846672058
15.100002951875164	1.293006777763367
15.116669618120795	1.295908451080322
15.133336284366427	1.294266700744629
15.150002950612057	1.293655872344971
15.166669616857689	1.294724822044373
15.183336283103321	1.294152140617371
15.200002949348951	1.294247627258301
15.216669615594583	1.295774817466736
15.233336281840215	1.296099305152893
15.250002948085845	1.296137452125549
15.266669614331477	1.295564770698547
15.283336280577108	1.295068502426147
15.300002946822739	1.297321081161499
15.31666961306837	1.294075846672058
15.333336279314002	1.293522238731384
15.350002945559632	1.29524028301239
15.366669611805264	1.294629335403442
15.383336278050896	1.297301888465881
15.400002944296526	1.296232938766479
15.416669610542158	1.294113993644714
15.43333627678779	1.297321081161499
15.45000294303342	1.296175599098206
15.466669609279052	1.296404719352722
15.483336275524684	1.297359228134155
15.500002941770314	1.295583844184875
15.516669608015945	1.298848152160645
15.533336274261577	1.299020051956177
15.550002940507207	1.298581004142761
15.56666960675284	1.295851111412048
15.583336272998471	1.297531008720398
15.600002939244101	1.296996474266052
15.616669605489733	1.297378301620483
15.633336271735365	1.296404719352722
15.650002937980995	1.298141837120056
15.666669604226627	1.297664642333984
15.683336270472259	1.297989130020142
15.700002936717889	1.299249053001404
15.71666960296352	1.298943638801575
15.733336269209152	1.297931909561157
15.750002935454782	1.297130107879639
15.766669601700414	1.299516320228577
15.783336267946046	1.299096345901489
15.800002934191676	1.300012707710266
15.816669600437308	1.299096345901489
15.83333626668294	1.297645568847656
15.85000293292857	1.297702789306641
15.866669599174202	1.298370957374573
15.883336265419834	1.29819917678833
15.900002931665464	1.299249053001404
15.916669597911095	1.298122763633728
15.933336264156727	1.300814390182495
15.950002930402357	1.298638224601746
15.96666959664799	1.297931909561157
15.983336262893621	1.299115419387817
16.000002929139253	1.297645568847656
16.016669595384883	1.300833582878113
16.033336261630513	1.299229979515076
16.050002927876147	1.297531008720398
16.066669594121777	1.298771858215332
16.083336260367407	1.299325466156006
16.10000292661304	1.300413608551025
16.11666959285867	1.299000978469849
16.1333362591043	1.299249053001404
16.150002925349934	1.301463484764099
16.166669591595564	1.299649953842163
16.183336257841194	1.300776243209839
16.200002924086828	1.300432682037354
16.216669590332458	1.302398920059204
16.233336256578088	1.300699949264526
16.25000292282372	1.303200602531433
16.266669589069352	1.301520705223084
16.283336255314982	1.29978358745575
16.300002921560615	1.302780628204346
16.316669587806246	1.302036166191101
16.333336254051876	1.300909876823425
16.35000292029751	1.302513480186462
16.36666958654314	1.303047895431519
16.38333625278877	1.300299048423767
16.400002919034403	1.303926110267639
16.416669585280033	1.304078817367554
16.433336251525663	1.304861426353455
16.450002917771297	1.304136037826538
16.466669584016927	1.303601503372192
16.483336250262557	1.302036166191101
16.50000291650819	1.302265286445618
16.51666958275382	1.303372502326965
16.53333624899945	1.305033206939697
16.550002915245084	1.303506135940552
16.566669581490714	1.305014133453369
16.583336247736344	1.301539897918701
16.600002913981978	1.302857041358948
16.616669580227608	1.303773283958435
16.633336246473238	1.301501631736755
16.650002912718872	1.304517865180969
16.6666695789645	1.302551627159119
16.683336245210132	1.303696990013123
16.700002911455766	1.305453181266785
16.7166695777014	1.30302882194519
16.733336243947033	1.30402147769928
16.750002910192652	1.302990674972534
16.766669576438282	1.306140422821045
16.783336242683916	1.305319547653198
16.80000290892955	1.302322506904602
16.816669575175183	1.304384231567383
16.833336241420817	1.303754210472107
16.85000290766645	1.306083202362061
16.866669573912084	1.30579686164856
16.8833362401577	1.304193258285522
16.900002906403333	1.306350469589233
16.916669572648967	1.304937839508057
16.9333362388946	1.30657947063446
16.950002905140234	1.306961297988892
16.966669571385868	1.306045055389404
16.983336237631498	1.308412075042725
17.00000290387713	1.30648410320282
17.01666957012275	1.308812975883484
17.033336236368385	1.307114005088806
17.05000290261402	1.304918766021729
17.06666956885965	1.308927536010742
17.083336235105282	1.307228565216064
17.10000290135092	1.309194803237915
17.11666956759655	1.3095383644104
17.133336233842183	1.307419419288635
17.150002900087802	1.307362198829651
17.166669566333432	1.307056784629822
17.183336232579066	1.308221220970154
17.2000028988247	1.309252023696899
17.216669565070333	1.308106660842896
17.233336231315967	1.30698037147522
17.2500028975616	1.305758714675903
17.266669563807234	1.308202147483826
17.28333623005285	1.308698534965515
17.300002896298484	1.307553052902222
17.316669562544117	1.310702919960022
17.333336228789747	1.307362198829651
17.350002895035384	1.308889389038086
17.366669561281018	1.310206532478333
17.383336227526648	1.309862971305847
17.400002893772285	1.308832049369812
17.4166695600179	1.307610392570496
17.43333622626353	1.311752796173096
17.45000289250917	1.311886429786682
17.4666695587548	1.310798287391663
17.483336225000432	1.309385657310486
17.50000289124607	1.309175729751587
17.5166695574917	1.311943769454956
17.533336223737333	1.312554597854614
17.550002889982952	1.3124018907547
17.566669556228582	1.31131374835968
17.583336222474216	1.309691190719604
17.60000288871985	1.309213876724243
17.616669554965483	1.31121826171875
17.633336221211117	1.31121826171875
17.65000288745675	1.309729337692261
17.666669553702384	1.310588359832764
17.683336219948014	1.310951113700867
17.700002886193634	1.311829209327698
17.716669552439267	1.311237454414368
17.733336218684897	1.311046481132507
17.750002884930534	1.309118390083313
17.766669551176168	1.311676502227783
17.783336217421798	1.312554597854614
17.800002883667435	1.311695575714111
17.816669549913065	1.312592744827271
17.83333621615868	1.313890814781189
17.85000288240432	1.310855627059937
17.86666954864995	1.314501762390137
17.883336214895582	1.314119935035706
17.90000288114122	1.312917351722717
17.91666954738685	1.313738107681274
17.933336213632483	1.312287330627441
17.950002879878117	1.311581015586853
17.966669546123732	1.313394546508789
17.983336212369366	1.312611818313599
18.000002878615	1.312325477600098
18.016669544860633	1.314845323562622
18.033336211106267	1.314119935035706
18.0500028773519	1.31181013584137
18.066669543597534	1.311829209327698
18.083336209843164	1.313318133354187
18.100002876088784	1.315322637557983
18.116669542334417	1.31427264213562
18.133336208580047	1.316257953643799
18.150002874825685	1.313509106636047
18.166669541071318	1.313050866127014
18.183336207316948	1.313394546508789
18.200002873562585	1.316067099571228
18.216669539808215	1.315799832344055
18.23333620605383	1.312535524368286
18.25000287229947	1.314558982849121
18.2666695385451	1.312802791595459
18.283336204790732	1.314998030662537
18.30000287103637	1.315284371376038
18.316669537282	1.31308913230896
18.333336203527633	1.312268257141113
18.350002869773267	1.316391587257385
18.366669536018883	1.315704345703125
18.383336202264516	1.313719034194946
18.40000286851015	1.314616322517395
18.416669534755783	1.313566327095032
18.433336201001417	1.315818905830383
18.45000286724705	1.314635396003723
18.466669533492684	1.314520835876465
18.483336199738314	1.316563367843628
18.500002865983934	1.316277027130127
18.516669532229567	1.317078828811646
18.533336198475197	1.315093517303467
18.550002864720835	1.315303444862366
18.566669530966468	1.316296219825745
18.5833361972121	1.318281531333923
18.600002863457735	1.316868901252747
18.616669529703366	1.317517876625061
18.63333619594898	1.315723419189453
18.65000286219462	1.316716194152832
18.66666952844025	1.316391587257385
18.683336194685882	1.317307949066162
18.70000286093152	1.318758726119995
18.71666952717715	1.31772792339325
18.733336193422783	1.3165442943573
18.750002859668417	1.317212462425232
18.766669525914033	1.318606019020081
18.783336192159666	1.318052411079407
18.8000028584053	1.318586945533752
18.816669524650933	1.318281531333923
18.833336190896567	1.319407820701599
18.8500028571422	1.318663239479065
18.866669523387834	1.321087718009949
18.883336189633464	1.319751381874084
18.900002855879084	1.316506147384644
18.916669522124717	1.318472385406494
18.933336188370347	1.31831967830658
18.950002854615985	1.319617748260498
18.96666952086162	1.317956924438477
18.98333618710725	1.3196941614151
19.000002853352886	1.318892359733582
19.016669519598516	1.320896744728088
19.03333618584413	1.320896744728088
19.05000285208977	1.320915818214417
19.0666695183354	1.320724964141846
19.083336184581032	1.319713234901428
19.10000285082667	1.318357825279236
19.1166695170723	1.32028591632843
19.133336183317933	1.321240425109863
19.150002849563567	1.320171356201172
19.166669515809183	1.319885015487671
19.183336182054816	1.321622133255005
19.20000284830045	1.320763111114502
19.216669514546084	1.322843909263611
19.233336180791714	1.322576642036438
19.25000284703735	1.321183085441589
19.266669513282984	1.322404861450195
19.283336179528614	1.323435664176941
19.300002845774234	1.321736693382263
19.316669512019867	1.322901129722595
19.333336178265498	1.320400476455688
19.350002844511135	1.324027538299561
19.366669510756765	1.32324481010437
19.3833361770024	1.321545839309692
19.400002843248036	1.322882056236267
19.416669509493666	1.322443008422852
19.43333617573928	1.324199318885803
19.45000284198492	1.322481274604797
19.46666950823055	1.323512077331543
19.483336174476182	1.32187032699585
19.500002840721816	1.324161052703857
19.51666950696745	1.323951125144959
19.533336173213083	1.323512077331543
19.550002839458717	1.324199318885803
19.566669505704333	1.3233402967453
19.583336171949966	1.325650095939636
19.6000028381956	1.324733853340149
19.616669504441234	1.323912978172302
19.633336170686864	1.32542097568512
19.6500028369325	1.32482922077179
19.666669503178134	1.327043652534485
19.683336169423765	1.324638366699219
19.700002835669384	1.325726509094238
19.716669501915018	1.323493003845215
19.733336168160648	1.326146483421326
19.750002834406285	1.325860142707825
19.766669500651915	1.327654480934143
19.78333616689755	1.326738238334656
19.800002833143186	1.323111176490784
19.816669499388816	1.32561194896698
19.83333616563443	1.325688242912292
19.85000283188007	1.326031923294067
19.8666694981257	1.324065685272217
19.883336164371332	1.326528191566467
19.900002830616966	1.326528191566467
19.9166694968626	1.324810147285461
19.933336163108233	1.32620370388031
19.950002829353867	1.328265428543091
19.966669495599483	1.328819036483765
19.983336161845116	1.324294686317444
20.00000282809075	1.327673554420471
20.016669494336384	1.327406406402588
20.033336160582014	1.328131794929504
20.05000282682765	1.327635407447815
20.066669493073285	1.328933477401733
20.083336159318915	1.326089143753052
20.100002825564534	1.327635407447815
20.116669491810168	1.32738721370697
20.133336158055798	1.327215433120728
20.150002824301435	1.328990817070007
20.166669490547065	1.327005505561829
20.1833361567927	1.329124450683594
20.200002823038336	1.327959895133972
20.216669489283966	1.328265428543091
20.23333615552958	1.329697132110596
20.25000282177522	1.327597260475159
20.26666948802085	1.330212473869324
20.283336154266483	1.331892371177673
20.300002820512116	1.33162522315979
20.31666948675775	1.330747008323669
20.333336153003383	1.330689787864685
20.350002819249017	1.331377029418945
20.366669485494633	1.330117106437683
20.383336151740266	1.331491589546204
20.4000028179859	1.331243395805359
20.416669484231534	1.331777930259705
20.433336150477164	1.332255125045776
20.4500028167228	1.330613374710083
20.466669482968435	1.330098032951355
20.483336149214065	1.331567883491516
20.500002815459684	1.335233092308044
20.516669481705318	1.332675099372864
20.533336147950948	1.331338763237
20.550002814196585	1.333763241767883
20.566669480442215	1.332579612731934
20.58333614668785	1.334774971008301
20.600002812933486	1.333324193954468
20.616669479179116	1.335633993148804
20.63333614542473	1.33212149143219
20.65000281167037	1.332522392272949
20.666669477916	1.335194945335388
20.683336144161633	1.334755897521973
20.700002810407266	1.334087729454041
20.7166694766529	1.331968784332275
20.733336142898533	1.331396102905273
20.750002809144167	1.333763241767883
20.766669475389783	1.331701517105103
20.783336141635417	1.33330500125885
20.80000280788105	1.336531162261963
20.816669474126684	1.333114147186279
20.833336140372314	1.333877801895142
20.85000280661795	1.333744168281555
20.866669472863585	1.335042238235474
20.883336139109215	1.333553194999695
20.900002805354834	1.334183216094971
20.916669471600468	1.333591461181641
20.933336137846098	1.335099458694458
20.950002804091735	1.333877801895142
20.966669470337365	1.332999587059021
20.983336136583	1.337867498397827
21.000002802828636	1.334545850753784
21.016669469074266	1.334030508995056
21.033336135319882	1.337294816970825
21.05000280156552	1.337332963943481
21.06666946781115	1.33626401424408
21.083336134056783	1.338611960411072
21.100002800302416	1.335958480834961
21.11666946654805	1.337142109870911
21.133336132793684	1.338115692138672
21.150002799039317	1.33922290802002
21.166669465284933	1.334736824035645
21.183336131530567	1.340120077133179
21.2000027977762	1.339566469192505
21.216669464021834	1.338440179824829
21.233336130267464	1.339661955833435
21.2500027965131	1.336015820503235
21.266669462758735	1.338745594024658
21.283336129004365	1.339490056037903
21.300002795249984	1.338592886924744
21.316669461495618	1.339165568351746
21.333336127741248	1.33794379234314
21.350002793986885	1.33941376209259
21.366669460232515	1.341074585914612
21.38333612647815	1.343250751495361
21.400002792723786	1.342048168182373
21.416669458969416	1.342792630195618
21.433336125215032	1.340368270874023
21.45000279146067	1.340043663978577
21.4666694577063	1.339967370033264
21.483336123951933	1.34000551700592
21.500002790197566	1.339051008224487
21.5166694564432	1.340349197387695
21.533336122688834	1.342582583427429
21.550002788934467	1.341112732887268
21.566669455180083	1.341055512428284
21.583336121425717	1.342601776123047
21.60000278767135	1.340463638305664
21.616669453916984	1.341895461082459
21.633336120162614	1.344167113304138
21.65000278640825	1.346076011657715
21.66666945265388	1.34286892414093
21.683336118899515	1.346400618553162
21.700002785145134	1.344587087631226
21.716669451390768	1.341360926628113
21.733336117636398	1.345064282417297
21.750002783882035	1.345675110816956
21.766669450127665	1.348805904388428
21.7833361163733	1.344033479690552
21.800002782618932	1.342735409736633
21.816669448864566	1.34750771522522
21.833336115110182	1.34454882144928
21.85000278135582	1.343728065490723
21.86666944760145	1.346973299980164
21.883336113847083	1.347049593925476
21.900002780092716	1.343861699104309
21.91666944633835	1.34286892414093
21.93333611258398	1.345045208930969
21.950002778829617	1.34838593006134
21.966669445075233	1.345636963844299
21.983336111320867	1.346629619598389
22.0000027775665	1.34710693359375
22.016669443812134	1.347927689552307
22.033336110057764	1.347145080566406
22.0500027763034	1.346686959266663
22.06666944254903	1.346553325653076
22.083336108794665	1.34395706653595
22.100002775040284	1.349760293960571
22.116669441285918	1.348424077033997
22.133336107531548	1.348462224006653
22.150002773777185	1.348233222961426
22.166669440022815	1.348614931106567
22.18333610626845	1.347259640693665
22.200002772514082	1.346629619598389
22.216669438759716	1.346954226493835
22.233336105005332	1.347297787666321
22.25000277125097	1.348748564720154
22.2666694374966	1.352356553077698
22.283336103742233	1.351822018623352
22.300002769987866	1.349588513374329
22.3166694362335	1.351382970809937
22.33333610247913	1.351134777069092
22.350002768724767	1.348576784133911
22.366669434970383	1.350333094596863
22.383336101216017	1.349741220474243
22.40000276746165	1.349703073501587
22.416669433707284	1.349855780601501
22.433336099952914	1.350772142410278
22.45000276619855	1.348156809806824
22.46666943244418	1.354055523872375
22.483336098689815	1.351631164550781
22.500002764935434	1.351688385009766
22.516669431181068	1.35056209564209
22.533336097426698	1.353654623031616
22.550002763672335	1.35411274433136
22.566669429917965	1.352661967277527
22.5833360961636	1.35193657875061
22.600002762409233	1.354265570640564
22.616669428654866	1.352452039718628
22.633336094900482	1.352413773536682
22.65000276114612	1.356365323066711
22.66666942739175	1.356995344161987
22.683336093637383	1.355506300926209
22.700002759883017	1.357606172561646
22.71666942612865	1.354341864585876
22.73333609237428	1.351650238037109
22.750002758619917	1.352203845977783
22.766669424865533	1.352241992950439
22.783336091111167	1.351955652236938
22.8000027573568	1.354532718658447
22.816669423602434	1.355716347694397
22.833336089848064	1.353635549545288
22.8500027560937	1.353463768959045
22.86666942233933	1.355563640594482
22.883336088584965	1.352910161018372
22.900002754830584	1.353139281272888
22.916669421076218	1.35607898235321
22.933336087321848	1.359018802642822
22.950002753567485	1.356518149375916
22.966669419813115	1.361672282218933
22.98333608605875	1.35943877696991
23.000002752304383	1.355869054794312
23.016669418550016	1.355735421180725
23.033336084795632	1.360164165496826
23.05000275104127	1.361844062805176
23.0666694172869	1.356193542480469
23.083336083532533	1.359686970710754
23.100002749778167	1.361118674278259
23.1166694160238	1.361080527305603
23.13333608226943	1.357644438743591
23.150002748515067	1.359782457351685
23.166669414760683	1.35794985294342
23.183336081006317	1.362531304359436
23.20000274725195	1.356556296348572
23.216669413497584	1.359190702438354
23.233336079743214	1.357625246047974
23.25000274598885	1.357797145843506
23.26666941223448	1.358522534370422
23.283336078480115	1.363810300827026
23.300002744725735	1.363619446754456
23.316669410971368	1.36367666721344
23.333336077216998	1.364974856376648
23.350002743462635	1.361462354660034
23.366669409708265	1.358789801597595
23.3833360759539	1.36673104763031
23.400002742199533	1.364631175994873
23.416669408445166	1.364841222763062
23.433336074690782	1.366864681243896
23.45000274093642	1.36673104763031
23.46666940718205	1.360488772392273
23.483336073427683	1.362512230873108
23.500002739673317	1.363485813140869
23.51666940591895	1.362645864486694
23.53333607216458	1.361538648605347
23.550002738410218	1.366807460784912
23.566669404655833	1.369518160820007
23.583336070901467	1.369269967079163
23.6000027371471	1.373870611190796
23.616669403392734	1.369899988174438
23.633336069638364	1.367227435112
23.650002735884	1.36909818649292
23.66666940212963	1.364726662635803
23.683336068375265	1.364020347595215
23.700002734620885	1.368067383766174
23.716669400866518	1.365413904190063
23.73333606711215	1.366120219230652
23.750002733357785	1.36613929271698
23.766669399603416	1.365681171417236
23.78333606584905	1.369250893592834
23.800002732094683	1.365700244903564
23.816669398340316	1.367303729057312
23.833336064585932	1.37264883518219
23.85000273083157	1.371293544769287
23.8666693970772	1.374080538749695
23.883336063322833	1.37757396697998
23.900002729568467	1.374653220176697
23.9166693958141	1.373011589050293
23.93333606205973	1.374366879463196
23.950002728305368	1.374576926231384
23.966669394550983	1.377459406852722
23.983336060796617	1.379120230674744
24.00000272704225	1.37875759601593
24.016669393287884	1.375512361526489
24.033336059533514	1.374576926231384
24.05000272577915	1.378814816474915
24.06666939202478	1.379368424415588
24.083336058270415	1.375474095344543
24.100002724516035	1.377803087234497
24.11666939076167	1.378528475761414
24.1333360570073	1.379120230674744
24.150002723252936	1.377955794334412
24.166669389498566	1.374156951904297
24.1833360557442	1.378032207489014
24.200002721989833	1.371331691741943
24.216669388235466	1.371579885482788
24.233336054481082	1.376619458198547
24.25000272072672	1.377344965934753
24.26666938697235	1.388493299484253
24.283336053217983	1.374729633331299
24.300002719463617	1.374939680099487
24.31666938570925	1.378623962402344
24.33333605195488	1.384178996086121
24.350002718200518	1.384312629699707
24.366669384446134	1.380265593528748
24.383336050691767	1.377688527107239
24.4000027169374	1.37619948387146
24.416669383183034	1.375970482826233
24.433336049428664	1.377077698707581
24.4500027156743	1.376543164253235
24.46666938191993	1.377001285552979
24.483336048165565	1.383873581886292
24.500002714411185	1.384904384613037
24.51666938065682	1.377516746520996
24.53333604690245	1.380265593528748
24.550002713148086	1.380227446556091
24.566669379393716	1.382289171218872
24.58333604563935	1.387615203857422
24.600002711884983	1.389772295951843
24.616669378130617	1.387672424316406
24.633336044376232	1.387118816375732
24.65000271062187	1.385018944740295
24.6666693768675	1.387061595916748
24.683336043113133	1.391986727714539
24.700002709358767	1.389791369438171
24.7166693756044	1.392616629600525
24.73333604185003	1.389944076538086
24.750002708095668	1.381735563278198
24.766669374341284	1.388378739356995
24.783336040586917	1.387023329734802
24.80000270683255	1.388607859611511
24.816669373078184	1.384312629699707
24.833336039323815	1.389027833938599
24.85000270556945	1.393914699554443
24.86666937181508	1.383663654327393
24.881329371444732	1.4002525806427
24.881332704777986	1.400195240974426
24.881352704777484	1.399641633033752
24.898019371023118	1.399603486061096
24.914686037268748	1.399622559547424
24.931352703514367	1.399603486061096
24.94801936976	1.399622559547424
24.96468603600563	1.399450778961182
24.981352702251268	1.39956533908844
24.9980193684969	1.399660706520081
25.01468603474253	1.399507999420166
25.03135270098817	1.399622559547424
25.0480193672338	1.39956533908844
25.064686033479415	1.399546146392822
25.081352699725052	1.399546146392822
25.098019365970682	1.39956533908844
25.114686032216316	1.399507999420166
25.13135269846195	1.399450778961182
25.148019364707583	1.399450778961182
25.164686030953217	1.39956533908844
25.18135269719885	1.39956533908844
25.198019363444466	1.399584412574768
25.2146860296901	1.399546146392822
25.2263493627288	1.399527072906494
25.22635269606205	1.399737119674683
25.227159362708335	1.028794169425964
25.243826028953965	1.016059637069702
25.260492695199602	1.014856934547424
25.277159361445232	1.014246106147766
25.293826027690866	1.014036059379578
25.310492693936485	1.013978838920593
25.32715936018212	1.013787984848022
25.34382602642775	1.013807058334351
25.360492692673386	1.013864278793335
25.377159358919016	1.013864278793335
25.39382602516465	1.01401698589325
25.410492691410283	1.013864278793335
25.427159357655917	1.013883352279663
25.443826023901533	1.01401698589325
25.46049269014717	1.014188885688782
25.4771593563928	1.01420795917511
25.493826022638434	1.014246106147766
25.510492688884067	1.014188885688782
25.5271593551297	1.014150619506836
25.54382602137533	1.013978838920593
25.560492687620968	1.013730645179749
25.577159353866584	1.013539791107178
25.593826020112214	1.013253450393677
25.61049268635785	1.013157963752747
25.627159352603485	1.013138890266418
25.643826018849115	1.01292896270752
25.660492685094752	1.012948036193848
25.677159351340382	1.012718915939331
25.693826017586016	1.012318015098572
25.710492683831635	1.011420845985413
25.727159350077265	1.010275483131409
25.7438260163229	1.008920073509216
25.760492682568536	1.007660150527954
25.777159348814166	1.006094813346863
25.7938260150598	1.004949450492859
25.810492681305433	1.003498673439026
25.827159347551067	1.002105116844177
25.843826013796683	1.000482439994812
25.860492680042316	0.9987834692001343
25.87715934628795	0.9969699382781982
25.893826012533584	0.9954427480697632
25.910492678779217	0.9939537644386292
25.92715934502485	0.9922547936439514
25.94382601127048	0.9903267025947571
25.960492677516118	0.9882841110229492
25.977159343761734	0.9860315322875977
25.993826010007364	0.9833399057388306
26.010492676253	0.9803810119628906
26.027159342498635	0.9778420925140381
26.043826008744265	0.9743486642837524
26.060492674989902	0.9724969863891602
26.077159341235532	0.970626175403595
26.093826007481166	0.9684308767318726
26.110492673726785	0.9660637378692627
26.127159339972415	0.9610241055488586
26.14382600621805	0.9557934999465942
26.160492672463686	0.9504483938217163
26.177159338709316	0.9448169469833374
26.19382600495495	0.939662754535675
26.210492671200583	0.934871256351471
26.227159337446217	0.9302324652671814
26.243826003691833	0.9263381361961365
26.260492669937467	0.9224056601524353
26.2771593361831	0.9188931584358215
26.293826002428734	0.9156669974327087
26.310492668674367	0.9114863872528076
26.32715933492	0.9084511399269104
26.34382600116563	0.9058549404144287
26.36049266741127	0.9035641551017761
26.377159333656884	0.900872528553009
26.393825999902514	0.8986390233039856
26.41049266614815	0.8964437246322632
26.427159332393785	0.8943057060241699
26.443825998639415	0.8926448822021484
26.460492664885052	0.8909077048301697
26.477159331130682	0.8891896605491638
26.493825997376316	0.8877770304679871
26.510492663621935	0.8866125345230103
26.527159329867565	0.8851426243782043
26.5438259961132	0.8835009336471558
26.560492662358836	0.8820310235023499
26.577159328604466	0.8803511261940002
26.5938259948501	0.8792248368263245
26.610492661095734	0.8778694868087769
26.627159327341367	0.8766286373138428
26.643825993586983	0.8753496408462524
26.660492659832617	0.8741087913513184
26.67715932607825	0.8727916479110718
26.693825992323884	0.8716080784797668
26.710492658569517	0.8706535696983337
26.72715932481515	0.8696227669715881
26.74382599106078	0.8683246374130249
26.76049265730642	0.8672365546226501
26.777159323552034	0.8659957051277161
26.793825989797664	0.8646403551101685
26.8104926560433	0.8631322383880615
26.827159322288935	0.8617196083068848
26.843825988534565	0.8602688312530518
26.860492654780202	0.8592188954353333
26.877159321025832	0.8582643866539001
26.893825987271466	0.8573671579360962
26.910492653517085	0.8564890623092651
26.927159319762715	0.8554964065551758
26.94382598600835	0.8544846177101135
26.960492652253986	0.8537783026695251
26.977159318499616	0.8529192805290222
26.99382598474525	0.8518693447113037
27.010492650990884	0.8510293960571289
27.027159317236517	0.8496931195259094
27.043825983482133	0.8484331965446472
27.060492649727767	0.847173273563385
27.0771593159734	0.8458752036094666
27.093825982219034	0.8442716598510742
27.110492648464668	0.8427636027336121
27.1271593147103	0.8413509726524353
27.14382598095593	0.8402437567710876
27.16049264720157	0.8393465280532837
27.177159313447184	0.8383347988128662
27.193825979692814	0.8370557427406311
27.21049264593845	0.8360440135002136
27.227159312184085	0.8350131511688232
27.243825978429715	0.8341541290283203
27.260492644675352	0.833199679851532
27.277159310920982	0.8318442702293396
27.293825977166616	0.830488920211792
27.310492643412235	0.8291717171669006
27.327159309657866	0.8280645608901978
27.3438259759035	0.82720547914505
27.360492642149136	0.8260601162910461
27.377159308394766	0.8246284127235413
27.3938259746404	0.8231394290924072
27.410492640886034	0.8216695189476013
27.427159307131667	0.8197605609893799
27.443825973377283	0.8184242844581604
27.460492639622917	0.8166107535362244
27.47715930586855	0.8151026368141174
27.493825972114184	0.8137282133102417
27.510492638359818	0.8124110102653503
27.52715930460545	0.8109601736068726
27.54382597085108	0.8088794350624084
27.56049263709672	0.8069131970405579
27.577159303342334	0.8051760196685791
27.593825969587964	0.8032479882240295
27.6104926358336	0.8016444444656372
27.627159302079235	0.7995254993438721
27.643825968324865	0.7973302006721497
27.660492634570502	0.7951921224594116
27.677159300816133	0.7928441166877747
27.693825967061766	0.7910115122795105
27.710492633307386	0.7883961796760559
27.727159299553016	0.7859718203544617
27.74382596579865	0.7837765216827393
27.760492632044286	0.7811612486839294
27.777159298289916	0.778030514717102
27.79382596453555	0.774766206741333
27.810492630781184	0.7706046104431152
27.827159297026817	0.7664622068405151
27.843825963272433	0.7629878520965576
27.860492629518067	0.7589790225028992
27.8771592957637	0.754149317741394
27.89382596200933	0.7494914531707764
27.910492628254968	0.7453489899635315
27.9271592945006	0.7429437041282654
27.94382596074623	0.7402330040931702
27.96049262699187	0.7375985980033875
27.977159293237484	0.7352505922317505
27.993825959483114	0.7332080006599426
28.01049262572875	0.7322725653648376
28.02715929197438	0.7308217883110046
28.043825958220015	0.7289700508117676
28.060492624465653	0.7274429202079773
28.077159290711283	0.7263357043266296
28.093825956956916	0.7256103157997131
28.110492623202536	0.7247703671455383
28.127159289448166	0.7232241034507751
28.1438259556938	0.7225368618965149
28.160492621939433	0.7219069004058838
28.177159288185067	0.7218305468559265
28.1938259544307	0.7209333181381226
28.210492620676334	0.7197688221931458
28.227159286921967	0.718718945980072
28.243825953167583	0.7178026437759399
28.260492619413217	0.7173253893852234
28.27715928565885	0.7166381478309631
28.29382595190448	0.7154355049133301
28.310492618150118	0.7145955562591553
28.32715928439575	0.7139273881912231
28.34382595064138	0.7138128876686096
28.36049261688702	0.7133547067642212
28.377159283132634	0.7123620510101318
28.393825949378265	0.7115030288696289
28.4104926156239	0.7109876275062561
28.427159281869532	0.7110448479652405
28.443825948115165	0.7105103731155396
28.460492614360803	0.709784984588623
28.477159280606433	0.7090404629707336
28.493825946852066	0.708544135093689
28.5104926130977	0.7087922692298889
28.527159279343316	0.708257794380188
28.54382594558895	0.7075132727622986
28.560492611834583	0.7069024443626404
28.577159278080217	0.7064633369445801
28.59382594432585	0.7066924571990967
28.610492610571484	0.7063488364219666
28.627159276817117	0.7056043148040771
28.643825943062748	0.7050697803497314
28.660492609308367	0.7046880125999451
28.677159275554	0.7049170732498169
28.69382594179963	0.7045353055000305
28.710492608045268	0.7040389776229858
28.7271592742909	0.7032563090324402
28.74382594053653	0.7030271887779236
28.76049260678217	0.7032181024551392
28.7771592730278	0.7029699683189392
28.793825939273415	0.7026263475418091
28.810492605519052	0.7019391059875488
28.827159271764682	0.701710045337677
28.843825938010315	0.7019008994102478
28.860492604255953	0.7016145586967468
28.877159270501583	0.7015572786331177
28.893825936747216	0.7009082436561584
28.91049260299285	0.7005455493927002
28.927159269238466	0.7008318901062012
28.9438259354841	0.7006409764289856
28.960492601729733	0.7005646228790283
28.977159267975367	0.6998010873794556
28.993825934221	0.699571967124939
29.010492600466634	0.6998392343521118
29.027159266712268	0.6994765400886536
29.043825932957898	0.6998774409294128
29.060492599203517	0.6989802122116089
29.07715926544915	0.6986175179481506
29.09382593169478	0.6986365914344788
29.110492597940418	0.6985220313072205
29.12715926418605	0.6987511515617371
29.14382593043168	0.6978539228439331
29.16049259667732	0.6975484490394592
29.17715926292295	0.6976439356803894
29.193825929168565	0.6977393627166748
29.210492595414202	0.6980448365211487
29.227159261659832	0.697185754776001
29.243825927905466	0.6967849135398865
29.260492594151103	0.6968803405761719
29.277159260396733	0.6971285343170166
29.293825926642366	0.6971476078033447
29.310492592888	0.6962694525718689
29.327159259133616	0.696002185344696
29.34382592537925	0.6957731246948242
29.360492591624883	0.6965176463127136
29.377159257870517	0.6963840126991272
29.39382592411615	0.6955822706222534
29.410492590361784	0.6952195167541504
29.427159256607418	0.695162296295166
29.443825922853048	0.6958304047584534
29.460492589098667	0.6957731246948242
29.4771592553443	0.6950477361679077
29.49382592158993	0.6946086883544922
29.510492587835568	0.6944750547409058
29.5271592540812	0.6952386498451233
29.54382592032683	0.6951813697814941
29.56049258657247	0.6944368481636047
29.5771592528181	0.6941314339637756
29.593825919063715	0.6938641667366028
29.610492585309352	0.6946277618408203
29.627159251554982	0.6946468353271484
29.643825917800616	0.6938641667366028
29.660492584046253	0.6935968995094299
29.677159250291883	0.6934441924095154
29.693825916537516	0.6940550804138184
29.71049258278315	0.6940932273864746
29.727159249028766	0.6932914853096008
29.7438259152744	0.6930051445960999
29.760492581520033	0.6930432915687561
29.777159247765667	0.6937496066093445
29.7938259140113	0.6935778260231018
29.810492580256934	0.693024218082428
29.827159246502568	0.6927188038825989
29.843825912748198	0.6926042437553406
29.860492578993817	0.6932724118232727
29.87715924523945	0.693310558795929
29.89382591148508	0.6926233172416687
29.910492577730718	0.6923751831054688
29.92715924397635	0.6923369765281677
29.94382591022198	0.6928905844688416
29.96049257646762	0.6929478645324707
29.97715924271325	0.6922797560691833
29.993825908958865	0.6919552087783813
30.010492575204502	0.6917642951011658
30.027159241450132	0.6923942565917969
30.043825907695766	0.6923942565917969
30.060492573941403	0.6919361352920532
30.077159240187033	0.6915161609649658
30.093825906432667	0.6914779543876648
30.1104925726783	0.6919933557510376
30.127159238923916	0.6919552087783813
30.14382590516955	0.6915925145149231
30.160492571415183	0.6912106871604919
30.177159237660817	0.6911725401878357
30.193825903906447	0.6917261481285095
30.210492570152084	0.6915543079376221
30.227159236397718	0.691535234451294
30.243825902643348	0.6907907128334045
30.260492568888967	0.6909434795379639
30.2771592351346	0.6913443207740784
30.29382590138023	0.691248893737793
30.310492567625868	0.6913061738014221
30.327159233871498	0.69063800573349
30.34382590011713	0.6904852986335754
30.36049256636277	0.6909434795379639
30.3771592326084	0.6908098459243774
30.393825898854015	0.6910579800605774
30.410492565099652	0.6903707385063171
30.427159231345282	0.6903135180473328
30.443825897590916	0.6905807256698608
30.46049256383655	0.6904662251472473
30.477159230082183	0.6909434795379639
30.493825896327817	0.6901035308837891
30.51049256257345	0.6899126172065735
30.527159228819066	0.6901989579200745
30.5438258950647	0.6902562379837036
30.560492561310333	0.690676212310791
30.577159227555967	0.6897599101066589
30.593825893801597	0.6896644234657288
30.610492560047234	0.6897789835929871
30.627159226292868	0.6900462508201599
30.643825892538498	0.6905043721199036
30.660492558784117	0.6896835565567017
30.67715922502975	0.6894162893295288
30.69382589127538	0.6895117163658142
30.710492557521018	0.6900080442428589
30.727159223766648	0.6902943849563599
