0.016666666666666666	1.036
0.03333333333333333	1.031
0.05	1.029
0.06666666666666667	1.029
0.08333333333333333	1.029
0.1	1.029
0.11666666666666667	1.029
0.13333333333333333	1.029
0.15	1.029
0.16666666666666666	1.029
0.18333333333333332	1.029
0.2	1.029
0.21666666666666667	1.028
0.23333333333333334	1.028
0.25	1.028
0.26666666666666666	1.028
0.2833333333333333	1.028
0.3	1.028
0.31666666666666665	1.028
0.3333333333333333	1.028
0.35	1.028
0.36666666666666664	1.028
0.38333333333333336	1.028
0.4	1.028
0.4166666666666667	1.027
0.43333333333333335	1.027
0.45	1.027
0.4666666666666667	1.027
0.48333333333333334	1.027
0.5	1.027
0.5166666666666667	1.027
0.5333333333333333	1.027
0.55	1.027
0.5666666666666667	1.027
0.5833333333333334	1.027
0.6	1.026
0.6166666666666667	1.026
0.6333333333333333	1.026
0.65	1.026
0.6666666666666666	1.026
0.6833333333333333	1.026
0.7	1.026
0.7166666666666667	1.026
0.7333333333333333	1.026
0.75	1.026
0.7666666666666667	1.026
0.7833333333333333	1.025
0.8	1.025
0.8166666666666667	1.025
0.8333333333333334	1.025
0.85	1.025
0.8666666666666667	1.025
0.8833333333333333	1.025
0.9	1.025
0.9166666666666666	1.025
0.9333333333333333	1.025
0.95	1.025
0.9666666666666667	1.025
0.9833333333333333	1.024
1.0	1.024
1.0166666666666666	1.024
1.0333333333333334	1.024
1.05	1.024
1.0666666666666667	1.024
1.0833333333333333	1.024
1.1	1.024
1.1166666666666667	1.024
1.1333333333333333	1.024
1.15	1.024
1.1666666666666667	1.023
1.1833333333333333	1.023
1.2	1.023
1.2166666666666666	1.023
1.2333333333333334	1.023
1.25	1.023
1.2666666666666666	1.023
1.2833333333333334	1.023
1.3	1.023
1.3166666666666667	1.023
1.3333333333333333	1.023
1.35	1.022
1.3666666666666667	1.022
1.3833333333333333	1.022
1.4	1.022
1.4166666666666667	1.022
1.4333333333333333	1.022
1.45	1.022
1.4666666666666666	1.022
1.4833333333333334	1.022
1.5	1.022
1.5166666666666666	1.021
1.5333333333333334	1.021
1.55	1.021
1.5666666666666667	1.021
1.5833333333333333	1.021
1.6	1.021
1.6166666666666667	1.021
1.6333333333333333	1.021
1.65	1.021
1.6666666666666667	1.021
1.6833333333333333	1.02
1.7	1.02
1.7166666666666666	1.02
1.7333333333333334	1.02
1.75	1.02
1.7666666666666666	1.02
1.7833333333333334	1.02
1.8	1.02
1.8166666666666667	1.02
1.8333333333333333	1.02
1.85	1.02
1.8666666666666667	1.02
1.8833333333333333	1.019
1.9	1.019
1.9166666666666667	1.019
1.9333333333333333	1.019
1.95	1.019
1.9666666666666666	1.019
1.9833333333333334	1.019
2.0	1.019
2.0166666666666666	1.019
2.033333333333333	1.019
2.05	1.019
2.066666666666667	1.018
2.0833333333333335	1.018
2.1	1.018
2.1166666666666667	1.018
2.1333333333333333	1.018
2.15	1.018
2.1666666666666665	1.018
2.183333333333333	1.018
2.2	1.018
2.216666666666667	1.018
2.2333333333333334	1.017
2.25	1.017
2.2666666666666666	1.017
2.283333333333333	1.017
2.3	1.017
2.316666666666667	1.017
2.3333333333333335	1.017
2.35	1.017
2.3666666666666667	1.017
2.3833333333333333	1.017
2.4	1.016
2.4166666666666665	1.016
2.433333333333333	1.016
2.45	1.016
2.466666666666667	1.016
2.4833333333333334	1.016
2.5	1.016
2.5166666666666666	1.016
2.533333333333333	1.016
2.55	1.016
2.566666666666667	1.015
2.5833333333333335	1.015
2.6	1.015
2.6166666666666667	1.015
2.6333333333333333	1.015
2.65	1.015
2.6666666666666665	1.015
2.683333333333333	1.015
2.7	1.015
2.716666666666667	1.015
2.7333333333333334	1.014
2.75	1.014
2.7666666666666666	1.014
2.783333333333333	1.014
2.8	1.014
2.816666666666667	1.014
2.8333333333333335	1.014
2.85	1.014
2.8666666666666667	1.014
2.8833333333333333	1.014
2.9	1.013
2.9166666666666665	1.013
2.933333333333333	1.013
2.95	1.013
2.966666666666667	1.013
2.9833333333333334	1.013
3.0	1.013
3.0166666666666666	1.013
3.033333333333333	1.013
3.05	1.013
3.066666666666667	1.012
3.0833333333333335	1.012
3.1	1.012
3.1166666666666667	1.012
3.1333333333333333	1.012
3.15	1.012
3.1666666666666665	1.012
3.183333333333333	1.012
3.2	1.012
3.216666666666667	1.012
3.2333333333333334	1.011
3.25	1.011
3.2666666666666666	1.011
3.283333333333333	1.011
3.3	1.011
3.316666666666667	1.011
3.3333333333333335	1.011
3.35	1.011
3.3666666666666667	1.011
3.3833333333333333	1.01
3.4	1.01
3.4166666666666665	1.01
3.433333333333333	1.01
3.45	1.01
3.466666666666667	1.01
3.4833333333333334	1.01
3.5	1.01
3.5166666666666666	1.01
3.533333333333333	1.009
3.55	1.009
3.566666666666667	1.009
3.5833333333333335	1.009
3.6	1.009
3.6166666666666667	1.009
3.6333333333333333	1.009
3.65	1.009
3.6666666666666665	1.009
3.683333333333333	1.008
3.7	1.008
3.716666666666667	1.008
3.7333333333333334	1.008
3.75	1.008
3.7666666666666666	1.008
3.783333333333333	1.008
3.8	1.008
3.816666666666667	1.008
3.8333333333333335	1.007
3.85	1.007
3.8666666666666667	1.007
3.8833333333333333	1.007
3.9	1.007
3.9166666666666665	1.007
3.933333333333333	1.007
3.95	1.007
3.966666666666667	1.007
3.9833333333333334	1.006
4.0	1.006
4.016666666666667	1.006
4.033333333333333	1.006
4.05	1.006
4.066666666666666	1.006
4.083333333333333	1.006
4.1	1.005
4.116666666666666	1.005
4.133333333333334	1.005
4.15	1.005
4.166666666666667	1.005
4.183333333333334	1.005
4.2	1.005
4.216666666666667	1.005
4.233333333333333	1.005
4.25	1.004
4.266666666666667	1.004
4.283333333333333	1.004
4.3	1.004
4.316666666666666	1.004
4.333333333333333	1.004
4.35	1.004
4.366666666666666	1.004
4.383333333333334	1.003
4.4	1.003
4.416666666666667	1.003
4.433333333333334	1.003
4.45	1.003
4.466666666666667	1.003
4.483333333333333	1.003
4.5	1.003
4.516666666666667	1.003
4.533333333333333	1.002
4.55	1.002
4.566666666666666	1.002
4.583333333333333	1.002
4.6	1.002
4.616666666666666	1.002
4.633333333333334	1.002
4.65	1.001
4.666666666666667	1.001
4.683333333333334	1.001
4.7	1.001
4.716666666666667	1.001
4.733333333333333	1.001
4.75	1.001
4.766666666666667	1.0
4.783333333333333	1.0
4.8	1.0
4.816666666666666	1.0
4.833333333333333	1.0
4.85	0.9998
4.866666666666666	0.9997
4.883333333333334	0.9995
4.9	0.9994
4.916666666666667	0.9993
4.933333333333334	0.9991
4.95	0.9989
4.966666666666667	0.9989
4.983333333333333	0.9987
5.0	0.9986
5.016666666666667	0.9985
5.033333333333333	0.9983
5.05	0.9982
5.066666666666666	0.9981
5.083333333333333	0.9979
5.1	0.9977
5.116666666666666	0.9976
5.133333333333334	0.9974
5.15	0.9973
5.166666666666667	0.9972
5.183333333333334	0.997
5.2	0.9969
5.216666666666667	0.9968
5.233333333333333	0.9965
5.25	0.9964
5.266666666666667	0.9963
5.283333333333333	0.9961
5.3	0.996
5.316666666666666	0.9959
5.333333333333333	0.9957
5.35	0.9956
5.366666666666666	0.9955
5.383333333333334	0.9953
5.4	0.9952
5.416666666666667	0.9951
5.433333333333334	0.9948
5.45	0.9947
5.466666666666667	0.9946
5.483333333333333	0.9943
5.5	0.9942
5.516666666666667	0.9941
5.533333333333333	0.9939
5.55	0.9938
5.566666666666666	0.9937
5.583333333333333	0.9934
5.6	0.9933
5.616666666666666	0.9932
5.633333333333334	0.993
5.65	0.9928
5.666666666666667	0.9927
5.683333333333334	0.9924
5.7	0.9923
5.716666666666667	0.9922
5.733333333333333	0.9919
5.75	0.9917
5.766666666666667	0.9917
5.783333333333333	0.9914
5.8	0.9913
5.816666666666666	0.9912
5.833333333333333	0.991
5.85	0.9908
5.866666666666666	0.9907
5.883333333333334	0.9905
5.9	0.9903
5.916666666666667	0.9902
5.933333333333334	0.99
5.95	0.9898
5.966666666666667	0.9897
5.983333333333333	0.9894
6.0	0.9893
6.016666666666667	0.9892
6.033333333333333	0.9889
6.05	0.9887
6.066666666666666	0.9886
6.083333333333333	0.9883
6.1	0.9882
6.116666666666666	0.9881
6.133333333333334	0.9879
6.15	0.9877
6.166666666666667	0.9876
6.183333333333334	0.9874
6.2	0.9872
6.216666666666667	0.987
6.233333333333333	0.9867
6.25	0.9865
6.266666666666667	0.9864
6.283333333333333	0.9862
6.3	0.986
6.316666666666666	0.9859
6.333333333333333	0.9857
6.35	0.9855
6.366666666666666	0.9853
6.383333333333334	0.985
6.4	0.9848
6.416666666666667	0.9847
6.433333333333334	0.9844
6.45	0.9842
6.466666666666667	0.9841
6.483333333333333	0.9838
6.5	0.9836
6.516666666666667	0.9835
6.533333333333333	0.9832
6.55	0.983
6.566666666666666	0.9829
6.583333333333333	0.9826
6.6	0.9824
6.616666666666666	0.9823
6.633333333333334	0.982
6.65	0.9818
6.666666666666667	0.9816
6.683333333333334	0.9813
6.7	0.9811
6.716666666666667	0.9809
6.733333333333333	0.9807
6.75	0.9804
6.766666666666667	0.9803
6.783333333333333	0.98
6.8	0.9798
6.816666666666666	0.9797
6.833333333333333	0.9794
6.85	0.9792
6.866666666666666	0.9791
6.883333333333334	0.9788
6.9	0.9785
6.916666666666667	0.9783
6.933333333333334	0.9781
6.95	0.9778
6.966666666666667	0.9776
6.983333333333333	0.9773
7.0	0.977
7.016666666666667	0.9769
7.033333333333333	0.9766
7.05	0.9764
7.066666666666666	0.9762
7.083333333333333	0.9758
7.1	0.9756
7.116666666666666	0.9754
7.133333333333334	0.9751
7.15	0.9749
7.166666666666667	0.9748
7.183333333333334	0.9744
7.2	0.9742
7.216666666666667	0.974
7.233333333333333	0.9736
7.25	0.9733
7.266666666666667	0.9732
7.283333333333333	0.9729
7.3	0.9726
7.316666666666666	0.9724
7.333333333333333	0.9721
7.35	0.9717
7.366666666666666	0.9716
7.383333333333334	0.9712
7.4	0.9709
7.416666666666667	0.9708
7.433333333333334	0.9704
7.45	0.9702
7.466666666666667	0.97
7.483333333333333	0.9697
7.5	0.9694
7.516666666666667	0.9692
7.533333333333333	0.9688
7.55	0.9685
7.566666666666666	0.9683
7.583333333333333	0.9679
7.6	0.9677
7.616666666666666	0.9675
7.633333333333334	0.9671
7.65	0.9668
7.666666666666667	0.9665
7.683333333333334	0.9661
7.7	0.9658
7.716666666666667	0.9656
7.733333333333333	0.9652
7.75	0.9649
7.766666666666667	0.9646
7.783333333333333	0.9642
7.8	0.964
7.816666666666666	0.9638
7.833333333333333	0.9635
7.85	0.9631
7.866666666666666	0.9628
7.883333333333334	0.9624
7.9	0.9621
7.916666666666667	0.9619
7.933333333333334	0.9616
7.95	0.9612
7.966666666666667	0.9609
7.983333333333333	0.9605
8.0	0.9602
8.016666666666667	0.9599
8.033333333333333	0.9595
8.05	0.9592
8.066666666666666	0.959
8.083333333333334	0.9585
8.1	0.958
8.116666666666667	0.9578
8.133333333333333	0.9574
8.15	0.9571
8.166666666666666	0.9568
8.183333333333334	0.9564
8.2	0.9561
8.216666666666667	0.9557
8.233333333333333	0.9553
8.25	0.9549
8.266666666666667	0.9546
8.283333333333333	0.9541
8.3	0.9538
8.316666666666666	0.9536
8.333333333333334	0.9531
8.35	0.9527
8.366666666666667	0.9524
8.383333333333333	0.9519
8.4	0.9515
8.416666666666666	0.9513
8.433333333333334	0.9508
8.45	0.9504
8.466666666666667	0.95
8.483333333333333	0.9496
8.5	0.9492
8.516666666666667	0.9488
8.533333333333333	0.9484
8.55	0.948
8.566666666666666	0.9477
8.583333333333334	0.9472
8.6	0.9468
8.616666666666667	0.9465
8.633333333333333	0.946
8.65	0.9456
8.666666666666666	0.9453
8.683333333333334	0.9448
8.7	0.9444
8.716666666666667	0.944
8.733333333333333	0.9435
8.75	0.9431
8.766666666666667	0.9428
8.783333333333333	0.9422
8.8	0.9418
8.816666666666666	0.9415
8.833333333333334	0.9411
8.85	0.9406
8.866666666666667	0.9403
8.883333333333333	0.9397
8.9	0.9394
8.916666666666666	0.939
8.933333333333334	0.9384
8.95	0.9379
8.966666666666667	0.9376
8.983333333333333	0.9371
9.0	0.9366
9.016666666666667	0.9364
9.033333333333333	0.936
9.05	0.9354
9.066666666666666	0.935
9.083333333333334	0.9345
9.1	0.9341
9.116666666666667	0.9337
9.133333333333333	0.9332
9.15	0.9328
9.166666666666666	0.9325
9.183333333333334	0.932
9.2	0.9316
9.216666666666667	0.9312
9.233333333333333	0.9306
9.25	0.9301
9.266666666666667	0.9298
9.283333333333333	0.9293
9.3	0.9289
9.316666666666666	0.9285
9.333333333333334	0.928
9.35	0.9276
9.366666666666667	0.9272
9.383333333333333	0.9267
9.4	0.9262
9.416666666666666	0.9259
9.433333333333334	0.9254
9.45	0.9249
9.466666666666667	0.9245
9.483333333333333	0.924
9.5	0.9236
9.516666666666667	0.9233
9.533333333333333	0.9227
9.55	0.9222
9.566666666666666	0.9218
9.583333333333334	0.9213
9.6	0.9209
9.616666666666667	0.9205
9.633333333333333	0.9201
9.65	0.9197
9.666666666666666	0.9193
9.683333333333334	0.9188
9.7	0.9183
9.716666666666667	0.9179
9.733333333333333	0.9174
9.75	0.917
9.766666666666667	0.9166
9.783333333333333	0.9162
9.8	0.9158
9.816666666666666	0.9154
9.833333333333334	0.9148
9.85	0.9145
9.866666666666667	0.9142
9.883333333333333	0.9137
9.9	0.9133
9.916666666666666	0.9129
9.933333333333334	0.9124
9.95	0.912
9.966666666666667	0.9116
9.983333333333333	0.9111
10.0	0.9108
10.016666666666667	0.9106
10.033333333333333	0.91
10.05	0.9095
10.066666666666666	0.9091
10.083333333333334	0.9086
10.1	0.9082
10.116666666666667	0.9079
10.133333333333333	0.9075
10.15	0.907
10.166666666666666	0.9067
10.183333333333334	0.9062
10.2	0.9058
10.216666666666667	0.9055
10.233333333333333	0.905
10.25	0.9046
10.266666666666667	0.9043
10.283333333333333	0.9038
10.3	0.9035
10.316666666666666	0.9031
10.333333333333334	0.9027
10.35	0.9023
10.366666666666667	0.9021
10.383333333333333	0.9016
10.4	0.9011
10.416666666666666	0.9008
10.433333333333334	0.9003
10.45	0.9
10.466666666666667	0.8997
10.483333333333333	0.8992
10.5	0.8988
10.516666666666667	0.8985
10.533333333333333	0.8981
10.55	0.8977
10.566666666666666	0.8974
10.583333333333334	0.8969
10.6	0.8966
10.616666666666667	0.8963
10.633333333333333	0.8959
10.65	0.8954
10.666666666666666	0.8951
10.683333333333334	0.8948
10.7	0.8944
10.716666666666667	0.8941
10.733333333333333	0.8936
10.75	0.8933
10.766666666666667	0.893
10.783333333333333	0.8925
10.8	0.8922
10.816666666666666	0.8919
10.833333333333334	0.8915
10.85	0.8911
10.866666666666667	0.8908
10.883333333333333	0.8903
10.9	0.89
10.916666666666666	0.8898
10.933333333333334	0.8893
10.95	0.8889
10.966666666666667	0.8886
10.983333333333333	0.8883
11.0	0.888
11.016666666666667	0.8877
11.033333333333333	0.8872
11.05	0.8868
11.066666666666666	0.8866
11.083333333333334	0.8862
11.1	0.8858
11.116666666666667	0.8856
11.133333333333333	0.8852
11.15	0.8849
11.166666666666666	0.8846
11.183333333333334	0.8842
11.2	0.8839
11.216666666666667	0.8836
11.233333333333333	0.8832
11.25	0.8829
11.266666666666667	0.8826
11.283333333333333	0.8822
11.3	0.8819
11.316666666666666	0.8816
11.333333333333334	0.8812
11.35	0.8808
11.366666666666667	0.8805
11.383333333333333	0.8801
11.4	0.8798
11.416666666666666	0.8796
11.433333333333334	0.8792
11.45	0.8789
11.466666666666667	0.8787
11.483333333333333	0.8782
11.5	0.8778
11.516666666666667	0.8776
11.533333333333333	0.8772
11.55	0.8769
11.566666666666666	0.8766
11.583333333333334	0.8762
11.6	0.8759
11.616666666666667	0.8757
11.633333333333333	0.8753
11.65	0.875
11.666666666666666	0.8748
11.683333333333334	0.8744
11.7	0.8741
11.716666666666667	0.8739
11.733333333333333	0.8734
11.75	0.8731
11.766666666666667	0.8729
11.783333333333333	0.8725
11.8	0.8722
11.816666666666666	0.8719
11.833333333333334	0.8715
11.85	0.8712
11.866666666666667	0.871
11.883333333333333	0.8706
11.9	0.8702
11.916666666666666	0.87
11.933333333333334	0.8696
11.95	0.8693
11.966666666666667	0.8691
11.983333333333333	0.8687
12.0	0.8683
12.016666666666667	0.8681
12.033333333333333	0.8678
12.05	0.8675
12.066666666666666	0.8672
12.083333333333334	0.8668
12.1	0.8665
12.116666666666667	0.8663
12.133333333333333	0.866
12.15	0.8657
12.166666666666666	0.8654
12.183333333333334	0.865
12.2	0.8647
12.216666666666667	0.8645
12.233333333333333	0.8641
12.25	0.8638
12.266666666666667	0.8635
12.283333333333333	0.8631
12.3	0.8628
12.316666666666666	0.8626
12.333333333333334	0.8623
12.35	0.862
12.366666666666667	0.8617
12.383333333333333	0.8614
12.4	0.8611
12.416666666666666	0.8608
12.433333333333334	0.8604
12.45	0.8601
12.466666666666667	0.8599
12.483333333333333	0.8595
12.5	0.8593
12.516666666666667	0.859
12.533333333333333	0.8586
12.55	0.8583
12.566666666666666	0.858
12.583333333333334	0.8577
12.6	0.8574
12.616666666666667	0.8572
12.633333333333333	0.8569
12.65	0.8566
12.666666666666666	0.8564
12.683333333333334	0.856
12.7	0.8557
12.716666666666667	0.8555
12.733333333333333	0.8551
12.75	0.8548
12.766666666666667	0.8546
12.783333333333333	0.8542
12.8	0.8539
12.816666666666666	0.8537
12.833333333333334	0.8534
12.85	0.8531
12.866666666666667	0.8528
12.883333333333333	0.8525
12.9	0.8522
12.916666666666666	0.852
12.933333333333334	0.8517
12.95	0.8514
12.966666666666667	0.8512
12.983333333333333	0.8508
13.0	0.8505
13.016666666666667	0.8503
13.033333333333333	0.8499
13.05	0.8496
13.066666666666666	0.8494
13.083333333333334	0.849
13.1	0.8487
13.116666666666667	0.8485
13.133333333333333	0.8481
13.15	0.8478
13.166666666666666	0.8476
13.183333333333334	0.8472
13.2	0.8469
13.216666666666667	0.8467
13.233333333333333	0.8464
13.25	0.8461
13.266666666666667	0.8459
13.283333333333333	0.8455
13.3	0.8452
13.316666666666666	0.845
13.333333333333334	0.8446
13.35	0.8443
13.366666666666667	0.8441
13.383333333333333	0.8437
13.4	0.8434
13.416666666666666	0.8432
13.433333333333334	0.8429
13.45	0.8426
13.466666666666667	0.8424
13.483333333333333	0.842
13.5	0.8417
13.516666666666667	0.8415
13.533333333333333	0.8411
13.55	0.8407
13.566666666666666	0.8406
13.583333333333334	0.8402
13.6	0.8399
13.616666666666667	0.8397
13.633333333333333	0.8394
13.65	0.839
13.666666666666666	0.8388
13.683333333333334	0.8384
13.7	0.8381
13.716666666666667	0.8379
13.733333333333333	0.8375
13.75	0.8372
13.766666666666667	0.837
13.783333333333333	0.8366
13.8	0.8364
13.816666666666666	0.8362
13.833333333333334	0.8358
13.85	0.8355
13.866666666666667	0.8352
13.883333333333333	0.8348
13.9	0.8344
13.916666666666666	0.8342
13.933333333333334	0.8339
13.95	0.8337
13.966666666666667	0.8335
13.983333333333333	0.8331
14.0	0.8328
14.016666666666667	0.8326
14.033333333333333	0.8322
14.05	0.8318
14.066666666666666	0.8316
14.083333333333334	0.8312
14.1	0.8309
14.116666666666667	0.8307
14.133333333333333	0.8303
14.15	0.83
14.166666666666666	0.8298
14.183333333333334	0.8294
14.2	0.8291
14.216666666666667	0.8289
14.233333333333333	0.8285
14.25	0.8282
14.266666666666667	0.8281
14.283333333333333	0.8277
14.3	0.8274
14.316666666666666	0.8272
14.333333333333334	0.8268
14.35	0.8264
14.366666666666667	0.8262
14.383333333333333	0.8258
14.4	0.8255
14.416666666666666	0.8252
14.433333333333334	0.8249
14.45	0.8246
14.466666666666667	0.8243
14.483333333333333	0.8239
14.5	0.8236
14.516666666666667	0.8233
14.533333333333333	0.8229
14.55	0.8226
14.566666666666666	0.8223
14.583333333333334	0.8219
14.6	0.8216
14.616666666666667	0.8214
14.633333333333333	0.8211
14.65	0.8208
14.666666666666666	0.8206
14.683333333333334	0.8201
14.7	0.8198
14.716666666666667	0.8195
14.733333333333333	0.8191
14.75	0.8187
14.766666666666667	0.8185
14.783333333333333	0.8181
14.8	0.8178
14.816666666666666	0.8176
14.833333333333334	0.8172
14.85	0.8169
14.866666666666667	0.8166
14.883333333333333	0.8162
14.9	0.8158
14.916666666666666	0.8156
14.933333333333334	0.8152
14.95	0.8149
14.966666666666667	0.8147
14.983333333333333	0.8143
15.0	0.8139
15.016666666666667	0.8137
15.033333333333333	0.8132
15.05	0.8128
15.066666666666666	0.8125
15.083333333333334	0.8122
15.1	0.8119
15.116666666666667	0.8117
15.133333333333333	0.8113
15.15	0.811
15.166666666666666	0.8107
15.183333333333334	0.8102
15.2	0.8099
15.216666666666667	0.8096
15.233333333333333	0.8091
15.25	0.8088
15.266666666666667	0.8086
15.283333333333333	0.8082
15.3	0.8077
15.316666666666666	0.8074
15.333333333333334	0.807
15.35	0.8067
15.366666666666667	0.8065
15.383333333333333	0.8061
15.4	0.8057
15.416666666666666	0.8054
15.433333333333334	0.8049
15.45	0.8045
15.466666666666667	0.8043
15.483333333333333	0.8039
15.5	0.8036
15.516666666666667	0.8033
15.533333333333333	0.8028
15.55	0.8024
15.566666666666666	0.8021
15.583333333333334	0.8017
15.6	0.8014
15.616666666666667	0.8011
15.633333333333333	0.8006
15.65	0.8002
15.666666666666666	0.7999
15.683333333333334	0.7995
15.7	0.7992
15.716666666666667	0.7989
15.733333333333333	0.7984
15.75	0.7979
15.766666666666667	0.7976
15.783333333333333	0.7972
15.8	0.7968
15.816666666666666	0.7966
15.833333333333334	0.7961
15.85	0.7956
15.866666666666667	0.7954
15.883333333333333	0.7949
15.9	0.7946
15.916666666666666	0.7943
15.933333333333334	0.7939
15.95	0.7934
15.966666666666667	0.7931
15.983333333333333	0.7926
16.0	0.7922
16.016666666666666	0.7919
16.033333333333335	0.7914
16.05	0.7909
16.066666666666666	0.7906
16.083333333333332	0.7901
16.1	0.7897
16.116666666666667	0.7895
16.133333333333333	0.789
16.15	0.7885
16.166666666666668	0.7882
16.183333333333334	0.7877
16.2	0.7873
16.216666666666665	0.7869
16.233333333333334	0.7864
16.25	0.7859
16.266666666666666	0.7856
16.283333333333335	0.785
16.3	0.7846
16.316666666666666	0.7843
16.333333333333332	0.7838
16.35	0.7834
16.366666666666667	0.7831
16.383333333333333	0.7826
16.4	0.7821
16.416666666666668	0.7817
16.433333333333334	0.7812
16.45	0.7807
16.466666666666665	0.7803
16.483333333333334	0.7799
16.5	0.7794
16.516666666666666	0.779
16.533333333333335	0.7785
16.55	0.778
16.566666666666666	0.7776
16.583333333333332	0.7771
16.6	0.7766
16.616666666666667	0.7763
16.633333333333333	0.7757
16.65	0.7752
16.666666666666668	0.7748
16.683333333333334	0.7742
16.7	0.7737
16.716666666666665	0.7734
16.733333333333334	0.7728
16.75	0.7723
16.766666666666666	0.772
16.783333333333335	0.7713
16.8	0.7707
16.816666666666666	0.7703
16.833333333333332	0.7698
16.85	0.7692
16.866666666666667	0.7687
16.883333333333333	0.7682
16.9	0.7677
16.916666666666668	0.7674
16.933333333333334	0.7668
16.95	0.7662
16.966666666666665	0.7657
16.983333333333334	0.7652
17.0	0.7646
17.016666666666666	0.7641
17.033333333333335	0.7635
17.05	0.763
17.066666666666666	0.7625
17.083333333333332	0.7619
17.1	0.7613
17.116666666666667	0.761
17.133333333333333	0.7603
17.15	0.7598
17.166666666666668	0.7592
17.183333333333334	0.7587
17.2	0.758
17.216666666666665	0.7575
17.233333333333334	0.757
17.25	0.7563
17.266666666666666	0.7558
17.283333333333335	0.7551
17.3	0.7546
17.316666666666666	0.7541
17.333333333333332	0.7534
17.35	0.7526
17.366666666666667	0.7521
17.383333333333333	0.7515
17.4	0.7509
17.416666666666668	0.7503
17.433333333333334	0.7496
17.45	0.7489
17.466666666666665	0.7484
17.483333333333334	0.7478
17.5	0.7472
17.516666666666666	0.7467
17.533333333333335	0.746
17.55	0.7452
17.566666666666666	0.7446
17.583333333333332	0.7439
17.6	0.7432
17.616666666666667	0.7426
17.633333333333333	0.7418
17.65	0.7411
17.666666666666668	0.7405
17.683333333333334	0.7398
17.7	0.7392
17.716666666666665	0.7386
17.733333333333334	0.7379
17.75	0.7371
17.766666666666666	0.7366
17.783333333333335	0.7357
17.8	0.735
17.816666666666666	0.7343
17.833333333333332	0.7335
17.85	0.7327
17.866666666666667	0.7321
17.883333333333333	0.7314
17.9	0.7305
17.916666666666668	0.7298
17.933333333333334	0.7289
17.95	0.7281
17.966666666666665	0.7275
17.983333333333334	0.7266
18.0	0.7258
18.016666666666666	0.7251
18.033333333333335	0.7243
18.05	0.7234
18.066666666666666	0.7228
18.083333333333332	0.7218
18.1	0.721
18.116666666666667	0.7203
18.133333333333333	0.7194
18.15	0.7186
18.166666666666668	0.7178
18.183333333333334	0.7168
18.2	0.7159
18.216666666666665	0.7151
18.233333333333334	0.7143
18.25	0.7133
18.266666666666666	0.7124
18.283333333333335	0.7115
18.3	0.7106
18.316666666666666	0.7098
18.333333333333332	0.7088
18.35	0.7078
18.366666666666667	0.7069
18.383333333333333	0.706
18.4	0.7049
18.416666666666668	0.7041
18.433333333333334	0.7032
18.45	0.7021
18.466666666666665	0.7012
18.483333333333334	0.7001
18.5	0.6992
18.516666666666666	0.6983
18.533333333333335	0.6973
18.55	0.6962
18.566666666666666	0.6953
18.583333333333332	0.6942
18.6	0.6932
18.616666666666667	0.6921
18.633333333333333	0.691
18.65	0.6899
18.666666666666668	0.689
18.683333333333334	0.6877
18.7	0.6867
18.716666666666665	0.6857
18.733333333333334	0.6845
18.75	0.6833
18.766666666666666	0.6821
18.783333333333335	0.6808
18.8	0.6797
18.816666666666666	0.6786
18.833333333333332	0.6772
18.85	0.676
18.866666666666667	0.6749
18.883333333333333	0.6737
18.9	0.6724
18.916666666666668	0.6713
18.933333333333334	0.67
18.95	0.6685
18.966666666666665	0.6674
18.983333333333334	0.6659
19.0	0.6645
19.016666666666666	0.6633
19.033333333333335	0.6619
19.05	0.6607
19.066666666666666	0.6593
19.083333333333332	0.6578
19.1	0.6565
19.116666666666667	0.655
19.133333333333333	0.6533
19.15	0.6519
19.166666666666668	0.6503
19.183333333333334	0.6485
19.2	0.647
19.216666666666665	0.6457
19.233333333333334	0.644
19.25	0.6423
19.266666666666666	0.6406
19.283333333333335	0.639
19.3	0.6374
19.316666666666666	0.6359
19.333333333333332	0.634
19.35	0.6321
19.366666666666667	0.6304
19.383333333333333	0.6287
19.4	0.6266
19.416666666666668	0.6247
19.433333333333334	0.6228
19.45	0.6206
19.466666666666665	0.619
19.483333333333334	0.6169
19.5	0.6147
19.516666666666666	0.6126
19.533333333333335	0.6104
19.55	0.6083
19.566666666666666	0.6061
19.583333333333332	0.6038
19.6	0.6015
19.616666666666667	0.5991
19.633333333333333	0.5966
19.65	0.5943
19.666666666666668	0.592
19.683333333333334	0.5894
19.7	0.5869
19.716666666666665	0.5845
19.733333333333334	0.5816
19.75	0.579
19.766666666666666	0.5765
19.783333333333335	0.5737
19.8	0.5709
19.816666666666666	0.568
19.833333333333332	0.5652
19.85	0.5623
19.866666666666667	0.5593
19.883333333333333	0.5562
19.9	0.5533
19.916666666666668	0.5504
19.933333333333334	0.5472
19.95	0.5443
19.966666666666665	0.5414
19.983333333333334	0.5378
20.0	0.5342
20.016666666666666	0.5312
20.033333333333335	0.5277
20.05	0.5245
20.066666666666666	0.5214
20.083333333333332	0.5179
20.1	0.5144
20.116666666666667	0.5116
20.133333333333333	0.508
20.15	0.5045
20.166666666666668	0.501
20.183333333333334	0.4977
20.2	0.4942
20.216666666666665	0.491
20.233333333333334	0.4877
20.25	0.4843
20.266666666666666	0.4812
20.283333333333335	0.478
20.3	0.4747
20.316666666666666	0.4716
20.333333333333332	0.4684
20.35	0.4654
20.366666666666667	0.4625
20.383333333333333	0.4597
20.4	0.457
20.416666666666668	0.4543
20.433333333333334	0.452
20.45	0.4495
20.466666666666665	0.4469
20.483333333333334	0.4446
20.5	0.4422
20.516666666666666	0.4401
20.533333333333335	0.4381
20.55	0.436
20.566666666666666	0.4344
20.583333333333332	0.4326
20.6	0.4305
20.616666666666667	0.4291
20.633333333333333	0.4275
20.65	0.4259
20.666666666666668	0.4246
20.683333333333334	0.4231
20.7	0.4217
20.716666666666665	0.4205
20.733333333333334	0.4192
20.75	0.418
20.766666666666666	0.4169
20.783333333333335	0.4157
20.8	0.4146
20.816666666666666	0.4137
20.833333333333332	0.4125
20.85	0.4115
20.866666666666667	0.4108
20.883333333333333	0.4099
20.9	0.409
20.916666666666668	0.4084
20.933333333333334	0.4075
20.95	0.4066
20.966666666666665	0.4059
20.983333333333334	0.4052
21.0	0.4044
21.016666666666666	0.4039
21.033333333333335	0.4031
21.05	0.4024
21.066666666666666	0.4019
21.083333333333332	0.4013
21.1	0.4007
21.116666666666667	0.4003
21.133333333333333	0.3996
21.15	0.3991
21.166666666666668	0.3988
21.183333333333334	0.3983
21.2	0.3978
21.216666666666665	0.3975
21.233333333333334	0.3969
21.25	0.3964
21.266666666666666	0.3961
21.283333333333335	0.3955
21.3	0.3951
21.316666666666666	0.3948
21.333333333333332	0.3944
21.35	0.394
21.366666666666667	0.3937
21.383333333333333	0.3933
21.4	0.3929
21.416666666666668	0.3927
21.433333333333334	0.3922
21.45	0.3918
21.466666666666665	0.3915
21.483333333333334	0.3912
21.5	0.3908
21.516666666666666	0.3906
21.533333333333335	0.3902
21.55	0.3898
21.566666666666666	0.3897
21.583333333333332	0.3893
21.6	0.3889
21.616666666666667	0.3887
21.633333333333333	0.3883
21.65	0.388
21.666666666666668	0.3878
21.683333333333334	0.3874
21.7	0.3871
21.716666666666665	0.3869
21.733333333333334	0.3865
21.75	0.3862
21.766666666666666	0.386
21.783333333333335	0.3856
21.8	0.3853
21.816666666666666	0.3851
21.833333333333332	0.3848
21.85	0.3846
21.866666666666667	0.3844
21.883333333333333	0.3841
21.9	0.3837
21.916666666666668	0.3835
21.933333333333334	0.3832
21.95	0.3829
21.966666666666665	0.3828
21.983333333333334	0.3824
22.0	0.3822
22.016666666666666	0.3821
22.033333333333335	0.3817
22.05	0.3814
22.066666666666666	0.3812
22.083333333333332	0.3808
22.1	0.3806
22.116666666666667	0.3804
22.133333333333333	0.3801
22.15	0.3798
22.166666666666668	0.3797
22.183333333333334	0.3793
22.2	0.379
22.216666666666665	0.3789
22.233333333333334	0.3786
22.25	0.3783
22.266666666666666	0.3782
22.283333333333335	0.3778
22.3	0.3774
22.316666666666666	0.3773
22.333333333333332	0.377
22.35	0.3767
22.366666666666667	0.3765
22.383333333333333	0.3762
22.4	0.3759
22.416666666666668	0.3758
22.433333333333334	0.3755
22.45	0.3752
22.466666666666665	0.3751
22.483333333333334	0.3748
22.5	0.3744
22.516666666666666	0.3743
22.533333333333335	0.374
22.55	0.3737
22.566666666666666	0.3737
22.583333333333332	0.3734
22.6	0.3731
22.616666666666667	0.3728
22.633333333333333	0.3725
22.65	0.3721
22.666666666666668	0.3721
22.683333333333334	0.3719
22.7	0.3716
22.716666666666665	0.3715
22.733333333333334	0.3711
22.75	0.3708
22.766666666666666	0.3706
22.783333333333335	0.3704
22.8	0.3701
22.816666666666666	0.37
22.833333333333332	0.3696
22.85	0.3693
22.866666666666667	0.3693
22.883333333333333	0.369
22.9	0.3686
22.916666666666668	0.3683
22.933333333333334	0.3681
22.95	0.3678
22.966666666666665	0.3677
22.983333333333334	0.3673
23.0	0.3671
23.016666666666666	0.367
23.033333333333335	0.3667
23.05	0.3664
23.066666666666666	0.3662
23.083333333333332	0.3659
23.1	0.3655
23.116666666666667	0.3654
23.133333333333333	0.3651
23.15	0.3648
23.166666666666668	0.3647
23.183333333333334	0.3645
23.2	0.3641
23.216666666666665	0.3639
23.233333333333334	0.3636
23.25	0.3633
23.266666666666666	0.3632
23.283333333333335	0.363
23.3	0.3627
23.316666666666666	0.3625
23.333333333333332	0.3621
23.35	0.3618
23.366666666666667	0.3617
23.383333333333333	0.3613
23.4	0.361
23.416666666666668	0.3609
23.433333333333334	0.3606
23.45	0.3603
23.466666666666665	0.3602
23.483333333333334	0.3599
23.5	0.3595
23.516666666666666	0.3594
23.533333333333335	0.3591
23.55	0.3587
23.566666666666666	0.3585
23.583333333333332	0.3582
23.6	0.358
23.616666666666667	0.3579
23.633333333333333	0.3576
23.65	0.3572
23.666666666666668	0.357
23.683333333333334	0.3567
23.7	0.3563
23.716666666666665	0.3562
23.733333333333334	0.3559
23.75	0.3556
23.766666666666666	0.3555
23.783333333333335	0.3551
23.8	0.3547
23.816666666666666	0.3546
23.833333333333332	0.3542
23.85	0.3539
23.866666666666667	0.3538
23.883333333333333	0.3535
23.9	0.3531
23.916666666666668	0.3531
23.933333333333334	0.3528
23.95	0.3524
23.966666666666665	0.3522
23.983333333333334	0.3519
24.0	0.3516
24.016666666666666	0.3514
24.033333333333335	0.3511
24.05	0.3508
24.066666666666666	0.3507
24.083333333333332	0.3503
24.1	0.3499
24.116666666666667	0.3498
24.133333333333333	0.3496
24.15	0.3492
24.166666666666668	0.3491
24.183333333333334	0.3487
24.2	0.3484
24.216666666666665	0.3484
24.233333333333334	0.348
24.25	0.3477
24.266666666666666	0.3475
24.283333333333335	0.3472
24.3	0.3468
24.316666666666666	0.3467
24.333333333333332	0.3463
24.35	0.346
24.366666666666667	0.3459
24.383333333333333	0.3456
24.4	0.3451
24.416666666666668	0.345
24.433333333333334	0.3447
24.45	0.3443
24.466666666666665	0.3442
24.483333333333334	0.3439
24.5	0.3436
24.516666666666666	0.3434
24.533333333333335	0.3431
24.55	0.3427
24.566666666666666	0.3425
24.583333333333332	0.3422
24.6	0.3418
24.616666666666667	0.3416
24.633333333333333	0.3414
24.65	0.3411
24.666666666666668	0.3409
24.683333333333334	0.3405
24.7	0.3401
24.716666666666665	0.34
24.733333333333334	0.3397
24.75	0.3393
24.766666666666666	0.3392
24.783333333333335	0.3389
24.8	0.3385
24.816666666666666	0.3384
24.833333333333332	0.338
24.85	0.3376
24.866666666666667	0.3374
24.883333333333333	0.3371
24.9	0.3367
24.916666666666668	0.3365
24.933333333333334	0.3362
24.95	0.3358
24.966666666666665	0.3356
24.983333333333334	0.3353
25.0	0.3349
25.016666666666666	0.3348
25.033333333333335	0.3345
25.05	0.334
25.066666666666666	0.3339
25.083333333333332	0.3335
25.1	0.3332
25.116666666666667	0.3331
25.133333333333333	0.3328
25.15	0.3323
25.166666666666668	0.3321
25.183333333333334	0.3318
25.2	0.3314
25.216666666666665	0.3312
25.233333333333334	0.3308
25.25	0.3304
25.266666666666666	0.3302
25.283333333333335	0.3299
25.3	0.3295
25.316666666666666	0.3294
25.333333333333332	0.329
25.35	0.3286
25.366666666666667	0.3285
25.383333333333333	0.328
25.4	0.3276
25.416666666666668	0.3275
25.433333333333334	0.327
25.45	0.3265
25.466666666666665	0.3264
25.483333333333334	0.3261
25.5	0.3257
25.516666666666666	0.3255
25.533333333333335	0.3252
25.55	0.3248
25.566666666666666	0.3247
25.583333333333332	0.3244
25.6	0.324
25.616666666666667	0.3239
25.633333333333333	0.3235
25.65	0.3229
25.666666666666668	0.3228
25.683333333333334	0.3225
25.7	0.322
25.716666666666665	0.3219
25.733333333333334	0.3215
25.75	0.3211
25.766666666666666	0.321
25.783333333333335	0.3206
25.8	0.3201
25.816666666666666	0.3199
25.833333333333332	0.3194
25.85	0.3189
25.866666666666667	0.3188
25.883333333333333	0.3184
25.9	0.318
25.916666666666668	0.3178
25.933333333333334	0.3174
25.95	0.3169
25.966666666666665	0.3167
25.983333333333334	0.3163
26.0	0.3159
26.016666666666666	0.3157
26.033333333333335	0.3154
26.05	0.3148
26.066666666666666	0.3146
26.083333333333332	0.3143
26.1	0.3139
26.116666666666667	0.3137
26.133333333333333	0.3133
26.15	0.3128
26.166666666666668	0.3126
26.183333333333334	0.3122
26.2	0.3117
26.216666666666665	0.3115
26.233333333333334	0.3112
26.25	0.3108
26.266666666666666	0.3105
26.283333333333335	0.3101
26.3	0.3095
26.316666666666666	0.3093
26.333333333333332	0.3089
26.35	0.3084
26.366666666666667	0.3083
26.383333333333333	0.308
26.4	0.3075
26.416666666666668	0.3072
26.433333333333334	0.3068
26.45	0.3063
26.466666666666665	0.306
26.483333333333334	0.3056
26.5	0.3051
26.516666666666666	0.3048
26.533333333333335	0.3045
26.55	0.3041
26.566666666666666	0.3039
26.583333333333332	0.3034
26.6	0.3027
26.616666666666667	0.3025
26.633333333333333	0.302
26.65	0.3015
26.666666666666668	0.3013
26.683333333333334	0.301
26.7	0.3004
26.716666666666665	0.3002
26.733333333333334	0.2997
26.75	0.299
26.766666666666666	0.2988
26.783333333333335	0.2983
26.8	0.2979
26.816666666666666	0.2977
26.833333333333332	0.2974
26.85	0.297
26.866666666666667	0.2966
26.883333333333333	0.296
26.9	0.2954
26.916666666666668	0.2952
26.933333333333334	0.2947
26.95	0.2941
26.966666666666665	0.2939
26.983333333333334	0.2936
27.0	0.293
27.016666666666666	0.2928
27.033333333333335	0.2922
27.05	0.2915
27.066666666666666	0.2913
27.083333333333332	0.2909
27.1	0.2903
27.116666666666667	0.2901
27.133333333333333	0.2895
27.15	0.2889
27.166666666666668	0.2886
27.183333333333334	0.288
27.2	0.2873
27.216666666666665	0.2871
27.233333333333334	0.2866
27.25	0.286
27.266666666666666	0.2858
27.283333333333335	0.2854
27.3	0.2847
27.316666666666666	0.2842
27.333333333333332	0.2836
27.35	0.2829
27.366666666666667	0.2827
27.383333333333333	0.2822
27.4	0.2816
27.416666666666668	0.2814
27.433333333333334	0.281
27.45	0.2805
27.466666666666665	0.2801
27.483333333333334	0.2793
27.5	0.2784
27.516666666666666	0.2782
27.533333333333335	0.2778
27.55	0.2771
27.566666666666666	0.2768
27.583333333333332	0.2764
27.6	0.2757
27.616666666666667	0.2753
27.633333333333333	0.2745
27.65	0.2737
27.666666666666668	0.2734
27.683333333333334	0.273
27.7	0.2721
27.716666666666665	0.2718
27.733333333333334	0.2714
27.75	0.2707
27.766666666666666	0.2701
27.783333333333335	0.2695
27.8	0.2686
27.816666666666666	0.2682
27.833333333333332	0.2677
27.85	0.267
27.866666666666667	0.267
27.883333333333333	0.2664
27.9	0.2653
27.916666666666668	0.2646
27.933333333333334	0.2639
27.95	0.263
27.966666666666665	0.2628
27.983333333333334	0.2622
28.0	0.2612
28.016666666666666	0.2609
28.033333333333335	0.2603
28.05	0.2593
28.066666666666666	0.2588
28.083333333333332	0.258
28.1	0.2568
28.116666666666667	0.2565
28.133333333333333	0.2558
28.15	0.2549
28.166666666666668	0.2544
28.183333333333334	0.254
28.2	0.253
28.216666666666665	0.2524
28.233333333333334	0.2516
28.25	0.2504
28.266666666666666	0.25
28.283333333333335	0.2492
28.3	0.248
28.316666666666666	0.2474
28.333333333333332	0.2467
28.35	0.2456
28.366666666666667	0.2454
28.383333333333333	0.2447
28.4	0.2436
28.416666666666668	0.2429
28.433333333333334	0.2417
28.45	0.2402
28.466666666666665	0.2396
28.483333333333334	0.2389
28.5	0.2377
28.516666666666666	0.2372
28.533333333333335	0.2364
28.55	0.2348
28.566666666666666	0.2341
28.583333333333332	0.233
28.6	0.2312
28.616666666666667	0.2307
28.633333333333333	0.2299
28.65	0.2283
28.666666666666668	0.2274
28.683333333333334	0.2263
28.7	0.2247
28.716666666666665	0.2241
28.733333333333334	0.2228
28.75	0.2211
28.766666666666666	0.2206
28.783333333333335	0.2191
28.8	0.2168
28.816666666666666	0.2157
28.833333333333332	0.2142
28.85	0.2119
28.866666666666667	0.211
28.883333333333333	0.2099
28.9	0.2075
28.916666666666668	0.2061
28.933333333333334	0.2048
28.95	0.2032
28.966666666666665	0.2017
28.983333333333334	0.2
29.0	0.1971
29.016666666666666	0.1959
29.033333333333335	0.1942
29.05	0.1916
29.066666666666666	0.1899
29.083333333333332	0.1876
29.1	0.184
29.116666666666667	0.1813
29.133333333333333	0.1796
29.15	0.1767
29.166666666666668	0.1746
29.183333333333334	0.1711
29.2	0.1658
29.216666666666665	0.1626
29.233333333333334	0.1602
29.25	0.156
29.266666666666666	0.1536
29.283333333333335	0.151
29.3	0.1453
29.316666666666666	0.1412
29.333333333333332	0.1354
29.35	0.1272
29.366666666666667	0.1212
29.383333333333333	0.1139
29.4	0.104
29.416666666666668	0.09615
29.433333333333334	0.08599
29.45	0.07384
29.45	0.05332
29.466666666666665	0.06557
29.483333333333334	0.0665
29.5	0.07699
29.516666666666666	0.05306
