0.016666666666666666	1.044
0.03333333333333333	1.04
0.05	1.04
0.06666666666666667	1.04
0.08333333333333333	1.04
0.1	1.04
0.11666666666666667	1.039
0.13333333333333333	1.039
0.15	1.039
0.16666666666666666	1.039
0.18333333333333332	1.038
0.2	1.038
0.21666666666666667	1.038
0.23333333333333334	1.037
0.25	1.037
0.26666666666666666	1.037
0.2833333333333333	1.037
0.3	1.036
0.31666666666666665	1.036
0.3333333333333333	1.036
0.35	1.036
0.36666666666666664	1.035
0.38333333333333336	1.035
0.4	1.035
0.4166666666666667	1.034
0.43333333333333335	1.034
0.45	1.034
0.4666666666666667	1.034
0.48333333333333334	1.033
0.5	1.033
0.5166666666666667	1.033
0.5333333333333333	1.033
0.55	1.032
0.5666666666666667	1.032
0.5833333333333334	1.032
0.6	1.032
0.6166666666666667	1.031
0.6333333333333333	1.031
0.65	1.031
0.6666666666666666	1.031
0.6833333333333333	1.03
0.7	1.03
0.7166666666666667	1.03
0.7333333333333333	1.029
0.75	1.029
0.7666666666666667	1.029
0.7833333333333333	1.029
0.8	1.029
0.8166666666666667	1.028
0.8333333333333334	1.028
0.85	1.028
0.8666666666666667	1.027
0.8833333333333333	1.027
0.9	1.027
0.9166666666666666	1.027
0.9333333333333333	1.026
0.95	1.026
0.9666666666666667	1.026
0.9833333333333333	1.026
1.0	1.025
1.0166666666666666	1.025
1.0333333333333334	1.025
1.05	1.025
1.0666666666666667	1.024
1.0833333333333333	1.024
1.1	1.024
1.1166666666666667	1.023
1.1333333333333333	1.023
1.15	1.023
1.1666666666666667	1.023
1.1833333333333333	1.022
1.2	1.022
1.2166666666666666	1.022
1.2333333333333334	1.022
1.25	1.021
1.2666666666666666	1.021
1.2833333333333334	1.021
1.3	1.02
1.3166666666666667	1.02
1.3333333333333333	1.02
1.35	1.02
1.3666666666666667	1.019
1.3833333333333333	1.019
1.4	1.019
1.4166666666666667	1.018
1.4333333333333333	1.018
1.45	1.018
1.4666666666666666	1.018
1.4833333333333334	1.017
1.5	1.017
1.5166666666666666	1.017
1.5333333333333334	1.017
1.55	1.016
1.5666666666666667	1.016
1.5833333333333333	1.016
1.6	1.015
1.6166666666666667	1.015
1.6333333333333333	1.015
1.65	1.015
1.6666666666666667	1.014
1.6833333333333333	1.014
1.7	1.014
1.7166666666666666	1.013
1.7333333333333334	1.013
1.75	1.013
1.7666666666666666	1.013
1.7833333333333334	1.012
1.8	1.012
1.8166666666666667	1.012
1.8333333333333333	1.011
1.85	1.011
1.8666666666666667	1.011
1.8833333333333333	1.01
1.9	1.01
1.9166666666666667	1.01
1.9333333333333333	1.009
1.95	1.009
1.9666666666666666	1.009
1.9833333333333334	1.008
2.0	1.008
2.0166666666666666	1.008
2.033333333333333	1.008
2.05	1.007
2.066666666666667	1.007
2.0833333333333335	1.007
2.1	1.006
2.1166666666666667	1.006
2.1333333333333333	1.006
2.15	1.005
2.1666666666666665	1.005
2.183333333333333	1.005
2.2	1.004
2.216666666666667	1.004
2.2333333333333334	1.004
2.25	1.003
2.2666666666666666	1.003
2.283333333333333	1.003
2.3	1.002
2.316666666666667	1.002
2.3333333333333335	1.002
2.35	1.001
2.3666666666666667	1.001
2.3833333333333333	1.001
2.4	1.0
2.4166666666666665	1.0
2.433333333333333	0.9996
2.45	0.9992
2.466666666666667	0.9988
2.4833333333333334	0.9986
2.5	0.9982
2.5166666666666666	0.9978
2.533333333333333	0.9975
2.55	0.9973
2.566666666666667	0.9969
2.5833333333333335	0.9965
2.6	0.9961
2.6166666666666667	0.9957
2.6333333333333333	0.9954
2.65	0.995
2.6666666666666665	0.9946
2.683333333333333	0.9943
2.7	0.994
2.716666666666667	0.9936
2.7333333333333334	0.9932
2.75	0.9928
2.7666666666666666	0.9924
2.783333333333333	0.9921
2.8	0.9918
2.816666666666667	0.9913
2.8333333333333335	0.991
2.85	0.9907
2.8666666666666667	0.9903
2.8833333333333333	0.9898
2.9	0.9895
2.9166666666666665	0.9891
2.933333333333333	0.9888
2.95	0.9884
2.966666666666667	0.9879
2.9833333333333334	0.9876
3.0	0.9874
3.0166666666666666	0.9869
3.033333333333333	0.9864
3.05	0.986
3.066666666666667	0.9857
3.0833333333333335	0.9853
3.1	0.9849
3.1166666666666667	0.9845
3.1333333333333333	0.9842
3.15	0.9839
3.1666666666666665	0.9834
3.183333333333333	0.9829
3.2	0.9826
3.216666666666667	0.9821
3.2333333333333334	0.9818
3.25	0.9814
3.2666666666666666	0.981
3.283333333333333	0.9806
3.3	0.9802
3.316666666666667	0.9798
3.3333333333333335	0.9794
3.35	0.9791
3.3666666666666667	0.9786
3.3833333333333333	0.9782
3.4	0.9779
3.4166666666666665	0.9774
3.433333333333333	0.977
3.45	0.9766
3.466666666666667	0.9762
3.4833333333333334	0.9758
3.5	0.9755
3.5166666666666666	0.975
3.533333333333333	0.9746
3.55	0.9743
3.566666666666667	0.9738
3.5833333333333335	0.9733
3.6	0.973
3.6166666666666667	0.9726
3.6333333333333333	0.9722
3.65	0.9718
3.6666666666666665	0.9714
3.683333333333333	0.971
3.7	0.9706
3.716666666666667	0.9702
3.7333333333333334	0.9698
3.75	0.9695
3.7666666666666666	0.969
3.783333333333333	0.9685
3.8	0.9682
3.816666666666667	0.9678
3.8333333333333335	0.9674
3.85	0.9671
3.8666666666666667	0.9667
3.8833333333333333	0.9663
3.9	0.9659
3.9166666666666665	0.9655
3.933333333333333	0.9651
3.95	0.9647
3.966666666666667	0.9643
3.9833333333333334	0.9639
4.0	0.9636
4.016666666666667	0.9632
4.033333333333333	0.9627
4.05	0.9624
4.066666666666666	0.962
4.083333333333333	0.9617
4.1	0.9613
4.116666666666666	0.9607
4.133333333333334	0.9604
4.15	0.9601
4.166666666666667	0.9596
4.183333333333334	0.9592
4.2	0.9589
4.216666666666667	0.9585
4.233333333333333	0.9581
4.25	0.9577
4.266666666666667	0.9573
4.283333333333333	0.957
4.3	0.9566
4.316666666666666	0.9561
4.333333333333333	0.9558
4.35	0.9555
4.366666666666666	0.9551
4.383333333333334	0.9547
4.4	0.9543
4.416666666666667	0.9539
4.433333333333334	0.9536
4.45	0.9532
4.466666666666667	0.9528
4.483333333333333	0.9524
4.5	0.9521
4.516666666666667	0.9517
4.533333333333333	0.9513
4.55	0.9509
4.566666666666666	0.9506
4.583333333333333	0.9502
4.6	0.9498
4.616666666666666	0.9494
4.633333333333334	0.949
4.65	0.9487
4.666666666666667	0.9483
4.683333333333334	0.9479
4.7	0.9476
4.716666666666667	0.9473
4.733333333333333	0.9469
4.75	0.9466
4.766666666666667	0.9462
4.783333333333333	0.9459
4.8	0.9456
4.816666666666666	0.9451
4.833333333333333	0.9448
4.85	0.9445
4.866666666666666	0.9441
4.883333333333334	0.9438
4.9	0.9435
4.916666666666667	0.9431
4.933333333333334	0.9428
4.95	0.9424
4.966666666666667	0.942
4.983333333333333	0.9416
5.0	0.9413
5.016666666666667	0.9409
5.033333333333333	0.9406
5.05	0.9403
5.066666666666666	0.9399
5.083333333333333	0.9396
5.1	0.9394
5.116666666666666	0.939
5.133333333333334	0.9386
5.15	0.9383
5.166666666666667	0.938
5.183333333333334	0.9377
5.2	0.9373
5.216666666666667	0.9369
5.233333333333333	0.9366
5.25	0.9363
5.266666666666667	0.9361
5.283333333333333	0.9357
5.3	0.9353
5.316666666666666	0.9349
5.333333333333333	0.9346
5.35	0.9344
5.366666666666666	0.934
5.383333333333334	0.9336
5.4	0.9334
5.416666666666667	0.9331
5.433333333333334	0.9328
5.45	0.9325
5.466666666666667	0.9321
5.483333333333333	0.9317
5.5	0.9315
5.516666666666667	0.9311
5.533333333333333	0.9308
5.55	0.9305
5.566666666666666	0.9301
5.583333333333333	0.9298
5.6	0.9296
5.616666666666666	0.9292
5.633333333333334	0.9289
5.65	0.9286
5.666666666666667	0.9283
5.683333333333334	0.9279
5.7	0.9277
5.716666666666667	0.9273
5.733333333333333	0.927
5.75	0.9268
5.766666666666667	0.9264
5.783333333333333	0.9262
5.8	0.9259
5.816666666666666	0.9255
5.833333333333333	0.9252
5.85	0.925
5.866666666666666	0.9246
5.883333333333334	0.9243
5.9	0.924
5.916666666666667	0.9237
5.933333333333334	0.9235
5.95	0.9232
5.966666666666667	0.9229
5.983333333333333	0.9226
6.0	0.9223
6.016666666666667	0.922
6.033333333333333	0.9217
6.05	0.9214
6.066666666666666	0.9211
6.083333333333333	0.9208
6.1	0.9205
6.116666666666666	0.9202
6.133333333333334	0.9199
6.15	0.9197
6.166666666666667	0.9193
6.183333333333334	0.919
6.2	0.9188
6.216666666666667	0.9185
6.233333333333333	0.9182
6.25	0.9179
6.266666666666667	0.9176
6.283333333333333	0.9173
6.3	0.9171
6.316666666666666	0.9168
6.333333333333333	0.9165
6.35	0.9162
6.366666666666666	0.9159
6.383333333333334	0.9156
6.4	0.9154
6.416666666666667	0.9151
6.433333333333334	0.9148
6.45	0.9146
6.466666666666667	0.9142
6.483333333333333	0.914
6.5	0.9138
6.516666666666667	0.9135
6.533333333333333	0.9132
6.55	0.9129
6.566666666666666	0.9126
6.583333333333333	0.9123
6.6	0.9121
6.616666666666666	0.9118
6.633333333333334	0.9115
6.65	0.9113
6.666666666666667	0.9109
6.683333333333334	0.9107
6.7	0.9106
6.716666666666667	0.9103
6.733333333333333	0.9099
6.75	0.9097
6.766666666666667	0.9093
6.783333333333333	0.9091
6.8	0.9089
6.816666666666666	0.9086
6.833333333333333	0.9083
6.85	0.908
6.866666666666666	0.9077
6.883333333333334	0.9075
6.9	0.9073
6.916666666666667	0.907
6.933333333333334	0.9067
6.95	0.9065
6.966666666666667	0.9061
6.983333333333333	0.9059
7.0	0.9057
7.016666666666667	0.9054
7.033333333333333	0.9051
7.05	0.9049
7.066666666666666	0.9046
7.083333333333333	0.9044
7.1	0.9042
7.116666666666666	0.9039
7.133333333333334	0.9036
7.15	0.9033
7.166666666666667	0.903
7.183333333333334	0.9028
7.2	0.9026
7.216666666666667	0.9023
7.233333333333333	0.902
7.25	0.9018
7.266666666666667	0.9015
7.283333333333333	0.9013
7.3	0.9011
7.316666666666666	0.9007
7.333333333333333	0.9005
7.35	0.9002
7.366666666666666	0.9
7.383333333333334	0.8997
7.4	0.8995
7.416666666666667	0.8992
7.433333333333334	0.899
7.45	0.8988
7.466666666666667	0.8985
7.483333333333333	0.8982
7.5	0.898
7.516666666666667	0.8977
7.533333333333333	0.8975
7.55	0.8973
7.566666666666666	0.8969
7.583333333333333	0.8967
7.6	0.8965
7.616666666666666	0.8963
7.633333333333334	0.896
7.65	0.8958
7.666666666666667	0.8955
7.683333333333334	0.8953
7.7	0.8951
7.716666666666667	0.8948
7.733333333333333	0.8946
7.75	0.8943
7.766666666666667	0.894
7.783333333333333	0.8938
7.8	0.8936
7.816666666666666	0.8933
7.833333333333333	0.8931
7.85	0.8929
7.866666666666666	0.8926
7.883333333333334	0.8923
7.9	0.8921
7.916666666666667	0.8918
7.933333333333334	0.8916
7.95	0.8914
7.966666666666667	0.8911
7.983333333333333	0.8909
8.0	0.8907
8.016666666666667	0.8903
8.033333333333333	0.8901
8.05	0.8899
8.066666666666666	0.8896
8.083333333333334	0.8894
8.1	0.8892
8.116666666666667	0.8889
8.133333333333333	0.8887
8.15	0.8885
8.166666666666666	0.8882
8.183333333333334	0.888
8.2	0.8878
8.216666666666667	0.8875
8.233333333333333	0.8872
8.25	0.887
8.266666666666667	0.8868
8.283333333333333	0.8866
8.3	0.8864
8.316666666666666	0.8861
8.333333333333334	0.8858
8.35	0.8856
8.366666666666667	0.8854
8.383333333333333	0.8852
8.4	0.885
8.416666666666666	0.8847
8.433333333333334	0.8844
8.45	0.8842
8.466666666666667	0.8839
8.483333333333333	0.8837
8.5	0.8835
8.516666666666667	0.8833
8.533333333333333	0.883
8.55	0.8828
8.566666666666666	0.8825
8.583333333333334	0.8823
8.6	0.8821
8.616666666666667	0.8819
8.633333333333333	0.8816
8.65	0.8814
8.666666666666666	0.8811
8.683333333333334	0.8809
8.7	0.8807
8.716666666666667	0.8804
8.733333333333333	0.8802
8.75	0.88
8.766666666666667	0.8797
8.783333333333333	0.8794
8.8	0.8792
8.816666666666666	0.879
8.833333333333334	0.8787
8.85	0.8786
8.866666666666667	0.8783
8.883333333333333	0.8781
8.9	0.8779
8.916666666666666	0.8776
8.933333333333334	0.8773
8.95	0.8771
8.966666666666667	0.8768
8.983333333333333	0.8766
9.0	0.8764
9.016666666666667	0.8762
9.033333333333333	0.8759
9.05	0.8757
9.066666666666666	0.8754
9.083333333333334	0.8752
9.1	0.875
9.116666666666667	0.8747
9.133333333333333	0.8745
9.15	0.8743
9.166666666666666	0.874
9.183333333333334	0.8738
9.2	0.8736
9.216666666666667	0.8733
9.233333333333333	0.8731
9.25	0.8729
9.266666666666667	0.8726
9.283333333333333	0.8724
9.3	0.8723
9.316666666666666	0.872
9.333333333333334	0.8717
9.35	0.8715
9.366666666666667	0.8712
9.383333333333333	0.871
9.4	0.8708
9.416666666666666	0.8705
9.433333333333334	0.8703
9.45	0.8701
9.466666666666667	0.8698
9.483333333333333	0.8695
9.5	0.8694
9.516666666666667	0.8691
9.533333333333333	0.8689
9.55	0.8687
9.566666666666666	0.8684
9.583333333333334	0.8682
9.6	0.868
9.616666666666667	0.8677
9.633333333333333	0.8675
9.65	0.8673
9.666666666666666	0.867
9.683333333333334	0.8668
9.7	0.8666
9.716666666666667	0.8663
9.733333333333333	0.8661
9.75	0.8659
9.766666666666667	0.8656
9.783333333333333	0.8654
9.8	0.8652
9.816666666666666	0.8649
9.833333333333334	0.8647
9.85	0.8645
9.866666666666667	0.8642
9.883333333333333	0.8639
9.9	0.8638
9.916666666666666	0.8635
9.933333333333334	0.8632
9.95	0.863
9.966666666666667	0.8628
9.983333333333333	0.8626
10.0	0.8624
10.016666666666667	0.8621
10.033333333333333	0.8618
10.05	0.8616
10.066666666666666	0.8613
10.083333333333334	0.8611
10.1	0.8609
10.116666666666667	0.8607
10.133333333333333	0.8604
10.15	0.8602
10.166666666666666	0.8599
10.183333333333334	0.8597
10.2	0.8596
10.216666666666667	0.8593
10.233333333333333	0.8591
10.25	0.8588
10.266666666666667	0.8585
10.283333333333333	0.8582
10.3	0.8581
10.316666666666666	0.8578
10.333333333333334	0.8576
10.35	0.8574
10.366666666666667	0.8571
10.383333333333333	0.8569
10.4	0.8567
10.416666666666666	0.8564
10.433333333333334	0.8561
10.45	0.8559
10.466666666666667	0.8556
10.483333333333333	0.8554
10.5	0.8552
10.516666666666667	0.8549
10.533333333333333	0.8547
10.55	0.8545
10.566666666666666	0.8542
10.583333333333334	0.8539
10.6	0.8537
10.616666666666667	0.8534
10.633333333333333	0.8532
10.65	0.853
10.666666666666666	0.8527
10.683333333333334	0.8525
10.7	0.8523
10.716666666666667	0.8519
10.733333333333333	0.8517
10.75	0.8515
10.766666666666667	0.8512
10.783333333333333	0.851
10.8	0.8508
10.816666666666666	0.8505
10.833333333333334	0.8502
10.85	0.8501
10.866666666666667	0.8498
10.883333333333333	0.8495
10.9	0.8493
10.916666666666666	0.849
10.933333333333334	0.8487
10.95	0.8485
10.966666666666667	0.8482
10.983333333333333	0.848
11.0	0.8478
11.016666666666667	0.8475
11.033333333333333	0.8472
11.05	0.847
11.066666666666666	0.8467
11.083333333333334	0.8464
11.1	0.8462
11.116666666666667	0.8459
11.133333333333333	0.8456
11.15	0.8454
11.166666666666666	0.8452
11.183333333333334	0.8449
11.2	0.8447
11.216666666666667	0.8444
11.233333333333333	0.8442
11.25	0.844
11.266666666666667	0.8437
11.283333333333333	0.8434
11.3	0.8432
11.316666666666666	0.8429
11.333333333333334	0.8426
11.35	0.8424
11.366666666666667	0.8421
11.383333333333333	0.8419
11.4	0.8416
11.416666666666666	0.8413
11.433333333333334	0.8411
11.45	0.8409
11.466666666666667	0.8405
11.483333333333333	0.8403
11.5	0.8401
11.516666666666667	0.8398
11.533333333333333	0.8396
11.55	0.8393
11.566666666666666	0.839
11.583333333333334	0.8387
11.6	0.8385
11.616666666666667	0.8382
11.633333333333333	0.8379
11.65	0.8377
11.666666666666666	0.8374
11.683333333333334	0.8371
11.7	0.8369
11.716666666666667	0.8366
11.733333333333333	0.8363
11.75	0.836
11.766666666666667	0.8357
11.783333333333333	0.8355
11.8	0.8353
11.816666666666666	0.8349
11.833333333333334	0.8346
11.85	0.8344
11.866666666666667	0.8341
11.883333333333333	0.8339
11.9	0.8337
11.916666666666666	0.8333
11.933333333333334	0.833
11.95	0.8328
11.966666666666667	0.8325
11.983333333333333	0.8323
12.0	0.8321
12.016666666666667	0.8317
12.033333333333333	0.8314
12.05	0.8312
12.066666666666666	0.8308
12.083333333333334	0.8305
12.1	0.8303
12.116666666666667	0.83
12.133333333333333	0.8297
12.15	0.8295
12.166666666666666	0.8292
12.183333333333334	0.8289
12.2	0.8287
12.216666666666667	0.8283
12.233333333333333	0.828
12.25	0.8277
12.266666666666667	0.8274
12.283333333333333	0.8271
12.3	0.8269
12.316666666666666	0.8265
12.333333333333334	0.8263
12.35	0.826
12.366666666666667	0.8257
12.383333333333333	0.8254
12.4	0.8251
12.416666666666666	0.8248
12.433333333333334	0.8245
12.45	0.8242
12.466666666666667	0.8238
12.483333333333333	0.8235
12.5	0.8233
12.516666666666667	0.823
12.533333333333333	0.8227
12.55	0.8224
12.566666666666666	0.8221
12.583333333333334	0.8217
12.6	0.8214
12.616666666666667	0.8211
12.633333333333333	0.8209
12.65	0.8206
12.666666666666666	0.8203
12.683333333333334	0.8199
12.7	0.8197
12.716666666666667	0.8193
12.733333333333333	0.819
12.75	0.8187
12.766666666666667	0.8184
12.783333333333333	0.8181
12.8	0.8178
12.816666666666666	0.8175
12.833333333333334	0.8171
12.85	0.8169
12.866666666666667	0.8165
12.883333333333333	0.8162
12.9	0.8159
12.916666666666666	0.8155
12.933333333333334	0.8152
12.95	0.8149
12.966666666666667	0.8146
12.983333333333333	0.8143
13.0	0.814
13.016666666666667	0.8135
13.033333333333333	0.8132
13.05	0.813
13.066666666666666	0.8126
13.083333333333334	0.8123
13.1	0.812
13.116666666666667	0.8116
13.133333333333333	0.8113
13.15	0.811
13.166666666666666	0.8105
13.183333333333334	0.8102
13.2	0.81
13.216666666666667	0.8097
13.233333333333333	0.8093
13.25	0.8089
13.266666666666667	0.8085
13.283333333333333	0.8083
13.3	0.808
13.316666666666666	0.8075
13.333333333333334	0.8072
13.35	0.8069
13.366666666666667	0.8064
13.383333333333333	0.8061
13.4	0.8058
13.416666666666666	0.8054
13.433333333333334	0.8051
13.45	0.8048
13.466666666666667	0.8044
13.483333333333333	0.804
13.5	0.8037
13.516666666666667	0.8032
13.533333333333333	0.8028
13.55	0.8025
13.566666666666666	0.8021
13.583333333333334	0.8018
13.6	0.8015
13.616666666666667	0.8011
13.633333333333333	0.8007
13.65	0.8004
13.666666666666666	0.7999
13.683333333333334	0.7995
13.7	0.7992
13.716666666666667	0.7987
13.733333333333333	0.7984
13.75	0.7981
13.766666666666667	0.7976
13.783333333333333	0.7972
13.8	0.7969
13.816666666666666	0.7964
13.833333333333334	0.796
13.85	0.7957
13.866666666666667	0.7952
13.883333333333333	0.7948
13.9	0.7944
13.916666666666666	0.794
13.933333333333334	0.7936
13.95	0.7932
13.966666666666667	0.7927
13.983333333333333	0.7923
14.0	0.792
14.016666666666667	0.7915
14.033333333333333	0.7911
14.05	0.7908
14.066666666666666	0.7904
14.083333333333334	0.7899
14.1	0.7895
14.116666666666667	0.7891
14.133333333333333	0.7886
14.15	0.7883
14.166666666666666	0.7878
14.183333333333334	0.7873
14.2	0.7869
14.216666666666667	0.7864
14.233333333333333	0.786
14.25	0.7856
14.266666666666667	0.7851
14.283333333333333	0.7846
14.3	0.7842
14.316666666666666	0.7837
14.333333333333334	0.7832
14.35	0.7828
14.366666666666667	0.7824
14.383333333333333	0.7819
14.4	0.7814
14.416666666666666	0.781
14.433333333333334	0.7805
14.45	0.7801
14.466666666666667	0.7796
14.483333333333333	0.779
14.5	0.7786
14.516666666666667	0.7781
14.533333333333333	0.7776
14.55	0.7772
14.566666666666666	0.7766
14.583333333333334	0.7762
14.6	0.7757
14.616666666666667	0.7752
14.633333333333333	0.7747
14.65	0.7742
14.666666666666666	0.7736
14.683333333333334	0.7731
14.7	0.7726
14.716666666666667	0.772
14.733333333333333	0.7715
14.75	0.7711
14.766666666666667	0.7705
14.783333333333333	0.77
14.8	0.7695
14.816666666666666	0.7689
14.833333333333334	0.7684
14.85	0.7679
14.866666666666667	0.7673
14.883333333333333	0.7667
14.9	0.7662
14.916666666666666	0.7656
14.933333333333334	0.765
14.95	0.7645
14.966666666666667	0.7639
14.983333333333333	0.7634
15.0	0.7628
15.016666666666667	0.7622
15.033333333333333	0.7616
15.05	0.761
15.066666666666666	0.7604
15.083333333333334	0.7598
15.1	0.7592
15.116666666666667	0.7587
15.133333333333333	0.758
15.15	0.7575
15.166666666666666	0.7569
15.183333333333334	0.7562
15.2	0.7556
15.216666666666667	0.755
15.233333333333333	0.7543
15.25	0.7537
15.266666666666667	0.753
15.283333333333333	0.7524
15.3	0.7518
15.316666666666666	0.7511
15.333333333333334	0.7504
15.35	0.7498
15.366666666666667	0.7491
15.383333333333333	0.7484
15.4	0.7477
15.416666666666666	0.747
15.433333333333334	0.7462
15.45	0.7456
15.466666666666667	0.7449
15.483333333333333	0.7442
15.5	0.7436
15.516666666666667	0.7428
15.533333333333333	0.7421
15.55	0.7414
15.566666666666666	0.7407
15.583333333333334	0.7399
15.6	0.7391
15.616666666666667	0.7383
15.633333333333333	0.7377
15.65	0.7371
15.666666666666666	0.7362
15.683333333333334	0.7354
15.7	0.7348
15.716666666666667	0.7339
15.733333333333333	0.733
15.75	0.7322
15.766666666666667	0.7314
15.783333333333333	0.7305
15.8	0.7298
15.816666666666666	0.7289
15.833333333333334	0.7282
15.85	0.7273
15.866666666666667	0.7265
15.883333333333333	0.7257
15.9	0.7248
15.916666666666666	0.7238
15.933333333333334	0.7229
15.95	0.7221
15.966666666666667	0.7211
15.983333333333333	0.7202
16.0	0.7195
16.016666666666666	0.7186
16.033333333333335	0.7176
16.05	0.7168
16.066666666666666	0.7158
16.083333333333332	0.7148
16.1	0.7138
16.116666666666667	0.7127
16.133333333333333	0.7118
16.15	0.7109
16.166666666666668	0.7099
16.183333333333334	0.7089
16.2	0.7079
16.216666666666665	0.7068
16.233333333333334	0.7058
16.25	0.7047
16.266666666666666	0.7036
16.283333333333335	0.7024
16.3	0.7014
16.316666666666666	0.7002
16.333333333333332	0.699
16.35	0.698
16.366666666666667	0.697
16.383333333333333	0.6959
16.4	0.6947
16.416666666666668	0.6935
16.433333333333334	0.6924
16.45	0.6912
16.466666666666665	0.69
16.483333333333334	0.6888
16.5	0.6876
16.516666666666666	0.6863
16.533333333333335	0.6849
16.55	0.6836
16.566666666666666	0.6822
16.583333333333332	0.681
16.6	0.6796
16.616666666666667	0.6781
16.633333333333333	0.6767
16.65	0.6753
16.666666666666668	0.6739
16.683333333333334	0.6726
16.7	0.6711
16.716666666666665	0.6696
16.733333333333334	0.6681
16.75	0.6666
16.766666666666666	0.665
16.783333333333335	0.6632
16.8	0.6616
16.816666666666666	0.66
16.833333333333332	0.6583
16.85	0.6566
16.866666666666667	0.6551
16.883333333333333	0.6534
16.9	0.6516
16.916666666666668	0.6495
16.933333333333334	0.6474
16.95	0.6455
16.966666666666665	0.6434
16.983333333333334	0.6414
17.0	0.6394
17.016666666666666	0.6371
17.033333333333335	0.6352
17.05	0.6331
17.066666666666666	0.631
17.083333333333332	0.6289
17.1	0.6267
17.116666666666667	0.6241
17.133333333333333	0.6217
17.15	0.6192
17.166666666666668	0.6162
17.183333333333334	0.6134
17.2	0.6111
17.216666666666665	0.6084
17.233333333333334	0.6055
17.25	0.6027
17.266666666666666	0.5997
17.283333333333335	0.5966
17.3	0.5936
17.316666666666666	0.5902
17.333333333333332	0.5871
17.35	0.5838
17.366666666666667	0.5804
17.383333333333333	0.577
17.4	0.5736
17.416666666666668	0.5699
17.433333333333334	0.5663
17.45	0.5628
17.466666666666665	0.5589
17.483333333333334	0.5547
17.5	0.5509
17.516666666666666	0.5474
17.533333333333335	0.5435
17.55	0.5397
17.566666666666666	0.5364
17.583333333333332	0.5324
17.6	0.528
17.616666666666667	0.5242
17.633333333333333	0.5201
17.65	0.5167
17.666666666666668	0.5136
17.683333333333334	0.5104
17.7	0.5068
17.716666666666665	0.5034
17.733333333333334	0.5004
17.75	0.4972
17.766666666666666	0.4941
17.783333333333335	0.4915
17.8	0.4894
17.816666666666666	0.4868
17.833333333333332	0.4845
17.85	0.4823
17.866666666666667	0.4798
17.883333333333333	0.4777
17.9	0.4759
17.916666666666668	0.474
17.933333333333334	0.4723
17.95	0.4708
17.966666666666665	0.4692
17.983333333333334	0.4678
18.0	0.4663
18.016666666666666	0.465
18.033333333333335	0.4638
18.05	0.4626
18.066666666666666	0.4615
18.083333333333332	0.4605
18.1	0.4598
18.116666666666667	0.4587
18.133333333333333	0.4577
18.15	0.4568
18.166666666666668	0.456
18.183333333333334	0.4551
18.2	0.4543
18.216666666666665	0.4535
18.233333333333334	0.4528
18.25	0.4521
18.266666666666666	0.4514
18.283333333333335	0.4507
18.3	0.4503
18.316666666666666	0.4498
18.333333333333332	0.4492
18.35	0.4486
18.366666666666667	0.448
18.383333333333333	0.4474
18.4	0.4469
18.416666666666668	0.4463
18.433333333333334	0.4458
18.45	0.4454
18.466666666666665	0.4449
18.483333333333334	0.4445
18.5	0.4441
18.516666666666666	0.4436
18.533333333333335	0.4432
18.55	0.4428
18.566666666666666	0.4423
18.583333333333332	0.4419
18.6	0.4416
18.616666666666667	0.4412
18.633333333333333	0.4408
18.65	0.4405
18.666666666666668	0.44
18.683333333333334	0.4396
18.7	0.4393
18.716666666666665	0.439
18.733333333333334	0.4386
18.75	0.4383
18.766666666666666	0.438
18.783333333333335	0.4376
18.8	0.4373
18.816666666666666	0.4369
18.833333333333332	0.4366
18.85	0.4363
18.866666666666667	0.436
18.883333333333333	0.4357
18.9	0.4355
18.916666666666668	0.4351
18.933333333333334	0.4348
18.95	0.4346
18.966666666666665	0.4343
18.983333333333334	0.4339
19.0	0.4337
19.016666666666666	0.4334
19.033333333333335	0.433
19.05	0.4328
19.066666666666666	0.4325
19.083333333333332	0.4322
19.1	0.432
19.116666666666667	0.4317
19.133333333333333	0.4314
19.15	0.4312
19.166666666666668	0.4309
19.183333333333334	0.4306
19.2	0.4304
19.216666666666665	0.4301
19.233333333333334	0.4298
19.25	0.4296
19.266666666666666	0.4293
19.283333333333335	0.4289
19.3	0.4288
19.316666666666666	0.4285
19.333333333333332	0.4282
19.35	0.428
19.366666666666667	0.4277
19.383333333333333	0.4274
19.4	0.4272
19.416666666666668	0.427
19.433333333333334	0.4267
19.45	0.4265
19.466666666666665	0.4262
19.483333333333334	0.4259
19.5	0.4257
19.516666666666666	0.4254
19.533333333333335	0.4252
19.55	0.425
19.566666666666666	0.4247
19.583333333333332	0.4244
19.6	0.4243
19.616666666666667	0.424
19.633333333333333	0.4237
19.65	0.4236
19.666666666666668	0.4232
19.683333333333334	0.423
19.7	0.4228
19.716666666666665	0.4225
19.733333333333334	0.4223
19.75	0.4221
19.766666666666666	0.4218
19.783333333333335	0.4215
19.8	0.4214
19.816666666666666	0.4211
19.833333333333332	0.4208
19.85	0.4207
19.866666666666667	0.4204
19.883333333333333	0.4201
19.9	0.42
19.916666666666668	0.4197
19.933333333333334	0.4194
19.95	0.4193
19.966666666666665	0.419
19.983333333333334	0.4187
20.0	0.4185
20.016666666666666	0.4182
20.033333333333335	0.4179
20.05	0.4178
20.066666666666666	0.4175
20.083333333333332	0.4172
20.1	0.4171
20.116666666666667	0.4168
20.133333333333333	0.4165
20.15	0.4164
20.166666666666668	0.4161
20.183333333333334	0.4158
20.2	0.4156
20.216666666666665	0.4153
20.233333333333334	0.4151
20.25	0.4149
20.266666666666666	0.4146
20.283333333333335	0.4143
20.3	0.4142
20.316666666666666	0.4139
20.333333333333332	0.4136
20.35	0.4135
20.366666666666667	0.4132
20.383333333333333	0.4129
20.4	0.4128
20.416666666666668	0.4125
20.433333333333334	0.4122
20.45	0.412
20.466666666666665	0.4118
20.483333333333334	0.4115
20.5	0.4113
20.516666666666666	0.4111
20.533333333333335	0.4108
20.55	0.4107
20.566666666666666	0.4104
20.583333333333332	0.4101
20.6	0.41
20.616666666666667	0.4097
20.633333333333333	0.4094
20.65	0.4092
20.666666666666668	0.4089
20.683333333333334	0.4086
20.7	0.4085
20.716666666666665	0.4082
20.733333333333334	0.4079
20.75	0.4078
20.766666666666666	0.4076
20.783333333333335	0.4073
20.8	0.4071
20.816666666666666	0.4069
20.833333333333332	0.4066
20.85	0.4065
20.866666666666667	0.4062
20.883333333333333	0.4059
20.9	0.4058
20.916666666666668	0.4055
20.933333333333334	0.4052
20.95	0.4051
20.966666666666665	0.4048
20.983333333333334	0.4046
21.0	0.4044
21.016666666666666	0.4042
21.033333333333335	0.4039
21.05	0.4037
21.066666666666666	0.4034
21.083333333333332	0.4031
21.1	0.403
21.116666666666667	0.4027
21.133333333333333	0.4024
21.15	0.4022
21.166666666666668	0.402
21.183333333333334	0.4017
21.2	0.4016
21.216666666666665	0.4013
21.233333333333334	0.401
21.25	0.4008
21.266666666666666	0.4006
21.283333333333335	0.4003
21.3	0.4002
21.316666666666666	0.3999
21.333333333333332	0.3997
21.35	0.3996
21.366666666666667	0.3993
21.383333333333333	0.399
21.4	0.3989
21.416666666666668	0.3986
21.433333333333334	0.3983
21.45	0.3981
21.466666666666665	0.3978
21.483333333333334	0.3975
21.5	0.3974
21.516666666666666	0.3971
21.533333333333335	0.3968
21.55	0.3966
21.566666666666666	0.3963
21.583333333333332	0.396
21.6	0.3959
21.616666666666667	0.3956
21.633333333333333	0.3953
21.65	0.3951
21.666666666666668	0.3948
21.683333333333334	0.3945
21.7	0.3944
21.716666666666665	0.3941
21.733333333333334	0.3938
21.75	0.3936
21.766666666666666	0.3933
21.783333333333335	0.393
21.8	0.3928
21.816666666666666	0.3925
21.833333333333332	0.3923
21.85	0.3921
21.866666666666667	0.3918
21.883333333333333	0.3916
21.9	0.3914
21.916666666666668	0.391
21.933333333333334	0.3908
21.95	0.3906
21.966666666666665	0.3903
21.983333333333334	0.3899
22.0	0.3898
22.016666666666666	0.3895
22.033333333333335	0.3892
22.05	0.389
22.066666666666666	0.3887
22.083333333333332	0.3883
22.1	0.3882
22.116666666666667	0.3879
22.133333333333333	0.3876
22.15	0.3874
22.166666666666668	0.3872
22.183333333333334	0.3869
22.2	0.3867
22.216666666666665	0.3864
22.233333333333334	0.3861
22.25	0.3859
22.266666666666666	0.3856
22.283333333333335	0.3852
22.3	0.385
22.316666666666666	0.3847
22.333333333333332	0.3844
22.35	0.3842
22.366666666666667	0.3839
22.383333333333333	0.3836
22.4	0.3835
22.416666666666668	0.3832
22.433333333333334	0.3829
22.45	0.3827
22.466666666666665	0.3824
22.483333333333334	0.382
22.5	0.3818
22.516666666666666	0.3815
22.533333333333335	0.3812
22.55	0.381
22.566666666666666	0.3807
22.583333333333332	0.3804
22.6	0.3803
22.616666666666667	0.38
22.633333333333333	0.3797
22.65	0.3795
22.666666666666668	0.3792
22.683333333333334	0.3789
22.7	0.3787
22.716666666666665	0.3783
22.733333333333334	0.378
22.75	0.3778
22.766666666666666	0.3776
22.783333333333335	0.3772
22.8	0.377
22.816666666666666	0.3767
22.833333333333332	0.3764
22.85	0.3762
22.866666666666667	0.3759
22.883333333333333	0.3756
22.9	0.3754
22.916666666666668	0.375
22.933333333333334	0.3747
22.95	0.3744
22.966666666666665	0.374
22.983333333333334	0.3737
23.0	0.3736
23.016666666666666	0.3734
23.033333333333335	0.3731
23.05	0.3729
23.066666666666666	0.3726
23.083333333333332	0.3722
23.1	0.372
23.116666666666667	0.3717
23.133333333333333	0.3713
23.15	0.3711
23.166666666666668	0.3708
23.183333333333334	0.3704
23.2	0.3702
23.216666666666665	0.3698
23.233333333333334	0.3695
23.25	0.3693
23.266666666666666	0.369
23.283333333333335	0.3686
23.3	0.3684
23.316666666666666	0.3681
23.333333333333332	0.3676
23.35	0.3674
23.366666666666667	0.367
23.383333333333333	0.3666
23.4	0.3663
23.416666666666668	0.366
23.433333333333334	0.3657
23.45	0.3655
23.466666666666665	0.3651
23.483333333333334	0.3647
23.5	0.3644
23.516666666666666	0.3641
23.533333333333335	0.3637
23.55	0.3635
23.566666666666666	0.3631
23.583333333333332	0.3627
23.6	0.3626
23.616666666666667	0.3623
23.633333333333333	0.3619
23.65	0.3617
23.666666666666668	0.3612
23.683333333333334	0.3608
23.7	0.3605
23.716666666666665	0.3602
23.733333333333334	0.3598
23.75	0.3596
23.766666666666666	0.3593
23.783333333333335	0.359
23.8	0.3587
23.816666666666666	0.3583
23.833333333333332	0.358
23.85	0.3578
23.866666666666667	0.3575
23.883333333333333	0.3571
23.9	0.3568
23.916666666666668	0.3564
23.933333333333334	0.3559
23.95	0.3557
23.966666666666665	0.3554
23.983333333333334	0.355
24.0	0.3547
24.016666666666666	0.3544
24.033333333333335	0.354
24.05	0.3537
24.066666666666666	0.3533
24.083333333333332	0.3529
24.1	0.3527
24.116666666666667	0.3523
24.133333333333333	0.3519
24.15	0.3517
24.166666666666668	0.3513
24.183333333333334	0.3509
24.2	0.3506
24.216666666666665	0.3503
24.233333333333334	0.3498
24.25	0.3496
24.266666666666666	0.3493
24.283333333333335	0.3488
24.3	0.3485
24.316666666666666	0.3481
24.333333333333332	0.3477
24.35	0.3474
24.366666666666667	0.347
24.383333333333333	0.3465
24.4	0.3463
24.416666666666668	0.3459
24.433333333333334	0.3454
24.45	0.3452
24.466666666666665	0.3448
24.483333333333334	0.3443
24.5	0.3441
24.516666666666666	0.3437
24.533333333333335	0.3433
24.55	0.3431
24.566666666666666	0.3427
24.583333333333332	0.3423
24.6	0.3421
24.616666666666667	0.3417
24.633333333333333	0.3413
24.65	0.341
24.666666666666668	0.3407
24.683333333333334	0.3402
24.7	0.34
24.716666666666665	0.3397
24.733333333333334	0.3394
24.75	0.3392
24.766666666666666	0.3388
24.783333333333335	0.3383
24.8	0.338
24.816666666666666	0.3376
24.833333333333332	0.3372
24.85	0.3371
24.866666666666667	0.3367
24.883333333333333	0.3364
24.9	0.3362
24.916666666666668	0.3358
24.933333333333334	0.3353
24.95	0.335
24.966666666666665	0.3346
24.983333333333334	0.3341
25.0	0.3338
25.016666666666666	0.3336
25.033333333333335	0.3332
25.05	0.333
25.066666666666666	0.3326
25.083333333333332	0.3322
25.1	0.3319
25.116666666666667	0.3314
25.133333333333333	0.3309
25.15	0.3307
25.166666666666668	0.3304
25.183333333333334	0.3299
25.2	0.3295
25.216666666666665	0.329
25.233333333333334	0.3287
25.25	0.3284
25.266666666666666	0.3279
25.283333333333335	0.3275
25.3	0.3273
25.316666666666666	0.3269
25.333333333333332	0.3265
25.35	0.3261
25.366666666666667	0.3257
25.383333333333333	0.3252
25.4	0.3249
25.416666666666668	0.3245
25.433333333333334	0.324
25.45	0.3238
25.466666666666665	0.3234
25.483333333333334	0.3228
25.5	0.3225
25.516666666666666	0.3221
25.533333333333335	0.3214
25.55	0.3212
25.566666666666666	0.3209
25.583333333333332	0.3204
25.6	0.3201
25.616666666666667	0.3197
25.633333333333333	0.3193
25.65	0.319
25.666666666666668	0.3186
25.683333333333334	0.3181
25.7	0.3178
25.716666666666665	0.3173
25.733333333333334	0.3167
25.75	0.3164
25.766666666666666	0.316
25.783333333333335	0.3154
25.8	0.3151
25.816666666666666	0.3147
25.833333333333332	0.3141
25.85	0.3139
25.866666666666667	0.3135
25.883333333333333	0.3129
25.9	0.3126
25.916666666666668	0.3122
25.933333333333334	0.3117
25.95	0.3114
25.966666666666665	0.3109
25.983333333333334	0.3103
26.0	0.31
26.016666666666666	0.3096
26.033333333333335	0.3091
26.05	0.3087
26.066666666666666	0.3083
26.083333333333332	0.3077
26.1	0.3073
26.116666666666667	0.3068
26.133333333333333	0.3062
26.15	0.306
26.166666666666668	0.3056
26.183333333333334	0.3051
26.2	0.3048
26.216666666666665	0.3044
26.233333333333334	0.3038
26.25	0.3035
26.266666666666666	0.3031
26.283333333333335	0.302
26.3	0.3014
26.316666666666666	0.3015
26.333333333333332	0.3009
26.35	0.3006
26.366666666666667	0.3001
26.383333333333333	0.2995
26.4	0.2993
26.416666666666668	0.2989
26.433333333333334	0.2984
26.45	0.298
26.466666666666665	0.2974
26.483333333333334	0.2969
26.5	0.2965
26.516666666666666	0.2959
26.533333333333335	0.2952
26.55	0.2949
26.566666666666666	0.2944
26.583333333333332	0.2939
26.6	0.2936
26.616666666666667	0.2931
26.633333333333333	0.2924
26.65	0.2921
26.666666666666668	0.2916
26.683333333333334	0.291
26.7	0.2906
26.716666666666665	0.2901
26.733333333333334	0.2894
26.75	0.2891
26.766666666666666	0.2886
26.783333333333335	0.2879
26.8	0.2873
26.816666666666666	0.2868
26.833333333333332	0.2862
26.85	0.2859
26.866666666666667	0.2853
26.883333333333333	0.2847
26.9	0.2843
26.916666666666668	0.2838
26.933333333333334	0.2831
26.95	0.2828
26.966666666666665	0.2822
26.983333333333334	0.2815
27.0	0.281
27.016666666666666	0.2804
27.033333333333335	0.2796
27.05	0.2792
27.066666666666666	0.2786
27.083333333333332	0.2777
27.1	0.2772
27.116666666666667	0.2765
27.133333333333333	0.2757
27.15	0.2753
27.166666666666668	0.2747
27.183333333333334	0.274
27.2	0.2737
27.216666666666665	0.2732
27.233333333333334	0.2723
27.25	0.2718
27.266666666666666	0.2712
27.283333333333335	0.2704
27.3	0.2702
27.316666666666666	0.2695
27.333333333333332	0.2687
27.35	0.2684
27.366666666666667	0.2677
27.383333333333333	0.2668
27.4	0.2662
27.416666666666668	0.2656
27.433333333333334	0.2647
27.45	0.2643
27.466666666666665	0.2637
27.483333333333334	0.2629
27.5	0.2624
27.516666666666666	0.2617
27.533333333333335	0.2606
27.55	0.2601
27.566666666666666	0.2593
27.583333333333332	0.2584
27.6	0.2579
27.616666666666667	0.2572
27.633333333333333	0.2563
27.65	0.2559
27.666666666666668	0.2549
27.683333333333334	0.2539
27.7	0.2534
27.716666666666665	0.2527
27.733333333333334	0.2518
27.75	0.2511
27.766666666666666	0.2501
27.783333333333335	0.2489
27.8	0.2482
27.816666666666666	0.2474
27.833333333333332	0.2462
27.85	0.2455
27.866666666666667	0.2446
27.883333333333333	0.2434
27.9	0.243
27.916666666666668	0.2422
27.933333333333334	0.241
27.95	0.2403
27.966666666666665	0.2394
27.983333333333334	0.2382
28.0	0.2376
28.016666666666666	0.2365
28.033333333333335	0.235
28.05	0.2344
28.066666666666666	0.2333
28.083333333333332	0.2317
28.1	0.2307
28.116666666666667	0.2297
28.133333333333333	0.2284
28.15	0.2276
28.166666666666668	0.2266
28.183333333333334	0.2253
28.2	0.2244
28.216666666666665	0.2231
28.233333333333334	0.2215
28.25	0.2204
28.266666666666666	0.2191
28.283333333333335	0.2175
28.3	0.2166
28.316666666666666	0.2155
28.333333333333332	0.2139
28.35	0.2129
28.366666666666667	0.2114
28.383333333333333	0.2093
28.4	0.208
28.416666666666668	0.2062
28.433333333333334	0.204
28.45	0.2029
28.466666666666665	0.2015
28.483333333333334	0.1997
28.5	0.1987
28.516666666666666	0.1973
28.533333333333335	0.1953
28.55	0.194
28.566666666666666	0.1921
28.583333333333332	0.1895
28.6	0.1879
28.616666666666667	0.1854
28.633333333333333	0.1819
28.65	0.1797
28.666666666666668	0.1776
28.683333333333334	0.1747
28.7	0.1728
28.716666666666665	0.1701
28.733333333333334	0.1664
28.75	0.1646
28.766666666666666	0.1626
28.783333333333335	0.159
28.8	0.1566
28.816666666666666	0.1536
28.833333333333332	0.1491
28.85	0.1466
28.866666666666667	0.1435
28.883333333333333	0.1387
28.9	0.1345
28.916666666666668	0.1298
28.933333333333334	0.1233
28.95	0.1183
28.966666666666665	0.1113
28.983333333333334	0.1014
29.0	0.09543
29.016666666666666	0.08879
29.033333333333335	0.07899
29.05	0.07244
29.066666666666666	0.06483
29.083333333333332	0.05253
29.1	0.04258
29.116666666666667	0.03203
29.116666666666667	0.02314
29.133333333333333	0.02076
29.15	0.04839
