0.016666666666666666	0.9581
0.03333333333333333	0.9533
0.05	0.9524
0.06666666666666667	0.9521
0.08333333333333333	0.9519
0.1	0.9519
0.11666666666666667	0.9517
0.13333333333333333	0.9515
0.15	0.9511
0.16666666666666666	0.9506
0.18333333333333332	0.9501
0.2	0.9498
0.21666666666666667	0.9494
0.23333333333333334	0.949
0.25	0.9487
0.26666666666666666	0.9484
0.2833333333333333	0.948
0.3	0.9477
0.31666666666666665	0.9474
0.3333333333333333	0.947
0.35	0.9467
0.36666666666666664	0.9463
0.38333333333333336	0.946
0.4	0.9458
0.4166666666666667	0.9455
0.43333333333333335	0.9451
0.45	0.9448
0.4666666666666667	0.9445
0.48333333333333334	0.9442
0.5	0.9439
0.5166666666666667	0.9435
0.5333333333333333	0.9432
0.55	0.9429
0.5666666666666667	0.9426
0.5833333333333334	0.9423
0.6	0.9421
0.6166666666666667	0.9417
0.6333333333333333	0.9414
0.65	0.9411
0.6666666666666666	0.9408
0.6833333333333333	0.9405
0.7	0.9402
0.7166666666666667	0.9398
0.7333333333333333	0.9395
0.75	0.9393
0.7666666666666667	0.939
0.7833333333333333	0.9387
0.8	0.9384
0.8166666666666667	0.938
0.8333333333333334	0.9378
0.85	0.9376
0.8666666666666667	0.9372
0.8833333333333333	0.9368
0.9	0.9366
0.9166666666666666	0.9363
0.9333333333333333	0.9361
0.95	0.9359
0.9666666666666667	0.9356
0.9833333333333333	0.9352
1.0	0.9349
1.0166666666666666	0.9346
1.0333333333333334	0.9343
1.05	0.934
1.0666666666666667	0.9337
1.0833333333333333	0.9334
1.1	0.9332
1.1166666666666667	0.9329
1.1333333333333333	0.9326
1.15	0.9323
1.1666666666666667	0.932
1.1833333333333333	0.9317
1.2	0.9315
1.2166666666666666	0.9312
1.2333333333333334	0.931
1.25	0.9308
1.2666666666666666	0.9304
1.2833333333333334	0.9301
1.3	0.9299
1.3166666666666667	0.9296
1.3333333333333333	0.9293
1.35	0.9291
1.3666666666666667	0.9288
1.3833333333333333	0.9285
1.4	0.9283
1.4166666666666667	0.928
1.4333333333333333	0.9277
1.45	0.9275
1.4666666666666666	0.9271
1.4833333333333334	0.9269
1.5	0.9267
1.5166666666666666	0.9264
1.5333333333333334	0.9261
1.55	0.9258
1.5666666666666667	0.9256
1.5833333333333333	0.9253
1.6	0.9251
1.6166666666666667	0.9248
1.6333333333333333	0.9245
1.65	0.9243
1.6666666666666667	0.924
1.6833333333333333	0.9237
1.7	0.9235
1.7166666666666666	0.9233
1.7333333333333334	0.923
1.75	0.9227
1.7666666666666666	0.9224
1.7833333333333334	0.9222
1.8	0.922
1.8166666666666667	0.9217
1.8333333333333333	0.9214
1.85	0.9212
1.8666666666666667	0.9209
1.8833333333333333	0.9207
1.9	0.9204
1.9166666666666667	0.9202
1.9333333333333333	0.9199
1.95	0.9197
1.9666666666666666	0.9194
1.9833333333333334	0.9191
2.0	0.9189
2.0166666666666666	0.9187
2.033333333333333	0.9185
2.05	0.9182
2.066666666666667	0.918
2.0833333333333335	0.9177
2.1	0.9175
2.1166666666666667	0.9172
2.1333333333333333	0.917
2.15	0.9168
2.1666666666666665	0.9165
2.183333333333333	0.9162
2.2	0.916
2.216666666666667	0.9157
2.2333333333333334	0.9155
2.25	0.9153
2.2666666666666666	0.9151
2.283333333333333	0.9148
2.3	0.9146
2.316666666666667	0.9143
2.3333333333333335	0.914
2.35	0.9139
2.3666666666666667	0.9136
2.3833333333333333	0.9133
2.4	0.9132
2.4166666666666665	0.9129
2.433333333333333	0.9127
2.45	0.9125
2.466666666666667	0.9122
2.4833333333333334	0.912
2.5	0.9118
2.5166666666666666	0.9115
2.533333333333333	0.9112
2.55	0.911
2.566666666666667	0.9108
2.5833333333333335	0.9107
2.6	0.9105
2.6166666666666667	0.9102
2.6333333333333333	0.9099
2.65	0.9096
2.6666666666666665	0.9093
2.683333333333333	0.9092
2.7	0.909
2.716666666666667	0.9088
2.7333333333333334	0.9085
2.75	0.9083
2.7666666666666666	0.9081
2.783333333333333	0.9078
2.8	0.9076
2.816666666666667	0.9074
2.8333333333333335	0.9072
2.85	0.907
2.8666666666666667	0.9067
2.8833333333333333	0.9064
2.9	0.9063
2.9166666666666665	0.906
2.933333333333333	0.9058
2.95	0.9056
2.966666666666667	0.9054
2.9833333333333334	0.9051
3.0	0.9049
3.0166666666666666	0.9046
3.033333333333333	0.9044
3.05	0.9043
3.066666666666667	0.904
3.0833333333333335	0.9038
3.1	0.9036
3.1166666666666667	0.9034
3.1333333333333333	0.9031
3.15	0.9029
3.1666666666666665	0.9027
3.183333333333333	0.9025
3.2	0.9022
3.216666666666667	0.902
3.2333333333333334	0.9018
3.25	0.9016
3.2666666666666666	0.9013
3.283333333333333	0.9011
3.3	0.901
3.316666666666667	0.9008
3.3333333333333335	0.9005
3.35	0.9003
3.3666666666666667	0.9
3.3833333333333333	0.8998
3.4	0.8996
3.4166666666666665	0.8994
3.433333333333333	0.8992
3.45	0.899
3.466666666666667	0.8987
3.4833333333333334	0.8985
3.5	0.8983
3.5166666666666666	0.8981
3.533333333333333	0.8979
3.55	0.8977
3.566666666666667	0.8975
3.5833333333333335	0.8973
3.6	0.8971
3.6166666666666667	0.8968
3.6333333333333333	0.8965
3.65	0.8964
3.6666666666666665	0.8962
3.683333333333333	0.8959
3.7	0.8958
3.716666666666667	0.8955
3.7333333333333334	0.8953
3.75	0.8952
3.7666666666666666	0.8949
3.783333333333333	0.8947
3.8	0.8945
3.816666666666667	0.8943
3.8333333333333335	0.8941
3.85	0.8939
3.8666666666666667	0.8937
3.8833333333333333	0.8934
3.9	0.8932
3.9166666666666665	0.893
3.933333333333333	0.8928
3.95	0.8927
3.966666666666667	0.8924
3.9833333333333334	0.8922
4.0	0.892
4.016666666666667	0.8918
4.033333333333333	0.8915
4.05	0.8914
4.066666666666666	0.8912
4.083333333333333	0.891
4.1	0.8908
4.116666666666666	0.8905
4.133333333333334	0.8903
4.15	0.8901
4.166666666666667	0.8899
4.183333333333334	0.8897
4.2	0.8895
4.216666666666667	0.8893
4.233333333333333	0.889
4.25	0.8888
4.266666666666667	0.8886
4.283333333333333	0.8884
4.3	0.8883
4.316666666666666	0.8881
4.333333333333333	0.8878
4.35	0.8877
4.366666666666666	0.8874
4.383333333333334	0.8872
4.4	0.887
4.416666666666667	0.8868
4.433333333333334	0.8866
4.45	0.8864
4.466666666666667	0.8862
4.483333333333333	0.8859
4.5	0.8857
4.516666666666667	0.8855
4.533333333333333	0.8853
4.55	0.8852
4.566666666666666	0.885
4.583333333333333	0.8849
4.6	0.8847
4.616666666666666	0.8844
4.633333333333334	0.8841
4.65	0.8839
4.666666666666667	0.8836
4.683333333333334	0.8835
4.7	0.8833
4.716666666666667	0.8831
4.733333333333333	0.8829
4.75	0.8827
4.766666666666667	0.8825
4.783333333333333	0.8823
4.8	0.8821
4.816666666666666	0.8819
4.833333333333333	0.8817
4.85	0.8815
4.866666666666666	0.8813
4.883333333333334	0.8811
4.9	0.8809
4.916666666666667	0.8807
4.933333333333334	0.8805
4.95	0.8803
4.966666666666667	0.8801
4.983333333333333	0.8799
5.0	0.8797
5.016666666666667	0.8795
5.033333333333333	0.8792
5.05	0.8791
5.066666666666666	0.8788
5.083333333333333	0.8786
5.1	0.8785
5.116666666666666	0.8782
5.133333333333334	0.878
5.15	0.8778
5.166666666666667	0.8776
5.183333333333334	0.8774
5.2	0.8773
5.216666666666667	0.877
5.233333333333333	0.8768
5.25	0.8766
5.266666666666667	0.8764
5.283333333333333	0.8762
5.3	0.876
5.316666666666666	0.8758
5.333333333333333	0.8756
5.35	0.8755
5.366666666666666	0.8753
5.383333333333334	0.875
5.4	0.8749
5.416666666666667	0.8746
5.433333333333334	0.8744
5.45	0.8742
5.466666666666667	0.874
5.483333333333333	0.8738
5.5	0.8736
5.516666666666667	0.8734
5.533333333333333	0.8731
5.55	0.873
5.566666666666666	0.8727
5.583333333333333	0.8725
5.6	0.8724
5.616666666666666	0.8722
5.633333333333334	0.872
5.65	0.8718
5.666666666666667	0.8716
5.683333333333334	0.8713
5.7	0.8711
5.716666666666667	0.8709
5.733333333333333	0.8707
5.75	0.8705
5.766666666666667	0.8703
5.783333333333333	0.8701
5.8	0.8699
5.816666666666666	0.8697
5.833333333333333	0.8695
5.85	0.8693
5.866666666666666	0.8691
5.883333333333334	0.8689
5.9	0.8687
5.916666666666667	0.8685
5.933333333333334	0.8682
5.95	0.868
5.966666666666667	0.8678
5.983333333333333	0.8676
6.0	0.8675
6.016666666666667	0.8672
6.033333333333333	0.867
6.05	0.8668
6.066666666666666	0.8666
6.083333333333333	0.8664
6.1	0.8662
6.116666666666666	0.866
6.133333333333334	0.8658
6.15	0.8656
6.166666666666667	0.8654
6.183333333333334	0.8652
6.2	0.865
6.216666666666667	0.8648
6.233333333333333	0.8645
6.25	0.8643
6.266666666666667	0.8641
6.283333333333333	0.8639
6.3	0.8637
6.316666666666666	0.8635
6.333333333333333	0.8633
6.35	0.8631
6.366666666666666	0.8629
6.383333333333334	0.8627
6.4	0.8625
6.416666666666667	0.8623
6.433333333333334	0.862
6.45	0.8618
6.466666666666667	0.8616
6.483333333333333	0.8614
6.5	0.8612
6.516666666666667	0.861
6.533333333333333	0.8609
6.55	0.8607
6.566666666666666	0.8604
6.583333333333333	0.8602
6.6	0.86
6.616666666666666	0.8597
6.633333333333334	0.8595
6.65	0.8594
6.666666666666667	0.8593
6.683333333333334	0.859
6.7	0.8588
6.716666666666667	0.8585
6.733333333333333	0.8582
6.75	0.8581
6.766666666666667	0.8579
6.783333333333333	0.8577
6.8	0.8575
6.816666666666666	0.8573
6.833333333333333	0.857
6.85	0.8568
6.866666666666666	0.8566
6.883333333333334	0.8564
6.9	0.8562
6.916666666666667	0.856
6.933333333333334	0.8558
6.95	0.8556
6.966666666666667	0.8554
6.983333333333333	0.8551
7.0	0.855
7.016666666666667	0.8548
7.033333333333333	0.8545
7.05	0.8543
7.066666666666666	0.8541
7.083333333333333	0.8538
7.1	0.8536
7.116666666666666	0.8534
7.133333333333334	0.8532
7.15	0.853
7.166666666666667	0.8528
7.183333333333334	0.8525
7.2	0.8523
7.216666666666667	0.8521
7.233333333333333	0.8519
7.25	0.8517
7.266666666666667	0.8514
7.283333333333333	0.8512
7.3	0.851
7.316666666666666	0.8508
7.333333333333333	0.8505
7.35	0.8503
7.366666666666666	0.8501
7.383333333333334	0.8499
7.4	0.8497
7.416666666666667	0.8495
7.433333333333334	0.8492
7.45	0.849
7.466666666666667	0.8488
7.483333333333333	0.8485
7.5	0.8483
7.516666666666667	0.8481
7.533333333333333	0.8479
7.55	0.8477
7.566666666666666	0.8475
7.583333333333333	0.8472
7.6	0.847
7.616666666666666	0.8468
7.633333333333334	0.8465
7.65	0.8463
7.666666666666667	0.8461
7.683333333333334	0.8458
7.7	0.8456
7.716666666666667	0.8454
7.733333333333333	0.8451
7.75	0.845
7.766666666666667	0.8447
7.783333333333333	0.8445
7.8	0.8443
7.816666666666666	0.8441
7.833333333333333	0.8438
7.85	0.8436
7.866666666666666	0.8434
7.883333333333334	0.8431
7.9	0.8429
7.916666666666667	0.8426
7.933333333333334	0.8424
7.95	0.8422
7.966666666666667	0.842
7.983333333333333	0.8418
8.0	0.8416
8.016666666666667	0.8413
8.033333333333333	0.841
8.05	0.8408
8.066666666666666	0.8406
8.083333333333334	0.8404
8.1	0.8402
8.116666666666667	0.8399
8.133333333333333	0.8397
8.15	0.8395
8.166666666666666	0.8392
8.183333333333334	0.8389
8.2	0.8387
8.216666666666667	0.8384
8.233333333333333	0.8381
8.25	0.8379
8.266666666666667	0.8377
8.283333333333333	0.8374
8.3	0.8372
8.316666666666666	0.837
8.333333333333334	0.8367
8.35	0.8365
8.366666666666667	0.8363
8.383333333333333	0.836
8.4	0.8358
8.416666666666666	0.8356
8.433333333333334	0.8353
8.45	0.835
8.466666666666667	0.8348
8.483333333333333	0.8345
8.5	0.8343
8.516666666666667	0.8341
8.533333333333333	0.8339
8.55	0.8337
8.566666666666666	0.8335
8.583333333333334	0.8331
8.6	0.8329
8.616666666666667	0.8326
8.633333333333333	0.8324
8.65	0.8322
8.666666666666666	0.832
8.683333333333334	0.8317
8.7	0.8314
8.716666666666667	0.8312
8.733333333333333	0.8309
8.75	0.8307
8.766666666666667	0.8304
8.783333333333333	0.8301
8.8	0.8299
8.816666666666666	0.8297
8.833333333333334	0.8294
8.85	0.8291
8.866666666666667	0.8288
8.883333333333333	0.8285
8.9	0.8283
8.916666666666666	0.828
8.933333333333334	0.8278
8.95	0.8275
8.966666666666667	0.8273
8.983333333333333	0.827
9.0	0.8268
9.016666666666667	0.8265
9.033333333333333	0.8262
9.05	0.826
9.066666666666666	0.8257
9.083333333333334	0.8254
9.1	0.8252
9.116666666666667	0.8249
9.133333333333333	0.8246
9.15	0.8243
9.166666666666666	0.8241
9.183333333333334	0.8238
9.2	0.8235
9.216666666666667	0.8233
9.233333333333333	0.8229
9.25	0.8227
9.266666666666667	0.8225
9.283333333333333	0.8221
9.3	0.8219
9.316666666666666	0.8216
9.333333333333334	0.8213
9.35	0.8211
9.366666666666667	0.8208
9.383333333333333	0.8205
9.4	0.8202
9.416666666666666	0.8199
9.433333333333334	0.8196
9.45	0.8194
9.466666666666667	0.8191
9.483333333333333	0.8187
9.5	0.8185
9.516666666666667	0.8182
9.533333333333333	0.8179
9.55	0.8177
9.566666666666666	0.8174
9.583333333333334	0.817
9.6	0.8168
9.616666666666667	0.8165
9.633333333333333	0.8162
9.65	0.8159
9.666666666666666	0.8156
9.683333333333334	0.8153
9.7	0.815
9.716666666666667	0.8148
9.733333333333333	0.8145
9.75	0.8142
9.766666666666667	0.8139
9.783333333333333	0.8135
9.8	0.8132
9.816666666666666	0.813
9.833333333333334	0.8126
9.85	0.8124
9.866666666666667	0.812
9.883333333333333	0.8117
9.9	0.8114
9.916666666666666	0.8112
9.933333333333334	0.8108
9.95	0.8105
9.966666666666667	0.8102
9.983333333333333	0.8099
10.0	0.8096
10.016666666666667	0.8093
10.033333333333333	0.8089
10.05	0.8086
10.066666666666666	0.8083
10.083333333333334	0.8081
10.1	0.8078
10.116666666666667	0.8073
10.133333333333333	0.8069
10.15	0.8067
10.166666666666666	0.8064
10.183333333333334	0.8061
10.2	0.8058
10.216666666666667	0.8055
10.233333333333333	0.8051
10.25	0.8048
10.266666666666667	0.8045
10.283333333333333	0.8041
10.3	0.8038
10.316666666666666	0.8035
10.333333333333334	0.8031
10.35	0.8027
10.366666666666667	0.8024
10.383333333333333	0.802
10.4	0.8017
10.416666666666666	0.8013
10.433333333333334	0.8009
10.45	0.8006
10.466666666666667	0.8003
10.483333333333333	0.7999
10.5	0.7996
10.516666666666667	0.7992
10.533333333333333	0.7989
10.55	0.7986
10.566666666666666	0.7982
10.583333333333334	0.7978
10.6	0.7975
10.616666666666667	0.7971
10.633333333333333	0.7967
10.65	0.7963
10.666666666666666	0.796
10.683333333333334	0.7956
10.7	0.7953
10.716666666666667	0.7949
10.733333333333333	0.7944
10.75	0.7941
10.766666666666667	0.7938
10.783333333333333	0.7933
10.8	0.793
10.816666666666666	0.7926
10.833333333333334	0.7922
10.85	0.7918
10.866666666666667	0.7915
10.883333333333333	0.791
10.9	0.7907
10.916666666666666	0.7903
10.933333333333334	0.7898
10.95	0.7894
10.966666666666667	0.7891
10.983333333333333	0.7887
11.0	0.7883
11.016666666666667	0.7879
11.033333333333333	0.7874
11.05	0.7871
11.066666666666666	0.7866
11.083333333333334	0.7861
11.1	0.7858
11.116666666666667	0.7854
11.133333333333333	0.7849
11.15	0.7846
11.166666666666666	0.7842
11.183333333333334	0.7837
11.2	0.7832
11.216666666666667	0.7828
11.233333333333333	0.7825
11.25	0.782
11.266666666666667	0.7815
11.283333333333333	0.7811
11.3	0.7807
11.316666666666666	0.7803
11.333333333333334	0.7798
11.35	0.7795
11.366666666666667	0.779
11.383333333333333	0.7784
11.4	0.778
11.416666666666666	0.7776
11.433333333333334	0.777
11.45	0.7766
11.466666666666667	0.7762
11.483333333333333	0.7757
11.5	0.7752
11.516666666666667	0.7748
11.533333333333333	0.7743
11.55	0.7738
11.566666666666666	0.7733
11.583333333333334	0.7728
11.6	0.7723
11.616666666666667	0.7718
11.633333333333333	0.7713
11.65	0.7708
11.666666666666666	0.7703
11.683333333333334	0.7698
11.7	0.7693
11.716666666666667	0.7688
11.733333333333333	0.7683
11.75	0.7678
11.766666666666667	0.7673
11.783333333333333	0.7667
11.8	0.7662
11.816666666666666	0.7657
11.833333333333334	0.7651
11.85	0.7647
11.866666666666667	0.7641
11.883333333333333	0.7636
11.9	0.7631
11.916666666666666	0.7625
11.933333333333334	0.7619
11.95	0.7613
11.966666666666667	0.7608
11.983333333333333	0.7603
12.0	0.7598
12.016666666666667	0.7592
12.033333333333333	0.7585
12.05	0.7579
12.066666666666666	0.7573
12.083333333333334	0.7569
12.1	0.7562
12.116666666666667	0.7556
12.133333333333333	0.755
12.15	0.7545
12.166666666666666	0.7539
12.183333333333334	0.7532
12.2	0.7526
12.216666666666667	0.7519
12.233333333333333	0.7513
12.25	0.7508
12.266666666666667	0.7501
12.283333333333333	0.7494
12.3	0.7489
12.316666666666666	0.7483
12.333333333333334	0.7476
12.35	0.7469
12.366666666666667	0.7462
12.383333333333333	0.7455
12.4	0.7448
12.416666666666666	0.7442
12.433333333333334	0.7434
12.45	0.7427
12.466666666666667	0.7421
12.483333333333333	0.7413
12.5	0.7407
12.516666666666667	0.74
12.533333333333333	0.7393
12.55	0.7387
12.566666666666666	0.738
12.583333333333334	0.7372
12.6	0.7364
12.616666666666667	0.7357
12.633333333333333	0.7349
12.65	0.7342
12.666666666666666	0.7334
12.683333333333334	0.7326
12.7	0.7319
12.716666666666667	0.7312
12.733333333333333	0.7302
12.75	0.7295
12.766666666666667	0.7286
12.783333333333333	0.7279
12.8	0.7271
12.816666666666666	0.7263
12.833333333333334	0.7254
12.85	0.7246
12.866666666666667	0.7238
12.883333333333333	0.7229
12.9	0.7221
12.916666666666666	0.7212
12.933333333333334	0.7202
12.95	0.7193
12.966666666666667	0.7186
12.983333333333333	0.7176
13.0	0.7167
13.016666666666667	0.7159
13.033333333333333	0.7149
13.05	0.7139
13.066666666666666	0.7129
13.083333333333334	0.7118
13.1	0.7109
13.116666666666667	0.71
13.133333333333333	0.709
13.15	0.708
13.166666666666666	0.707
13.183333333333334	0.706
13.2	0.7051
13.216666666666667	0.704
13.233333333333333	0.7029
13.25	0.7018
13.266666666666667	0.7008
13.283333333333333	0.6995
13.3	0.6983
13.316666666666666	0.6972
13.333333333333334	0.6961
13.35	0.6951
13.366666666666667	0.694
13.383333333333333	0.6927
13.4	0.6915
13.416666666666666	0.6902
13.433333333333334	0.6888
13.45	0.6878
13.466666666666667	0.6867
13.483333333333333	0.6853
13.5	0.6841
13.516666666666667	0.6828
13.533333333333333	0.6814
13.55	0.6801
13.566666666666666	0.6787
13.583333333333334	0.6772
13.6	0.6758
13.616666666666667	0.6744
13.633333333333333	0.6727
13.65	0.6713
13.666666666666666	0.67
13.683333333333334	0.6685
13.7	0.6669
13.716666666666667	0.6653
13.733333333333333	0.6635
13.75	0.6617
13.766666666666667	0.6601
13.783333333333333	0.6583
13.8	0.6567
13.816666666666666	0.655
13.833333333333334	0.6532
13.85	0.6514
13.866666666666667	0.6495
13.883333333333333	0.6477
13.9	0.6456
13.916666666666666	0.6435
13.933333333333334	0.6413
13.95	0.6391
13.966666666666667	0.637
13.983333333333333	0.635
14.0	0.633
14.016666666666667	0.6307
14.033333333333333	0.6282
14.05	0.626
14.066666666666666	0.6236
14.083333333333334	0.6211
14.1	0.6186
14.116666666666667	0.6158
14.133333333333333	0.613
14.15	0.6105
14.166666666666666	0.6077
14.183333333333334	0.6047
14.2	0.6018
14.216666666666667	0.5989
14.233333333333333	0.5961
14.25	0.5933
14.266666666666667	0.5902
14.283333333333333	0.5873
14.3	0.5842
14.316666666666666	0.5808
14.333333333333334	0.5769
14.35	0.5738
14.366666666666667	0.5709
14.383333333333333	0.5676
14.4	0.5638
14.416666666666666	0.5605
14.433333333333334	0.5569
14.45	0.5534
14.466666666666667	0.5499
14.483333333333333	0.5465
14.5	0.5429
14.516666666666667	0.5394
14.533333333333333	0.5365
14.55	0.5336
14.566666666666666	0.5304
14.583333333333334	0.5271
14.6	0.5241
14.616666666666667	0.5213
14.633333333333333	0.5184
14.65	0.5155
14.666666666666666	0.513
14.683333333333334	0.5106
14.7	0.5082
14.716666666666667	0.5062
14.733333333333333	0.5039
14.75	0.502
14.766666666666667	0.5003
14.783333333333333	0.4984
14.8	0.4966
14.816666666666666	0.4951
14.833333333333334	0.4934
14.85	0.4919
14.866666666666667	0.4905
14.883333333333333	0.4891
14.9	0.4878
14.916666666666666	0.4866
14.933333333333334	0.4854
14.95	0.4844
14.966666666666667	0.4834
14.983333333333333	0.4822
15.0	0.4813
15.016666666666667	0.4804
15.033333333333333	0.4794
15.05	0.4786
15.066666666666666	0.4778
15.083333333333334	0.4769
15.1	0.4762
15.116666666666667	0.4757
15.133333333333333	0.475
15.15	0.4743
15.166666666666666	0.4738
15.183333333333334	0.4731
15.2	0.4725
15.216666666666667	0.4719
15.233333333333333	0.4711
15.25	0.4706
15.266666666666667	0.4701
15.283333333333333	0.4694
15.3	0.4689
15.316666666666666	0.4685
15.333333333333334	0.4679
15.35	0.4674
15.366666666666667	0.467
15.383333333333333	0.4666
15.4	0.4661
15.416666666666666	0.4657
15.433333333333334	0.4653
15.45	0.4649
15.466666666666667	0.4645
15.483333333333333	0.464
15.5	0.4636
15.516666666666667	0.4632
15.533333333333333	0.4628
15.55	0.4625
15.566666666666666	0.4621
15.583333333333334	0.4617
15.6	0.4614
15.616666666666667	0.4612
15.633333333333333	0.4608
15.65	0.4604
15.666666666666666	0.4601
15.683333333333334	0.4597
15.7	0.4594
15.716666666666667	0.4591
15.733333333333333	0.4588
15.75	0.4585
15.766666666666667	0.4582
15.783333333333333	0.4579
15.8	0.4576
15.816666666666666	0.4574
15.833333333333334	0.457
15.85	0.4568
15.866666666666667	0.4565
15.883333333333333	0.4562
15.9	0.4559
15.916666666666666	0.4557
15.933333333333334	0.4554
15.95	0.4551
15.966666666666667	0.4549
15.983333333333333	0.4546
16.0	0.4543
16.016666666666666	0.4541
16.033333333333335	0.4538
16.05	0.4536
16.066666666666666	0.4534
16.083333333333332	0.4531
16.1	0.4529
16.116666666666667	0.4526
16.133333333333333	0.4523
16.15	0.4521
16.166666666666668	0.4519
16.183333333333334	0.4516
16.2	0.4514
16.216666666666665	0.4512
16.233333333333334	0.4509
16.25	0.4507
16.266666666666666	0.4505
16.283333333333335	0.4502
16.3	0.45
16.316666666666666	0.4498
16.333333333333332	0.4496
16.35	0.4494
16.366666666666667	0.4492
16.383333333333333	0.4488
16.4	0.4486
16.416666666666668	0.4484
16.433333333333334	0.4481
16.45	0.448
16.466666666666665	0.4478
16.483333333333334	0.4475
16.5	0.4473
16.516666666666666	0.4471
16.533333333333335	0.4468
16.55	0.4466
16.566666666666666	0.4465
16.583333333333332	0.4462
16.6	0.446
16.616666666666667	0.4458
16.633333333333333	0.4455
16.65	0.4453
16.666666666666668	0.4452
16.683333333333334	0.4449
16.7	0.4447
16.716666666666665	0.4446
16.733333333333334	0.4442
16.75	0.4441
16.766666666666666	0.4439
16.783333333333335	0.4436
16.8	0.4434
16.816666666666666	0.4433
16.833333333333332	0.443
16.85	0.4428
16.866666666666667	0.4426
16.883333333333333	0.4424
16.9	0.4422
16.916666666666668	0.442
16.933333333333334	0.4417
16.95	0.4415
16.966666666666665	0.4414
16.983333333333334	0.4411
17.0	0.4409
17.016666666666666	0.4407
17.033333333333335	0.4405
17.05	0.4403
17.066666666666666	0.4402
17.083333333333332	0.4399
17.1	0.4397
17.116666666666667	0.4396
17.133333333333333	0.4393
17.15	0.4391
17.166666666666668	0.4389
17.183333333333334	0.4387
17.2	0.4385
17.216666666666665	0.4383
17.233333333333334	0.438
17.25	0.4379
17.266666666666666	0.4377
17.283333333333335	0.4374
17.3	0.4373
17.316666666666666	0.4371
17.333333333333332	0.4369
17.35	0.4367
17.366666666666667	0.4365
17.383333333333333	0.4363
17.4	0.436
17.416666666666668	0.4359
17.433333333333334	0.4356
17.45	0.4355
17.466666666666665	0.4353
17.483333333333334	0.435
17.5	0.4349
17.516666666666666	0.4347
17.533333333333335	0.4345
17.55	0.4343
17.566666666666666	0.4341
17.583333333333332	0.4339
17.6	0.4337
17.616666666666667	0.4335
17.633333333333333	0.4333
17.65	0.4331
17.666666666666668	0.4329
17.683333333333334	0.4327
17.7	0.4325
17.716666666666665	0.4324
17.733333333333334	0.4321
17.75	0.4319
17.766666666666666	0.4317
17.783333333333335	0.4314
17.8	0.4313
17.816666666666666	0.4311
17.833333333333332	0.4309
17.85	0.4307
17.866666666666667	0.4306
17.883333333333333	0.4303
17.9	0.4301
17.916666666666668	0.43
17.933333333333334	0.4298
17.95	0.4296
17.966666666666665	0.4294
17.983333333333334	0.4291
18.0	0.4289
18.016666666666666	0.4288
18.033333333333335	0.4285
18.05	0.4283
18.066666666666666	0.4282
18.083333333333332	0.4279
18.1	0.4278
18.116666666666667	0.4277
18.133333333333333	0.4274
18.15	0.4272
18.166666666666668	0.4271
18.183333333333334	0.4268
18.2	0.4266
18.216666666666665	0.4264
18.233333333333334	0.4262
18.25	0.426
18.266666666666666	0.4259
18.283333333333335	0.4256
18.3	0.4254
18.316666666666666	0.4253
18.333333333333332	0.425
18.35	0.4248
18.366666666666667	0.4247
18.383333333333333	0.4244
18.4	0.4243
18.416666666666668	0.4241
18.433333333333334	0.4239
18.45	0.4237
18.466666666666665	0.4235
18.483333333333334	0.4232
18.5	0.423
18.516666666666666	0.4228
18.533333333333335	0.4226
18.55	0.4224
18.566666666666666	0.4223
18.583333333333332	0.422
18.6	0.4218
18.616666666666667	0.4216
18.633333333333333	0.4214
18.65	0.4212
18.666666666666668	0.4211
18.683333333333334	0.4208
18.7	0.4207
18.716666666666665	0.4205
18.733333333333334	0.4202
18.75	0.4201
18.766666666666666	0.4199
18.783333333333335	0.4196
18.8	0.4195
18.816666666666666	0.4193
18.833333333333332	0.419
18.85	0.4188
18.866666666666667	0.4187
18.883333333333333	0.4184
18.9	0.4182
18.916666666666668	0.4181
18.933333333333334	0.4178
18.95	0.4176
18.966666666666665	0.4175
18.983333333333334	0.4171
19.0	0.4169
19.016666666666666	0.4168
19.033333333333335	0.4165
19.05	0.4164
19.066666666666666	0.4162
19.083333333333332	0.4159
19.1	0.4157
19.116666666666667	0.4155
19.133333333333333	0.4153
19.15	0.4151
19.166666666666668	0.415
19.183333333333334	0.4147
19.2	0.4145
19.216666666666665	0.4143
19.233333333333334	0.414
19.25	0.4138
19.266666666666666	0.4137
19.283333333333335	0.4134
19.3	0.4133
19.316666666666666	0.4131
19.333333333333332	0.4128
19.35	0.4126
19.366666666666667	0.4124
19.383333333333333	0.4121
19.4	0.4119
19.416666666666668	0.4117
19.433333333333334	0.4115
19.45	0.4113
19.466666666666665	0.4111
19.483333333333334	0.4108
19.5	0.4106
19.516666666666666	0.4104
19.533333333333335	0.4102
19.55	0.41
19.566666666666666	0.4098
19.583333333333332	0.4095
19.6	0.4093
19.616666666666667	0.4091
19.633333333333333	0.4089
19.65	0.4087
19.666666666666668	0.4085
19.683333333333334	0.4082
19.7	0.408
19.716666666666665	0.4078
19.733333333333334	0.4075
19.75	0.4072
19.766666666666666	0.407
19.783333333333335	0.4068
19.8	0.4066
19.816666666666666	0.4064
19.833333333333332	0.4061
19.85	0.4059
19.866666666666667	0.4057
19.883333333333333	0.4054
19.9	0.4052
19.916666666666668	0.405
19.933333333333334	0.4048
19.95	0.4046
19.966666666666665	0.4044
19.983333333333334	0.4041
20.0	0.4039
20.016666666666666	0.4036
20.033333333333335	0.4033
20.05	0.4031
20.066666666666666	0.4029
20.083333333333332	0.4026
20.1	0.4024
20.116666666666667	0.4022
20.133333333333333	0.4019
20.15	0.4017
20.166666666666668	0.4014
20.183333333333334	0.4011
20.2	0.4009
20.216666666666665	0.4007
20.233333333333334	0.4004
20.25	0.4002
20.266666666666666	0.4
20.283333333333335	0.3997
20.3	0.3995
20.316666666666666	0.3993
20.333333333333332	0.399
20.35	0.3989
20.366666666666667	0.3987
20.383333333333333	0.3985
20.4	0.3982
20.416666666666668	0.3979
20.433333333333334	0.3975
20.45	0.3973
20.466666666666665	0.3971
20.483333333333334	0.3968
20.5	0.3966
20.516666666666666	0.3964
20.533333333333335	0.3961
20.55	0.3959
20.566666666666666	0.3957
20.583333333333332	0.3953
20.6	0.3951
20.616666666666667	0.3948
20.633333333333333	0.3945
20.65	0.3942
20.666666666666668	0.3941
20.683333333333334	0.3938
20.7	0.3935
20.716666666666665	0.3933
20.733333333333334	0.393
20.75	0.3927
20.766666666666666	0.3925
20.783333333333335	0.3922
20.8	0.3919
20.816666666666666	0.3917
20.833333333333332	0.3913
20.85	0.3911
20.866666666666667	0.3909
20.883333333333333	0.3906
20.9	0.3903
20.916666666666668	0.3902
20.933333333333334	0.3899
20.95	0.3896
20.966666666666665	0.3894
20.983333333333334	0.3892
21.0	0.3889
21.016666666666666	0.3887
21.033333333333335	0.3884
21.05	0.3881
21.066666666666666	0.3878
21.083333333333332	0.3875
21.1	0.3872
21.116666666666667	0.387
21.133333333333333	0.3867
21.15	0.3864
21.166666666666668	0.3863
21.183333333333334	0.3859
21.2	0.3856
21.216666666666665	0.3854
21.233333333333334	0.3851
21.25	0.3849
21.266666666666666	0.3847
21.283333333333335	0.3844
21.3	0.3842
21.316666666666666	0.384
21.333333333333332	0.3836
21.35	0.3834
21.366666666666667	0.3832
21.383333333333333	0.3828
21.4	0.3826
21.416666666666668	0.3824
21.433333333333334	0.3821
21.45	0.3819
21.466666666666665	0.3817
21.483333333333334	0.3814
21.5	0.3811
21.516666666666666	0.3809
21.533333333333335	0.3805
21.55	0.3802
21.566666666666666	0.3801
21.583333333333332	0.3797
21.6	0.3795
21.616666666666667	0.3793
21.633333333333333	0.3789
21.65	0.3786
21.666666666666668	0.3784
21.683333333333334	0.3781
21.7	0.3778
21.716666666666665	0.3775
21.733333333333334	0.3771
21.75	0.3769
21.766666666666666	0.3767
21.783333333333335	0.3764
21.8	0.3762
21.816666666666666	0.3759
21.833333333333332	0.3755
21.85	0.3753
21.866666666666667	0.375
21.883333333333333	0.3747
21.9	0.3744
21.916666666666668	0.3742
21.933333333333334	0.3739
21.95	0.3737
21.966666666666665	0.3734
21.983333333333334	0.3731
22.0	0.3729
22.016666666666666	0.3727
22.033333333333335	0.3723
22.05	0.372
22.066666666666666	0.3718
22.083333333333332	0.3714
22.1	0.3712
22.116666666666667	0.3709
22.133333333333333	0.3706
22.15	0.3704
22.166666666666668	0.3702
22.183333333333334	0.3698
22.2	0.3695
22.216666666666665	0.3692
22.233333333333334	0.3687
22.25	0.3686
22.266666666666666	0.3685
22.283333333333335	0.3681
22.3	0.3679
22.316666666666666	0.3677
22.333333333333332	0.3673
22.35	0.3671
22.366666666666667	0.3668
22.383333333333333	0.3664
22.4	0.3661
22.416666666666668	0.3659
22.433333333333334	0.3655
22.45	0.3653
22.466666666666665	0.3651
22.483333333333334	0.3647
22.5	0.3645
22.516666666666666	0.3643
22.533333333333335	0.3638
22.55	0.3635
22.566666666666666	0.3633
22.583333333333332	0.363
22.6	0.3628
22.616666666666667	0.3626
22.633333333333333	0.3623
22.65	0.362
22.666666666666668	0.3618
22.683333333333334	0.3614
22.7	0.3612
22.716666666666665	0.3609
22.733333333333334	0.3605
22.75	0.3603
22.766666666666666	0.3601
22.783333333333335	0.3597
22.8	0.3594
22.816666666666666	0.3593
22.833333333333332	0.3589
22.85	0.3586
22.866666666666667	0.3584
22.883333333333333	0.358
22.9	0.3578
22.916666666666668	0.3575
22.933333333333334	0.3571
22.95	0.3568
22.966666666666665	0.3565
22.983333333333334	0.3561
23.0	0.3558
23.016666666666666	0.3557
23.033333333333335	0.3553
23.05	0.355
23.066666666666666	0.3548
23.083333333333332	0.3544
23.1	0.3541
23.116666666666667	0.3539
23.133333333333333	0.3534
23.15	0.3531
23.166666666666668	0.3528
23.183333333333334	0.3524
23.2	0.3521
23.216666666666665	0.3518
23.233333333333334	0.3514
23.25	0.3512
23.266666666666666	0.351
23.283333333333335	0.3506
23.3	0.3503
23.316666666666666	0.3502
23.333333333333332	0.3498
23.35	0.3495
23.366666666666667	0.3492
23.383333333333333	0.3487
23.4	0.3485
23.416666666666668	0.3482
23.433333333333334	0.3477
23.45	0.3475
23.466666666666665	0.3473
23.483333333333334	0.3468
23.5	0.3466
23.516666666666666	0.3464
23.533333333333335	0.346
23.55	0.3457
23.566666666666666	0.3456
23.583333333333332	0.3451
23.6	0.3448
23.616666666666667	0.3445
23.633333333333333	0.3441
23.65	0.3438
23.666666666666668	0.3436
23.683333333333334	0.3432
23.7	0.3427
23.716666666666665	0.3423
23.733333333333334	0.342
23.75	0.3417
23.766666666666666	0.3415
23.783333333333335	0.341
23.8	0.3407
23.816666666666666	0.3404
23.833333333333332	0.3399
23.85	0.3398
23.866666666666667	0.3396
23.883333333333333	0.3392
23.9	0.3389
23.916666666666668	0.3386
23.933333333333334	0.3381
23.95	0.3377
23.966666666666665	0.3374
23.983333333333334	0.337
24.0	0.3368
24.016666666666666	0.3366
24.033333333333335	0.3362
24.05	0.3359
24.066666666666666	0.3355
24.083333333333332	0.335
24.1	0.3347
24.116666666666667	0.3344
24.133333333333333	0.334
24.15	0.3336
24.166666666666668	0.3333
24.183333333333334	0.3328
24.2	0.3325
24.216666666666665	0.3323
24.233333333333334	0.3319
24.25	0.3316
24.266666666666666	0.3314
24.283333333333335	0.3309
24.3	0.3305
24.316666666666666	0.3302
24.333333333333332	0.3298
24.35	0.3294
24.366666666666667	0.3291
24.383333333333333	0.3287
24.4	0.3282
24.416666666666668	0.328
24.433333333333334	0.3277
24.45	0.3273
24.466666666666665	0.3271
24.483333333333334	0.3266
24.5	0.3262
24.516666666666666	0.326
24.533333333333335	0.3256
24.55	0.3253
24.566666666666666	0.325
24.583333333333332	0.3245
24.6	0.3241
24.616666666666667	0.3238
24.633333333333333	0.3234
24.65	0.323
24.666666666666668	0.3227
24.683333333333334	0.3223
24.7	0.322
24.716666666666665	0.3217
24.733333333333334	0.3212
24.75	0.3209
24.766666666666666	0.3206
24.783333333333335	0.3199
24.8	0.3195
24.816666666666666	0.3192
24.833333333333332	0.3188
24.85	0.3183
24.866666666666667	0.318
24.883333333333333	0.3176
24.9	0.3172
24.916666666666668	0.3169
24.933333333333334	0.3164
24.95	0.316
24.966666666666665	0.3158
24.983333333333334	0.3151
25.0	0.3147
25.016666666666666	0.3144
25.033333333333335	0.3139
25.05	0.3135
25.066666666666666	0.3133
25.083333333333332	0.3128
25.1	0.3123
25.116666666666667	0.312
25.133333333333333	0.3114
25.15	0.311
25.166666666666668	0.3107
25.183333333333334	0.3101
25.2	0.3099
25.216666666666665	0.3096
25.233333333333334	0.309
25.25	0.3085
25.266666666666666	0.3082
25.283333333333335	0.3077
25.3	0.3073
25.316666666666666	0.307
25.333333333333332	0.3066
25.35	0.3062
25.366666666666667	0.3057
25.383333333333333	0.3053
25.4	0.305
25.416666666666668	0.3047
25.433333333333334	0.3041
25.45	0.3037
25.466666666666665	0.3035
25.483333333333334	0.3028
25.5	0.3012
25.516666666666666	0.3011
25.533333333333335	0.3011
25.55	0.3007
25.566666666666666	0.3006
25.583333333333332	0.2999
25.6	0.2994
25.616666666666667	0.2992
25.633333333333333	0.2985
25.65	0.298
25.666666666666668	0.2977
25.683333333333334	0.2972
25.7	0.2968
25.716666666666665	0.2966
25.733333333333334	0.2959
25.75	0.2954
25.766666666666666	0.2952
25.783333333333335	0.2944
25.8	0.294
25.816666666666666	0.2937
25.833333333333332	0.293
25.85	0.2925
25.866666666666667	0.2922
25.883333333333333	0.2916
25.9	0.2912
25.916666666666668	0.2909
25.933333333333334	0.2901
25.95	0.2897
25.966666666666665	0.2893
25.983333333333334	0.2886
26.0	0.2881
26.016666666666666	0.2877
26.033333333333335	0.2869
26.05	0.2863
26.066666666666666	0.2859
26.083333333333332	0.2853
26.1	0.2848
26.116666666666667	0.2845
26.133333333333333	0.2837
26.15	0.2831
26.166666666666668	0.2826
26.183333333333334	0.282
26.2	0.2815
26.216666666666665	0.2811
26.233333333333334	0.2804
26.25	0.2798
26.266666666666666	0.2792
26.283333333333335	0.2783
26.3	0.2779
26.316666666666666	0.2777
26.333333333333332	0.2771
26.35	0.2765
26.366666666666667	0.276
26.383333333333333	0.2752
26.4	0.2746
26.416666666666668	0.2741
26.433333333333334	0.2734
26.45	0.2728
26.466666666666665	0.2722
26.483333333333334	0.2715
26.5	0.2708
26.516666666666666	0.2702
26.533333333333335	0.2694
26.55	0.2686
26.566666666666666	0.2682
26.583333333333332	0.2678
26.6	0.2673
26.616666666666667	0.2669
26.633333333333333	0.2659
26.65	0.265
26.666666666666668	0.2646
26.683333333333334	0.2638
26.7	0.263
26.716666666666665	0.2624
26.733333333333334	0.2616
26.75	0.2608
26.766666666666666	0.2603
26.783333333333335	0.2593
26.8	0.2586
26.816666666666666	0.258
26.833333333333332	0.257
26.85	0.2562
26.866666666666667	0.2557
26.883333333333333	0.2546
26.9	0.2539
26.916666666666668	0.2535
26.933333333333334	0.2524
26.95	0.2519
26.966666666666665	0.2513
26.983333333333334	0.2502
27.0	0.2493
27.016666666666666	0.2488
27.033333333333335	0.2477
27.05	0.2469
27.066666666666666	0.2465
27.083333333333332	0.2455
27.1	0.2449
27.116666666666667	0.2442
27.133333333333333	0.2431
27.15	0.2424
27.166666666666668	0.2419
27.183333333333334	0.2404
27.2	0.2393
27.216666666666665	0.2386
27.233333333333334	0.2373
27.25	0.236
27.266666666666666	0.2355
27.283333333333335	0.2343
27.3	0.2332
27.316666666666666	0.2324
27.333333333333332	0.231
27.35	0.23
27.366666666666667	0.2293
27.383333333333333	0.2282
27.4	0.2273
27.416666666666668	0.2265
27.433333333333334	0.2251
27.45	0.2238
27.466666666666665	0.2229
27.483333333333334	0.2213
27.5	0.22
27.516666666666666	0.2191
27.533333333333335	0.2173
27.55	0.2162
27.566666666666666	0.2153
27.583333333333332	0.2137
27.6	0.2126
27.616666666666667	0.212
27.633333333333333	0.2104
27.65	0.2089
27.666666666666668	0.2081
27.683333333333334	0.2063
27.7	0.2044
27.716666666666665	0.203
27.733333333333334	0.2008
27.75	0.1991
27.766666666666666	0.198
27.783333333333335	0.1959
27.8	0.1944
27.816666666666666	0.1935
27.833333333333332	0.192
27.85	0.1903
27.866666666666667	0.1889
27.883333333333333	0.1867
27.9	0.1849
27.916666666666668	0.1836
27.933333333333334	0.181
27.95	0.1784
27.966666666666665	0.1768
27.983333333333334	0.1742
28.0	0.1724
28.016666666666666	0.1714
28.033333333333335	0.1686
28.05	0.1657
28.066666666666666	0.1642
28.083333333333332	0.1611
28.1	0.1586
28.116666666666667	0.1567
28.133333333333333	0.1534
28.15	0.1508
28.166666666666668	0.1485
28.183333333333334	0.1438
28.2	0.1396
28.216666666666665	0.1377
28.233333333333334	0.1338
28.25	0.131
28.266666666666666	0.1293
28.283333333333335	0.1253
28.3	0.1211
28.316666666666666	0.1176
28.333333333333332	0.1122
28.35	0.108
28.366666666666667	0.1058
28.383333333333333	0.1007
28.4	0.09509
28.416666666666668	0.09042
28.433333333333334	0.08402
28.45	0.07837
28.466666666666665	0.07513
28.483333333333334	0.06863
28.5	0.06121
28.516666666666666	0.05405
28.533333333333335	0.04475
28.55	0.03584
28.566666666666666	0.03042
28.583333333333332	0.02262
28.583333333333332	0.01843
28.6	0.01693
28.616666666666667	0.04394
28.633333333333333	0.01029
28.65	0.0243
