0.016666666666666666	-0.3546
0.03333333333333333	-0.35419999999999996
0.05	-0.3538
0.06666666666666667	-0.3537
0.08333333333333333	-0.354
0.1	-0.35409999999999997
0.11666666666666667	-0.3539
0.13333333333333333	-0.3538
0.15	-0.35329999999999995
0.16666666666666666	-0.3529
0.18333333333333332	-0.35229999999999995
0.2	-0.3519
0.21666666666666667	-0.3516
0.23333333333333334	-0.35119999999999996
0.25	-0.3509
0.26666666666666666	-0.35040000000000004
0.2833333333333333	-0.35019999999999996
0.3	-0.3497
0.31666666666666665	-0.34950000000000003
0.3333333333333333	-0.3488
0.35	-0.3487
0.36666666666666664	-0.34840000000000004
0.38333333333333336	-0.3477
0.4	-0.3476
0.4166666666666667	-0.34719999999999995
0.43333333333333335	-0.3468
0.45	-0.34650000000000003
0.4666666666666667	-0.346
0.48333333333333334	-0.3459
0.5	-0.34550000000000003
0.5166666666666667	-0.34529999999999994
0.5333333333333333	-0.345
0.55	-0.34450000000000003
0.5666666666666667	-0.34409999999999996
0.5833333333333334	-0.344
0.6	-0.34340000000000004
0.6166666666666667	-0.34299999999999997
0.6333333333333333	-0.34299999999999997
0.65	-0.3425
0.6666666666666666	-0.34219999999999995
0.6833333333333333	-0.3418
0.7	-0.3417
0.7166666666666667	-0.34109999999999996
0.7333333333333333	-0.34099999999999997
0.75	-0.3407
0.7666666666666667	-0.34030000000000005
0.7833333333333333	-0.34009999999999996
0.8	-0.3396
0.8166666666666667	-0.33940000000000003
0.8333333333333334	-0.33919999999999995
0.85	-0.3389
0.8666666666666667	-0.3385
0.8833333333333333	-0.33830000000000005
0.9	-0.3379
0.9166666666666666	-0.3377
0.9333333333333333	-0.33740000000000003
0.95	-0.33719999999999994
0.9666666666666667	-0.3369
0.9833333333333333	-0.3366
1.0	-0.33609999999999995
1.0166666666666666	-0.3359
1.0333333333333334	-0.3357
1.05	-0.33530000000000004
1.0666666666666667	-0.33519999999999994
1.0833333333333333	-0.3349
1.1	-0.33430000000000004
1.1166666666666667	-0.33419999999999994
1.1333333333333333	-0.33399999999999996
1.15	-0.3336
1.1666666666666667	-0.3336
1.1833333333333333	-0.33330000000000004
1.2	-0.3328
1.2166666666666666	-0.3325
1.2333333333333334	-0.33230000000000004
1.25	-0.33230000000000004
1.2666666666666666	-0.3319
1.2833333333333334	-0.3317
1.3	-0.33140000000000003
1.3166666666666667	-0.33099999999999996
1.3333333333333333	-0.33089999999999997
1.35	-0.3305
1.3666666666666667	-0.33020000000000005
1.3833333333333333	-0.32999999999999996
1.4	-0.3296
1.4166666666666667	-0.3296
1.4333333333333333	-0.32920000000000005
1.45	-0.32899999999999996
1.4666666666666666	-0.3286
1.4833333333333334	-0.32830000000000004
1.5	-0.32830000000000004
1.5166666666666666	-0.32809999999999995
1.5333333333333334	-0.3277
1.55	-0.3276
1.5666666666666667	-0.3274
1.5833333333333333	-0.32699999999999996
1.6	-0.32689999999999997
1.6166666666666667	-0.3266
1.6333333333333333	-0.3264
1.65	-0.32599999999999996
1.6666666666666667	-0.3258
1.6833333333333333	-0.32530000000000003
1.7	-0.32530000000000003
1.7166666666666666	-0.32520000000000004
1.7333333333333334	-0.3248
1.75	-0.3246
1.7666666666666666	-0.3244
1.7833333333333334	-0.32409999999999994
1.8	-0.32409999999999994
1.8166666666666667	-0.3238
1.8333333333333333	-0.3235
1.85	-0.32309999999999994
1.8666666666666667	-0.32309999999999994
1.8833333333333333	-0.3228
1.9	-0.3227
1.9166666666666667	-0.32230000000000003
1.9333333333333333	-0.32209999999999994
1.95	-0.3218
1.9666666666666666	-0.3217
1.9833333333333334	-0.32130000000000003
2.0	-0.32120000000000004
2.0166666666666666	-0.32099999999999995
2.033333333333333	-0.32089999999999996
2.05	-0.3204
2.066666666666667	-0.32020000000000004
2.0833333333333335	-0.3198
2.1	-0.3197
2.1166666666666667	-0.3196
2.1333333333333333	-0.3195
2.15	-0.31930000000000003
2.1666666666666665	-0.31899999999999995
2.183333333333333	-0.31899999999999995
2.2	-0.3187
2.216666666666667	-0.3185
2.2333333333333334	-0.31799999999999995
2.25	-0.31799999999999995
2.2666666666666666	-0.3177
2.283333333333333	-0.3174
2.3	-0.3173
2.316666666666667	-0.31710000000000005
2.3333333333333335	-0.31699999999999995
2.35	-0.31679999999999997
2.3666666666666667	-0.3163
2.3833333333333333	-0.3163
2.4	-0.31610000000000005
2.4166666666666665	-0.31579999999999997
2.433333333333333	-0.3155
2.45	-0.3155
2.466666666666667	-0.3155
2.4833333333333334	-0.31479999999999997
2.5	-0.31489999999999996
2.5166666666666666	-0.3145
2.533333333333333	-0.3146
2.55	-0.31410000000000005
2.566666666666667	-0.31399999999999995
2.5833333333333335	-0.31379999999999997
2.6	-0.3137
2.6166666666666667	-0.3134
2.6333333333333333	-0.3133
2.65	-0.31299999999999994
2.6666666666666665	-0.3126
2.683333333333333	-0.3124
2.7	-0.3125
2.716666666666667	-0.3123
2.7333333333333334	-0.31189999999999996
2.75	-0.3117
2.7666666666666666	-0.3115
2.783333333333333	-0.3115
2.8	-0.31120000000000003
2.816666666666667	-0.31079999999999997
2.8333333333333335	-0.31089999999999995
2.85	-0.3105
2.8666666666666667	-0.31010000000000004
2.8833333333333333	-0.30999999999999994
2.9	-0.30999999999999994
2.9166666666666665	-0.30989999999999995
2.933333333333333	-0.3095
2.95	-0.3094
2.966666666666667	-0.3093
2.9833333333333334	-0.30889999999999995
3.0	-0.30879999999999996
3.0166666666666666	-0.30879999999999996
3.033333333333333	-0.3083
3.05	-0.30810000000000004
3.066666666666667	-0.30820000000000003
3.0833333333333335	-0.30789999999999995
3.1	-0.3077
3.1166666666666667	-0.3074
3.1333333333333333	-0.3075
3.15	-0.30710000000000004
3.1666666666666665	-0.30699999999999994
3.183333333333333	-0.30679999999999996
3.2	-0.3065
3.216666666666667	-0.3064
3.2333333333333334	-0.3063
3.25	-0.30589999999999995
3.2666666666666666	-0.30589999999999995
3.283333333333333	-0.3056
3.3	-0.3053
3.316666666666667	-0.3055
3.3333333333333335	-0.3052
3.35	-0.30500000000000005
3.3666666666666667	-0.30479999999999996
3.3833333333333333	-0.3046
3.4	-0.3042
3.4166666666666665	-0.3043
3.433333333333333	-0.30400000000000005
3.45	-0.30379999999999996
3.466666666666667	-0.3036
3.4833333333333334	-0.3034
3.5	-0.30310000000000004
3.5166666666666666	-0.30289999999999995
3.533333333333333	-0.30279999999999996
3.55	-0.30269999999999997
3.566666666666667	-0.3026
3.5833333333333335	-0.3025
3.6	-0.3025
3.6166666666666667	-0.3023
3.6333333333333333	-0.30189999999999995
3.65	-0.30179999999999996
3.6666666666666665	-0.3015
3.683333333333333	-0.3014
3.7	-0.3012
3.716666666666667	-0.30110000000000003
3.7333333333333334	-0.30089999999999995
3.75	-0.3006
3.7666666666666666	-0.3003
3.783333333333333	-0.3002
3.8	-0.30010000000000003
3.816666666666667	-0.30010000000000003
3.8333333333333335	-0.29989999999999994
3.85	-0.2996
3.8666666666666667	-0.2993
3.8833333333333333	-0.2993
3.9	-0.2992
3.9166666666666665	-0.29900000000000004
3.933333333333333	-0.29869999999999997
3.95	-0.2986
3.966666666666667	-0.2986
3.9833333333333334	-0.29800000000000004
4.0	-0.29810000000000003
4.016666666666667	-0.29789999999999994
4.033333333333333	-0.29769999999999996
4.05	-0.2974
4.066666666666666	-0.2975
4.083333333333333	-0.2973
4.1	-0.29700000000000004
4.116666666666666	-0.29679999999999995
4.133333333333334	-0.2965
4.15	-0.2966
4.166666666666667	-0.2963
4.183333333333334	-0.2963
4.2	-0.29579999999999995
4.216666666666667	-0.29600000000000004
4.233333333333333	-0.29579999999999995
4.25	-0.2954
4.266666666666667	-0.2953
4.283333333333333	-0.2952
4.3	-0.29500000000000004
4.316666666666666	-0.29489999999999994
4.333333333333333	-0.29469999999999996
4.35	-0.29469999999999996
4.366666666666666	-0.2944
4.383333333333334	-0.2942
4.4	-0.29410000000000003
4.416666666666667	-0.29379999999999995
4.433333333333334	-0.29379999999999995
4.45	-0.2932
4.466666666666667	-0.2933
4.483333333333333	-0.2931
4.5	-0.2931
4.516666666666667	-0.29279999999999995
4.533333333333333	-0.2925
4.55	-0.29269999999999996
4.566666666666666	-0.2925
4.583333333333333	-0.29179999999999995
4.6	-0.2921
4.616666666666666	-0.29200000000000004
4.633333333333334	-0.29169999999999996
4.65	-0.29169999999999996
4.666666666666667	-0.2914
4.683333333333334	-0.2912
4.7	-0.2912
4.716666666666667	-0.29090000000000005
4.733333333333333	-0.29069999999999996
4.75	-0.29069999999999996
4.766666666666667	-0.2903
4.783333333333333	-0.2904
4.8	-0.2901
4.816666666666666	-0.29000000000000004
4.833333333333333	-0.29000000000000004
4.85	-0.2895
4.866666666666666	-0.2895
4.883333333333334	-0.2894
4.9	-0.2892
4.916666666666667	-0.28869999999999996
4.933333333333334	-0.28890000000000005
4.95	-0.28879999999999995
4.966666666666667	-0.2884
4.983333333333333	-0.2884
5.0	-0.28800000000000003
5.016666666666667	-0.28800000000000003
5.033333333333333	-0.28800000000000003
5.05	-0.28769999999999996
5.066666666666666	-0.2874
5.083333333333333	-0.2874
5.1	-0.2873
5.116666666666666	-0.28690000000000004
5.133333333333334	-0.28690000000000004
5.15	-0.28690000000000004
5.166666666666667	-0.28679999999999994
5.183333333333334	-0.2864
5.2	-0.2862
5.216666666666667	-0.2862
5.233333333333333	-0.28579999999999994
5.25	-0.28590000000000004
5.266666666666667	-0.28579999999999994
5.283333333333333	-0.28559999999999997
5.3	-0.2855
5.316666666666666	-0.2851
5.333333333333333	-0.28500000000000003
5.35	-0.28479999999999994
5.366666666666666	-0.28469999999999995
5.383333333333334	-0.28459999999999996
5.4	-0.2844
5.416666666666667	-0.2842
5.433333333333334	-0.2841
5.45	-0.28400000000000003
5.466666666666667	-0.28400000000000003
5.483333333333333	-0.2834
5.5	-0.28369999999999995
5.516666666666667	-0.2832
5.533333333333333	-0.28290000000000004
5.55	-0.28300000000000003
5.566666666666666	-0.28279999999999994
5.583333333333333	-0.28269999999999995
5.6	-0.2823
5.616666666666666	-0.2824
5.633333333333334	-0.2822
5.65	-0.2822
5.666666666666667	-0.2821
5.683333333333334	-0.28169999999999995
5.7	-0.28179999999999994
5.716666666666667	-0.28159999999999996
5.733333333333333	-0.2812
5.75	-0.281
5.766666666666667	-0.2813
5.783333333333333	-0.2811
5.8	-0.28079999999999994
5.816666666666666	-0.28059999999999996
5.833333333333333	-0.2804
5.85	-0.2802
5.866666666666666	-0.2802
5.883333333333334	-0.27980000000000005
5.9	-0.27980000000000005
5.916666666666667	-0.27969999999999995
5.933333333333334	-0.2794
5.95	-0.2794
5.966666666666667	-0.2793
5.983333333333333	-0.2791
6.0	-0.27890000000000004
6.016666666666667	-0.27880000000000005
6.033333333333333	-0.27859999999999996
6.05	-0.2784
6.066666666666666	-0.2783
6.083333333333333	-0.2781
6.1	-0.278
6.116666666666666	-0.27769999999999995
6.133333333333334	-0.27769999999999995
6.15	-0.27749999999999997
6.166666666666667	-0.27749999999999997
6.183333333333334	-0.2773
6.2	-0.277
6.216666666666667	-0.27690000000000003
6.233333333333333	-0.277
6.25	-0.27680000000000005
6.266666666666667	-0.2763
6.283333333333333	-0.2762
6.3	-0.2762
6.316666666666666	-0.276
6.333333333333333	-0.276
6.35	-0.27559999999999996
6.366666666666666	-0.27559999999999996
6.383333333333334	-0.2754
6.4	-0.2753
6.416666666666667	-0.275
6.433333333333334	-0.27480000000000004
6.45	-0.27490000000000003
6.466666666666667	-0.27480000000000004
6.483333333333333	-0.27459999999999996
6.5	-0.2743
6.516666666666667	-0.2742
6.533333333333333	-0.274
6.55	-0.27380000000000004
6.566666666666666	-0.27359999999999995
6.583333333333333	-0.27359999999999995
6.6	-0.2734
6.616666666666666	-0.2731
6.633333333333334	-0.2733
6.65	-0.2731
6.666666666666667	-0.27290000000000003
6.683333333333334	-0.27269999999999994
6.7	-0.27280000000000004
6.716666666666667	-0.27249999999999996
6.733333333333333	-0.2722
6.75	-0.2721
6.766666666666667	-0.272
6.783333333333333	-0.27180000000000004
6.8	-0.27159999999999995
6.816666666666666	-0.2713
6.833333333333333	-0.2714
6.85	-0.2713
6.866666666666666	-0.2713
6.883333333333334	-0.27080000000000004
6.9	-0.27080000000000004
6.916666666666667	-0.27080000000000004
6.933333333333334	-0.27049999999999996
6.95	-0.2703
6.966666666666667	-0.2702
6.983333333333333	-0.2701
7.0	-0.26990000000000003
7.016666666666667	-0.26980000000000004
7.033333333333333	-0.26949999999999996
7.05	-0.2693
7.066666666666666	-0.2692
7.083333333333333	-0.2691
7.1	-0.269
7.116666666666666	-0.26890000000000003
7.133333333333334	-0.26859999999999995
7.15	-0.26869999999999994
7.166666666666667	-0.26839999999999997
7.183333333333334	-0.2681
7.2	-0.2679
7.216666666666667	-0.268
7.233333333333333	-0.2679
7.25	-0.26759999999999995
7.266666666666667	-0.26759999999999995
7.283333333333333	-0.2673
7.3	-0.2671
7.316666666666666	-0.267
7.333333333333333	-0.26680000000000004
7.35	-0.26680000000000004
7.366666666666666	-0.26670000000000005
7.383333333333334	-0.26659999999999995
7.4	-0.2662
7.416666666666667	-0.2662
7.433333333333334	-0.2661
7.45	-0.26570000000000005
7.466666666666667	-0.2659
7.483333333333333	-0.26570000000000005
7.5	-0.265
7.516666666666667	-0.2653
7.533333333333333	-0.2649
7.55	-0.265
7.566666666666666	-0.26480000000000004
7.583333333333333	-0.26480000000000004
7.6	-0.26459999999999995
7.616666666666666	-0.2642
7.633333333333334	-0.2643
7.65	-0.2639
7.666666666666667	-0.26380000000000003
7.683333333333334	-0.26380000000000003
7.7	-0.26359999999999995
7.716666666666667	-0.26339999999999997
7.733333333333333	-0.26349999999999996
7.75	-0.2631
7.766666666666667	-0.263
7.783333333333333	-0.2629
7.8	-0.2629
7.816666666666666	-0.26239999999999997
7.833333333333333	-0.26249999999999996
7.85	-0.2623
7.866666666666666	-0.2622
7.883333333333334	-0.2622
7.9	-0.26180000000000003
7.916666666666667	-0.26170000000000004
7.933333333333334	-0.26170000000000004
7.95	-0.26149999999999995
7.966666666666667	-0.2609
7.983333333333333	-0.2609
8.0	-0.261
8.016666666666667	-0.2609
8.033333333333333	-0.26049999999999995
8.05	-0.26039999999999996
8.066666666666666	-0.2603
8.083333333333334	-0.2601
8.1	-0.26
8.116666666666667	-0.26
8.133333333333333	-0.25949999999999995
8.15	-0.25939999999999996
8.166666666666666	-0.25939999999999996
8.183333333333334	-0.25939999999999996
8.2	-0.2592
8.216666666666667	-0.25880000000000003
8.233333333333333	-0.25870000000000004
8.25	-0.25849999999999995
8.266666666666667	-0.25859999999999994
8.283333333333333	-0.2583
8.3	-0.2581
8.316666666666666	-0.258
8.333333333333334	-0.2579
8.35	-0.25780000000000003
8.366666666666667	-0.25759999999999994
8.383333333333333	-0.2573
8.4	-0.2572
8.416666666666666	-0.2572
8.433333333333334	-0.25670000000000004
8.45	-0.257
8.466666666666667	-0.25670000000000004
8.483333333333333	-0.25670000000000004
8.5	-0.2563
8.516666666666667	-0.2563
8.533333333333333	-0.2558
8.55	-0.256
8.566666666666666	-0.2558
8.583333333333334	-0.25570000000000004
8.6	-0.25539999999999996
8.616666666666667	-0.25539999999999996
8.633333333333333	-0.2551
8.65	-0.25529999999999997
8.666666666666666	-0.2549
8.683333333333334	-0.25460000000000005
8.7	-0.25470000000000004
8.716666666666667	-0.2542
8.733333333333333	-0.2542
8.75	-0.254
8.766666666666667	-0.2539
8.783333333333333	-0.2539
8.8	-0.25349999999999995
8.816666666666666	-0.25360000000000005
8.833333333333334	-0.25329999999999997
8.85	-0.25329999999999997
8.866666666666667	-0.253
8.883333333333333	-0.253
8.9	-0.25270000000000004
8.916666666666666	-0.25239999999999996
8.933333333333334	-0.25239999999999996
8.95	-0.2522
8.966666666666667	-0.2521
8.983333333333333	-0.252
9.0	-0.2518
9.016666666666667	-0.25149999999999995
9.033333333333333	-0.25160000000000005
9.05	-0.25139999999999996
9.066666666666666	-0.2511
9.083333333333334	-0.251
9.1	-0.2508
9.116666666666667	-0.25070000000000003
9.133333333333333	-0.25060000000000004
9.15	-0.25029999999999997
9.166666666666666	-0.2501
9.183333333333334	-0.2499
9.2	-0.2501
9.216666666666667	-0.2499
9.233333333333333	-0.24960000000000004
9.25	-0.24929999999999997
9.266666666666667	-0.24949999999999994
9.283333333333333	-0.24919999999999998
9.3	-0.2491
9.316666666666666	-0.2489
9.333333333333334	-0.24849999999999994
9.35	-0.24849999999999994
9.366666666666667	-0.24839999999999995
9.383333333333333	-0.24819999999999998
9.4	-0.248
9.416666666666666	-0.248
9.433333333333334	-0.24760000000000004
9.45	-0.24760000000000004
9.466666666666667	-0.24729999999999996
9.483333333333333	-0.2471
9.5	-0.2471
9.516666666666667	-0.24680000000000002
9.533333333333333	-0.24660000000000004
9.55	-0.24649999999999994
9.566666666666666	-0.24629999999999996
9.583333333333334	-0.24619999999999997
9.6	-0.24619999999999997
9.616666666666667	-0.24580000000000002
9.633333333333333	-0.2459
9.65	-0.24560000000000004
9.666666666666666	-0.24549999999999994
9.683333333333334	-0.24519999999999997
9.7	-0.24519999999999997
9.716666666666667	-0.2449
9.733333333333333	-0.24470000000000003
9.75	-0.24460000000000004
9.766666666666667	-0.24439999999999995
9.783333333333333	-0.24419999999999997
9.8	-0.24429999999999996
9.816666666666666	-0.24409999999999998
9.833333333333334	-0.24370000000000003
9.85	-0.24370000000000003
9.866666666666667	-0.24349999999999994
9.883333333333333	-0.24329999999999996
9.9	-0.24319999999999997
9.916666666666666	-0.2429
9.933333333333334	-0.24259999999999998
9.95	-0.2425
9.966666666666667	-0.2425
9.983333333333333	-0.24219999999999997
10.0	-0.242
10.016666666666667	-0.24180000000000001
10.033333333333333	-0.2415
10.05	-0.24169999999999997
10.066666666666666	-0.2414
10.083333333333334	-0.24119999999999997
10.1	-0.24119999999999997
10.116666666666667	-0.2409
10.133333333333333	-0.24059999999999998
10.15	-0.2405
10.166666666666666	-0.2404
10.183333333333334	-0.24009999999999998
10.2	-0.24
10.216666666666667	-0.2399
10.233333333333333	-0.2398
10.25	-0.2395
10.266666666666667	-0.2393
10.283333333333333	-0.23919999999999997
10.3	-0.2388
10.316666666666666	-0.239
10.333333333333334	-0.23869999999999997
10.35	-0.2384
10.366666666666667	-0.2384
10.383333333333333	-0.238
10.4	-0.2379
10.416666666666666	-0.23769999999999997
10.433333333333334	-0.2378
10.45	-0.2375
10.466666666666667	-0.2374
10.483333333333333	-0.237
10.5	-0.23709999999999998
10.516666666666667	-0.2369
10.533333333333333	-0.23659999999999998
10.55	-0.2364
10.566666666666666	-0.2363
10.583333333333334	-0.2359
10.6	-0.2359
10.616666666666667	-0.23559999999999998
10.633333333333333	-0.23559999999999998
10.65	-0.2354
10.666666666666666	-0.235
10.683333333333334	-0.23509999999999998
10.7	-0.2348
10.716666666666667	-0.2345
10.733333333333333	-0.2344
10.75	-0.23420000000000002
10.766666666666667	-0.23399999999999999
10.783333333333333	-0.23370000000000002
10.8	-0.23359999999999997
10.816666666666666	-0.23359999999999997
10.833333333333334	-0.2333
10.85	-0.23299999999999998
10.866666666666667	-0.23259999999999997
10.883333333333333	-0.23270000000000002
10.9	-0.23270000000000002
10.916666666666666	-0.2324
10.933333333333334	-0.2318
10.95	-0.2319
10.966666666666667	-0.2318
10.983333333333333	-0.23159999999999997
11.0	-0.2314
11.016666666666667	-0.2313
11.033333333333333	-0.23099999999999998
11.05	-0.2308
11.066666666666666	-0.2309
11.083333333333334	-0.2304
11.1	-0.2304
11.116666666666667	-0.23020000000000002
11.133333333333333	-0.2298
11.15	-0.22949999999999998
11.166666666666666	-0.22959999999999997
11.183333333333334	-0.2293
11.2	-0.22909999999999997
11.216666666666667	-0.22909999999999997
11.233333333333333	-0.2284
11.25	-0.22849999999999998
11.266666666666667	-0.2283
11.283333333333333	-0.22809999999999997
11.3	-0.2279
11.316666666666666	-0.2278
11.333333333333334	-0.22749999999999998
11.35	-0.2273
11.366666666666667	-0.22709999999999997
11.383333333333333	-0.2269
11.4	-0.22649999999999998
11.416666666666666	-0.22659999999999997
11.433333333333334	-0.2263
11.45	-0.22599999999999998
11.466666666666667	-0.2259
11.483333333333333	-0.22559999999999997
11.5	-0.2252
11.516666666666667	-0.22549999999999998
11.533333333333333	-0.22499999999999998
11.55	-0.2248
11.566666666666666	-0.22449999999999998
11.583333333333334	-0.2243
11.6	-0.2243
11.616666666666667	-0.2239
11.633333333333333	-0.2237
11.65	-0.22360000000000002
11.666666666666666	-0.2233
11.683333333333334	-0.2228
11.7	-0.22299999999999998
11.716666666666667	-0.2227
11.733333333333333	-0.2223
11.75	-0.2223
11.766666666666667	-0.2219
11.783333333333333	-0.2219
11.8	-0.2213
11.816666666666666	-0.22139999999999999
11.833333333333334	-0.22110000000000002
11.85	-0.22089999999999999
11.866666666666667	-0.22049999999999997
11.883333333333333	-0.2203
11.9	-0.22010000000000002
11.916666666666666	-0.21989999999999998
11.933333333333334	-0.2197
11.95	-0.21949999999999997
11.966666666666667	-0.2193
11.983333333333333	-0.21899999999999997
12.0	-0.2187
12.016666666666667	-0.21839999999999998
12.033333333333333	-0.2182
12.05	-0.21810000000000002
12.066666666666666	-0.2178
12.083333333333334	-0.21760000000000002
12.1	-0.21739999999999998
12.116666666666667	-0.21699999999999997
12.133333333333333	-0.21689999999999998
12.15	-0.21649999999999997
12.166666666666666	-0.21639999999999998
12.183333333333334	-0.21599999999999997
12.2	-0.2158
12.216666666666667	-0.21539999999999998
12.233333333333333	-0.21499999999999997
12.25	-0.2151
12.266666666666667	-0.2147
12.283333333333333	-0.21449999999999997
12.3	-0.2141
12.316666666666666	-0.21389999999999998
12.333333333333334	-0.2136
12.35	-0.2133
12.366666666666667	-0.2132
12.383333333333333	-0.21299999999999997
12.4	-0.2126
12.416666666666666	-0.2122
12.433333333333334	-0.2121
12.45	-0.21139999999999998
12.466666666666667	-0.21150000000000002
12.483333333333333	-0.2111
12.5	-0.2108
12.516666666666667	-0.21050000000000002
12.533333333333333	-0.2102
12.55	-0.21000000000000002
12.566666666666666	-0.2097
12.583333333333334	-0.20939999999999998
12.6	-0.2092
12.616666666666667	-0.20900000000000002
12.633333333333333	-0.2086
12.65	-0.2081
12.666666666666666	-0.20779999999999998
12.683333333333334	-0.20739999999999997
12.7	-0.2071
12.716666666666667	-0.20689999999999997
12.733333333333333	-0.2066
12.75	-0.20600000000000002
12.766666666666667	-0.20600000000000002
12.783333333333333	-0.20550000000000002
12.8	-0.20529999999999998
12.816666666666666	-0.20489999999999997
12.833333333333334	-0.20450000000000002
12.85	-0.2041
12.866666666666667	-0.20379999999999998
12.883333333333333	-0.20350000000000001
12.9	-0.203
12.916666666666666	-0.20279999999999998
12.933333333333334	-0.2021
12.95	-0.20179999999999998
12.966666666666667	-0.2017
12.983333333333333	-0.20139999999999997
13.0	-0.20089999999999997
13.016666666666667	-0.2006
13.033333333333333	-0.2002
13.05	-0.19989999999999997
13.066666666666666	-0.19939999999999997
13.083333333333334	-0.19890000000000002
13.1	-0.1985
13.116666666666667	-0.19840000000000002
13.133333333333333	-0.19779999999999998
13.15	-0.19729999999999998
13.166666666666666	-0.197
13.183333333333334	-0.19669999999999999
13.2	-0.196
13.216666666666667	-0.19590000000000002
13.233333333333333	-0.195
13.25	-0.1946
13.266666666666667	-0.19440000000000002
13.283333333333333	-0.194
13.3	-0.19319999999999998
13.316666666666666	-0.1931
13.333333333333334	-0.1926
13.35	-0.19169999999999998
13.366666666666667	-0.1915
13.383333333333333	-0.19090000000000001
13.4	-0.1905
13.416666666666666	-0.19
13.433333333333334	-0.1895
13.45	-0.1889
13.466666666666667	-0.18829999999999997
13.483333333333333	-0.1879
13.5	-0.18729999999999997
13.516666666666667	-0.18679999999999997
13.533333333333333	-0.186
13.55	-0.18569999999999998
13.566666666666666	-0.1851
13.583333333333334	-0.1845
13.6	-0.18369999999999997
13.616666666666667	-0.18309999999999998
13.633333333333333	-0.1824
13.65	-0.18209999999999998
13.666666666666666	-0.18119999999999997
13.683333333333334	-0.18080000000000002
13.7	-0.1799
13.716666666666667	-0.17930000000000001
13.733333333333333	-0.1784
13.75	-0.1779
13.766666666666667	-0.177
13.783333333333333	-0.1763
13.8	-0.17559999999999998
13.816666666666666	-0.1749
13.833333333333334	-0.174
13.85	-0.17320000000000002
13.866666666666667	-0.1724
13.883333333333333	-0.17159999999999997
13.9	-0.17070000000000002
13.916666666666666	-0.1698
13.933333333333334	-0.16909999999999997
13.95	-0.1678
13.966666666666667	-0.1668
13.983333333333333	-0.1658
14.0	-0.1652
14.016666666666667	-0.16399999999999998
14.033333333333333	-0.16299999999999998
14.05	-0.1619
14.066666666666666	-0.1607
14.083333333333334	-0.1597
14.1	-0.15839999999999999
14.116666666666667	-0.15710000000000002
14.133333333333333	-0.15589999999999998
14.15	-0.15499999999999997
14.166666666666666	-0.15349999999999997
14.183333333333334	-0.1522
14.2	-0.1508
14.216666666666667	-0.14949999999999997
14.233333333333333	-0.14789999999999998
14.25	-0.1467
14.266666666666667	-0.14529999999999998
14.283333333333333	-0.1437
14.3	-0.1421
14.316666666666666	-0.1406
14.333333333333334	-0.139
14.35	-0.1372
14.366666666666667	-0.13590000000000002
14.383333333333333	-0.1341
14.4	-0.13219999999999998
14.416666666666666	-0.13029999999999997
14.433333333333334	-0.1285
14.45	-0.1265
14.466666666666667	-0.12479999999999997
14.483333333333333	-0.12259999999999999
14.5	-0.12059999999999998
14.516666666666667	-0.11869999999999997
14.533333333333333	-0.11680000000000001
14.55	-0.11509999999999998
14.566666666666666	-0.11299999999999999
14.583333333333334	-0.11099999999999999
14.6	-0.1089
14.616666666666667	-0.1069
14.633333333333333	-0.1048
14.65	-0.1028
14.666666666666666	-0.10089999999999999
14.683333333333334	-0.09910000000000002
14.7	-0.09710000000000002
14.716666666666667	-0.0953
14.733333333333333	-0.0937
14.75	-0.09199999999999997
14.766666666666667	-0.09029999999999999
14.783333333333333	-0.08849999999999997
14.8	-0.0867
14.816666666666666	-0.08529999999999999
14.833333333333334	-0.08389999999999997
14.85	-0.08229999999999998
14.866666666666667	-0.08079999999999998
14.883333333333333	-0.07900000000000001
14.9	-0.0776
14.916666666666666	-0.0761
14.933333333333334	-0.07479999999999998
14.95	-0.07340000000000002
14.966666666666667	-0.07200000000000001
14.983333333333333	-0.07050000000000001
15.0	-0.06919999999999998
15.016666666666667	-0.06829999999999997
15.033333333333333	-0.0665
15.05	-0.06540000000000001
15.066666666666666	-0.06429999999999997
15.083333333333334	-0.06319999999999998
15.1	-0.06190000000000001
15.116666666666667	-0.06090000000000001
15.133333333333333	-0.05980000000000002
15.15	-0.059099999999999986
15.166666666666666	-0.057999999999999996
15.183333333333334	-0.056900000000000006
15.2	-0.055800000000000016
15.216666666666667	-0.054800000000000015
15.233333333333333	-0.05349999999999999
15.25	-0.05249999999999999
15.266666666666667	-0.05159999999999998
15.283333333333333	-0.05059999999999998
15.3	-0.04959999999999998
15.316666666666666	-0.04859999999999998
15.333333333333334	-0.0479
15.35	-0.046999999999999986
15.366666666666667	-0.046099999999999974
15.383333333333333	-0.04530000000000001
15.4	-0.044300000000000006
15.416666666666666	-0.04349999999999998
15.433333333333334	-0.042800000000000005
15.45	-0.041800000000000004
15.466666666666667	-0.04109999999999997
15.483333333333333	-0.04009999999999997
15.5	-0.03939999999999999
15.516666666666667	-0.03859999999999997
15.533333333333333	-0.03739999999999999
15.55	-0.03689999999999999
15.566666666666666	-0.03620000000000001
15.583333333333334	-0.03560000000000002
15.6	-0.03470000000000001
15.616666666666667	-0.03420000000000001
15.633333333333333	-0.033399999999999985
15.65	-0.032999999999999974
15.666666666666666	-0.03199999999999997
15.683333333333334	-0.031299999999999994
15.7	-0.030600000000000016
15.716666666666667	-0.02999999999999997
15.733333333333333	-0.029299999999999993
15.75	-0.028799999999999992
15.766666666666667	-0.02799999999999997
15.783333333333333	-0.02749999999999997
15.8	-0.02699999999999997
15.816666666666666	-0.0262
15.833333333333334	-0.02560000000000001
15.85	-0.024899999999999978
15.866666666666667	-0.02460000000000001
15.883333333333333	-0.023899999999999977
15.9	-0.023299999999999987
15.916666666666666	-0.022899999999999976
15.933333333333334	-0.021899999999999975
15.95	-0.02150000000000002
15.966666666666667	-0.02100000000000002
15.983333333333333	-0.020500000000000018
16.0	-0.019799999999999984
16.016666666666666	-0.019399999999999973
16.033333333333335	-0.018799999999999983
16.05	-0.018600000000000005
16.066666666666666	-0.017699999999999994
16.083333333333332	-0.017199999999999993
16.1	-0.016699999999999993
16.116666666666667	-0.01629999999999998
16.133333333333333	-0.015500000000000014
16.15	-0.01529999999999998
16.166666666666668	-0.01479999999999998
16.183333333333334	-0.014399999999999968
16.2	-0.01369999999999999
16.216666666666665	-0.013399999999999967
16.233333333333334	-0.012899999999999967
16.25	-0.012299999999999978
16.266666666666666	-0.01200000000000001
16.283333333333335	-0.01150000000000001
16.3	-0.011199999999999988
16.316666666666666	-0.01050000000000001
16.333333333333332	-0.010099999999999998
16.35	-0.009599999999999997
16.366666666666667	-0.009299999999999975
16.383333333333333	-0.008599999999999997
16.4	-0.008199999999999985
16.416666666666668	-0.008000000000000007
16.433333333333334	-0.007299999999999973
16.45	-0.007099999999999995
16.466666666666665	-0.006699999999999984
16.483333333333334	-0.006400000000000017
16.5	-0.005799999999999972
16.516666666666666	-0.005400000000000016
16.533333333333335	-0.0049000000000000155
16.55	-0.0040999999999999925
16.566666666666666	-0.0042999999999999705
16.583333333333332	-0.00379999999999997
16.6	-0.0031999999999999806
16.616666666666667	-0.0030999999999999917
16.633333333333333	-0.002599999999999991
16.65	-0.0020999999999999908
16.666666666666668	-0.0017999999999999683
16.683333333333334	-0.0011999999999999789
16.7	-0.0007999999999999674
16.716666666666665	-0.0005999999999999894
16.733333333333334	-0.00029999999999996696
16.75	0.00040000000000001146
16.766666666666666	0.0007000000000000339
16.783333333333335	0.0010000000000000009
16.8	0.0011999999999999789
16.816666666666666	0.0016999999999999793
16.833333333333332	0.0020000000000000018
16.85	0.0025000000000000022
16.866666666666667	0.0025000000000000022
16.883333333333333	0.0031999999999999806
16.9	0.003400000000000014
16.916666666666668	0.003699999999999981
16.933333333333334	0.004300000000000026
16.95	0.004599999999999993
16.966666666666665	0.0050000000000000044
16.983333333333334	0.005400000000000016
17.0	0.005800000000000027
17.016666666666666	0.006099999999999994
17.033333333333335	0.006300000000000028
17.05	0.006599999999999995
17.066666666666666	0.007099999999999995
17.083333333333332	0.007500000000000007
17.1	0.007800000000000001
17.116666666666667	0.007800000000000001
17.133333333333333	0.008300000000000002
17.15	0.008800000000000002
17.166666666666668	0.009099999999999997
17.183333333333334	0.009500000000000008
17.2	0.009700000000000014
17.216666666666665	0.010099999999999998
17.233333333333334	0.01050000000000001
17.25	0.010800000000000004
17.266666666666666	0.01100000000000001
17.283333333333335	0.011399999999999993
17.3	0.011700000000000016
17.316666666666666	0.0121
17.333333333333332	0.0121
17.35	0.012700000000000017
17.366666666666667	0.012800000000000006
17.383333333333333	0.013300000000000006
17.4	0.013399999999999995
17.416666666666668	0.013800000000000007
17.433333333333334	0.014000000000000012
17.45	0.014399999999999996
17.466666666666665	0.014899999999999997
17.483333333333334	0.015200000000000019
17.5	0.015300000000000008
17.516666666666666	0.015399999999999997
17.533333333333335	0.01570000000000002
17.55	0.01620000000000002
17.566666666666666	0.016500000000000015
17.583333333333332	0.016699999999999993
17.6	0.017100000000000004
17.616666666666667	0.0174
17.633333333333333	0.017699999999999994
17.65	0.018000000000000016
17.666666666666668	0.01830000000000001
17.683333333333334	0.018600000000000005
17.7	0.018699999999999994
17.716666666666665	0.019000000000000017
17.733333333333334	0.01930000000000001
17.75	0.019600000000000006
17.766666666666666	0.019800000000000012
17.783333333333335	0.020199999999999996
17.8	0.0204
17.816666666666666	0.020800000000000013
17.833333333333332	0.02100000000000002
17.85	0.021400000000000002
17.866666666666667	0.021400000000000002
17.883333333333333	0.021800000000000014
17.9	0.02210000000000001
17.916666666666668	0.022199999999999998
17.933333333333334	0.02260000000000001
17.95	0.022900000000000004
17.966666666666665	0.0232
17.983333333333334	0.023300000000000015
18.0	0.0237
18.016666666666666	0.023800000000000016
18.033333333333335	0.024400000000000005
18.05	0.024400000000000005
18.066666666666666	0.0247
18.083333333333332	0.024800000000000016
18.1	0.0252
18.116666666666667	0.025400000000000006
18.133333333333333	0.02560000000000001
18.15	0.025999999999999995
18.166666666666668	0.026100000000000012
18.183333333333334	0.026600000000000013
18.2	0.026900000000000007
18.216666666666665	0.026900000000000007
18.233333333333334	0.027100000000000013
18.25	0.027400000000000008
18.266666666666666	0.027499999999999997
18.283333333333335	0.027900000000000008
18.3	0.028200000000000003
18.316666666666666	0.02830000000000002
18.333333333333332	0.028600000000000014
18.35	0.02890000000000001
18.366666666666667	0.029100000000000015
18.383333333333333	0.029200000000000004
18.4	0.0295
18.416666666666668	0.02990000000000001
18.433333333333334	0.030200000000000005
18.45	0.030200000000000005
18.466666666666665	0.0305
18.483333333333334	0.030799999999999994
18.5	0.031100000000000017
18.516666666666666	0.031100000000000017
18.533333333333335	0.0315
18.55	0.031700000000000006
18.566666666666666	0.032
18.583333333333332	0.03210000000000002
18.6	0.032299999999999995
18.616666666666667	0.0325
18.633333333333333	0.03270000000000001
18.65	0.033
18.666666666666668	0.03320000000000001
18.683333333333334	0.03360000000000002
18.7	0.03360000000000002
18.716666666666665	0.03390000000000001
18.733333333333334	0.03390000000000001
18.75	0.0343
18.766666666666666	0.0348
18.783333333333335	0.034900000000000014
18.8	0.034900000000000014
18.816666666666666	0.0353
18.833333333333332	0.035400000000000015
18.85	0.0358
18.866666666666667	0.035900000000000015
18.883333333333333	0.036000000000000004
18.9	0.036000000000000004
18.916666666666668	0.036400000000000016
18.933333333333334	0.03670000000000001
18.95	0.0368
18.966666666666665	0.037500000000000006
18.983333333333334	0.03720000000000001
19.0	0.03770000000000001
19.016666666666666	0.03770000000000001
19.033333333333335	0.03820000000000001
19.05	0.038000000000000006
19.066666666666666	0.03840000000000002
19.083333333333332	0.038500000000000006
19.1	0.03870000000000001
19.116666666666667	0.0388
19.133333333333333	0.03900000000000001
19.15	0.0393
19.166666666666668	0.03940000000000002
19.183333333333334	0.03990000000000002
19.2	0.03970000000000001
19.216666666666665	0.040200000000000014
19.233333333333334	0.040200000000000014
19.25	0.0408
19.266666666666666	0.040700000000000014
19.283333333333335	0.0411
19.3	0.0411
19.316666666666666	0.0413
19.333333333333332	0.0416
19.35	0.041700000000000015
19.366666666666667	0.0421
19.383333333333333	0.0421
19.4	0.0426
19.416666666666668	0.04250000000000001
19.433333333333334	0.042899999999999994
19.45	0.04300000000000001
19.466666666666665	0.043200000000000016
19.483333333333334	0.043399999999999994
19.5	0.0436
19.516666666666666	0.0436
19.533333333333335	0.043899999999999995
19.55	0.04420000000000002
19.566666666666666	0.0441
19.583333333333332	0.04450000000000001
19.6	0.0446
19.616666666666667	0.044800000000000006
19.633333333333333	0.044899999999999995
19.65	0.045399999999999996
19.666666666666668	0.0451
19.683333333333334	0.04550000000000001
19.7	0.04600000000000001
19.716666666666665	0.0461
19.733333333333334	0.0461
19.75	0.04620000000000002
19.766666666666666	0.0466
19.783333333333335	0.0469
19.8	0.047000000000000014
19.816666666666666	0.0471
19.833333333333332	0.0474
19.85	0.0476
19.866666666666667	0.0479
19.883333333333333	0.04780000000000001
19.9	0.04819999999999999
19.916666666666668	0.04830000000000001
19.933333333333334	0.048600000000000004
19.95	0.04880000000000001
19.966666666666665	0.04880000000000001
19.983333333333334	0.049000000000000016
20.0	0.0494
20.016666666666666	0.04930000000000001
20.033333333333335	0.049600000000000005
20.05	0.050100000000000006
20.066666666666666	0.050100000000000006
20.083333333333332	0.050100000000000006
20.1	0.050199999999999995
20.116666666666667	0.050600000000000006
20.133333333333333	0.05080000000000001
20.15	0.0509
20.166666666666668	0.05100000000000002
20.183333333333334	0.05150000000000002
20.2	0.05130000000000001
20.216666666666665	0.051699999999999996
20.233333333333334	0.05180000000000001
20.25	0.05210000000000001
20.266666666666666	0.052199999999999996
20.283333333333335	0.0524
20.3	0.0527
20.316666666666666	0.052800000000000014
20.333333333333332	0.052800000000000014
20.35	0.05300000000000002
20.366666666666667	0.053300000000000014
20.383333333333333	0.0534
20.4	0.0537
20.416666666666668	0.05360000000000001
20.433333333333334	0.05399999999999999
20.45	0.05410000000000001
20.466666666666665	0.054300000000000015
20.483333333333334	0.05460000000000001
20.5	0.05460000000000001
20.516666666666666	0.054900000000000004
20.533333333333335	0.054900000000000004
20.55	0.0552
20.566666666666666	0.055400000000000005
20.583333333333332	0.05560000000000001
20.6	0.055499999999999994
20.616666666666667	0.055999999999999994
20.633333333333333	0.05610000000000001
20.65	0.0562
20.666666666666668	0.056400000000000006
20.683333333333334	0.056499999999999995
20.7	0.05680000000000002
20.716666666666665	0.056999999999999995
20.733333333333334	0.0572
20.75	0.057499999999999996
20.766666666666666	0.0577
20.783333333333335	0.05780000000000002
20.8	0.057999999999999996
20.816666666666666	0.05810000000000001
20.833333333333332	0.05830000000000002
20.85	0.05840000000000001
20.866666666666667	0.0587
20.883333333333333	0.0587
20.9	0.0592
20.916666666666668	0.0592
20.933333333333334	0.059600000000000014
20.95	0.0595
20.966666666666665	0.05990000000000001
20.983333333333334	0.060200000000000004
21.0	0.060200000000000004
21.016666666666666	0.0605
21.033333333333335	0.06029999999999999
21.05	0.060700000000000004
21.066666666666666	0.061
21.083333333333332	0.061100000000000015
21.1	0.06129999999999999
21.116666666666667	0.061799999999999994
21.133333333333333	0.061799999999999994
21.15	0.062
21.166666666666668	0.062100000000000016
21.183333333333334	0.06240000000000001
21.2	0.062200000000000005
21.216666666666665	0.0627
21.233333333333334	0.0628
21.25	0.063
21.266666666666666	0.0633
21.283333333333335	0.06340000000000001
21.3	0.06340000000000001
21.316666666666666	0.0637
21.333333333333332	0.064
21.35	0.06390000000000001
21.366666666666667	0.06440000000000001
21.383333333333333	0.0643
21.4	0.0645
21.416666666666668	0.06470000000000001
21.433333333333334	0.065
21.45	0.065
21.466666666666665	0.0655
21.483333333333334	0.06570000000000001
21.5	0.06570000000000001
21.516666666666666	0.0658
21.533333333333335	0.06620000000000001
21.55	0.06620000000000001
21.566666666666666	0.06640000000000001
21.583333333333332	0.0668
21.6	0.0668
21.616666666666667	0.067
21.633333333333333	0.06720000000000001
21.65	0.0675
21.666666666666668	0.06720000000000001
21.683333333333334	0.06790000000000002
21.7	0.0678
21.716666666666665	0.06790000000000002
21.733333333333334	0.0685
21.75	0.0685
21.766666666666666	0.0686
21.783333333333335	0.0688
21.8	0.069
21.816666666666666	0.06890000000000002
21.833333333333332	0.06920000000000001
21.85	0.0695
21.866666666666667	0.0696
21.883333333333333	0.06970000000000001
21.9	0.07
21.916666666666668	0.0703
21.933333333333334	0.0706
21.95	0.0706
21.966666666666665	0.07070000000000001
21.983333333333334	0.0711
22.0	0.07120000000000001
22.016666666666666	0.0711
22.033333333333335	0.0716
22.05	0.0718
22.066666666666666	0.07190000000000002
22.083333333333332	0.0721
22.1	0.0723
22.116666666666667	0.07250000000000001
22.133333333333333	0.07270000000000001
22.15	0.07289999999999999
22.166666666666668	0.07300000000000001
22.183333333333334	0.07320000000000002
22.2	0.0736
22.216666666666665	0.0739
22.233333333333334	0.07400000000000001
22.25	0.07420000000000002
22.266666666666666	0.07450000000000001
22.283333333333335	0.07450000000000001
22.3	0.0744
22.316666666666666	0.07470000000000002
22.333333333333332	0.0751
22.35	0.07500000000000001
22.366666666666667	0.0753
22.383333333333333	0.0758
22.4	0.0761
22.416666666666668	0.0761
22.433333333333334	0.07620000000000002
22.45	0.0764
22.466666666666665	0.0766
22.483333333333334	0.0769
22.5	0.0771
22.516666666666666	0.07730000000000001
22.533333333333335	0.07730000000000001
22.55	0.0776
22.566666666666666	0.07780000000000001
22.583333333333332	0.07800000000000001
22.6	0.07830000000000001
22.616666666666667	0.0786
22.633333333333333	0.0786
22.65	0.07880000000000001
22.666666666666668	0.07900000000000001
22.683333333333334	0.07930000000000001
22.7	0.07930000000000001
22.716666666666665	0.0797
22.733333333333334	0.0799
22.75	0.0801
22.766666666666666	0.0801
22.783333333333335	0.08030000000000001
22.8	0.0807
22.816666666666666	0.0807
22.833333333333332	0.08130000000000001
22.85	0.0811
22.866666666666667	0.0816
22.883333333333333	0.08150000000000002
22.9	0.08200000000000002
22.916666666666668	0.0819
22.933333333333334	0.0822
22.95	0.0824
22.966666666666665	0.08250000000000002
22.983333333333334	0.08300000000000002
23.0	0.0832
23.016666666666666	0.08310000000000001
23.033333333333335	0.0834
23.05	0.0837
23.066666666666666	0.08360000000000001
23.083333333333332	0.08410000000000001
23.1	0.08430000000000001
23.116666666666667	0.0842
23.133333333333333	0.0847
23.15	0.08480000000000001
23.166666666666668	0.08480000000000001
23.183333333333334	0.0854
23.2	0.0854
23.216666666666665	0.08530000000000001
23.233333333333334	0.0857
23.25	0.0857
23.266666666666666	0.086
23.283333333333335	0.0862
23.3	0.0865
23.316666666666666	0.0864
23.333333333333332	0.08680000000000002
23.35	0.087
23.366666666666667	0.0872
23.383333333333333	0.0875
23.4	0.0879
23.416666666666668	0.088
23.433333333333334	0.0887
23.45	0.0884
23.466666666666665	0.0887
23.483333333333334	0.0889
23.5	0.0889
23.516666666666666	0.08880000000000002
23.533333333333335	0.08930000000000002
23.55	0.08940000000000001
23.566666666666666	0.08910000000000001
23.583333333333332	0.08980000000000002
23.6	0.08980000000000002
23.616666666666667	0.0902
23.633333333333333	0.09030000000000002
23.65	0.09080000000000002
23.666666666666668	0.09080000000000002
23.683333333333334	0.09090000000000001
23.7	0.09130000000000002
23.716666666666665	0.0917
23.733333333333334	0.09179999999999999
23.75	0.09210000000000002
23.766666666666666	0.0923
23.783333333333335	0.0923
23.8	0.09290000000000001
23.816666666666666	0.09310000000000002
23.833333333333332	0.0932
23.85	0.0933
23.866666666666667	0.0938
23.883333333333333	0.09360000000000002
23.9	0.094
23.916666666666668	0.0945
23.933333333333334	0.09440000000000001
23.95	0.0947
23.966666666666665	0.09460000000000002
23.983333333333334	0.0948
24.0	0.095
24.016666666666666	0.0953
24.033333333333335	0.09540000000000001
24.05	0.0955
24.066666666666666	0.09590000000000001
24.083333333333332	0.0958
24.1	0.09640000000000001
24.116666666666667	0.09660000000000002
24.133333333333333	0.0968
24.15	0.09690000000000001
24.166666666666668	0.09710000000000002
24.183333333333334	0.09740000000000001
24.2	0.09760000000000002
24.216666666666665	0.0978
24.233333333333334	0.09820000000000001
24.25	0.09840000000000002
24.266666666666666	0.09840000000000002
24.283333333333335	0.09890000000000002
24.3	0.09920000000000001
24.316666666666666	0.09920000000000001
24.333333333333332	0.09940000000000002
24.35	0.0996
24.366666666666667	0.1
24.383333333333333	0.1003
24.4	0.1003
24.416666666666668	0.1006
24.433333333333334	0.10090000000000002
24.45	0.1011
24.466666666666665	0.10090000000000002
24.483333333333334	0.1016
24.5	0.1016
24.516666666666666	0.1018
24.533333333333335	0.10200000000000001
24.55	0.10220000000000001
24.566666666666666	0.10240000000000002
24.583333333333332	0.10290000000000002
24.6	0.10300000000000001
24.616666666666667	0.1031
24.633333333333333	0.10320000000000001
24.65	0.10389999999999999
24.666666666666668	0.10389999999999999
24.683333333333334	0.10400000000000001
24.7	0.10439999999999999
24.716666666666665	0.10439999999999999
24.733333333333334	0.1048
24.75	0.1049
24.766666666666666	0.1051
24.783333333333335	0.1053
24.8	0.1058
24.816666666666666	0.1058
24.833333333333332	0.1063
24.85	0.1064
24.866666666666667	0.1068
24.883333333333333	0.10670000000000002
24.9	0.10720000000000002
24.916666666666668	0.10770000000000002
24.933333333333334	0.1078
24.95	0.1081
24.966666666666665	0.1081
24.983333333333334	0.1086
25.0	0.1086
25.016666666666666	0.1089
25.033333333333335	0.1089
25.05	0.10930000000000001
25.066666666666666	0.10970000000000002
25.083333333333332	0.10930000000000001
25.1	0.10970000000000002
25.116666666666667	0.1101
25.133333333333333	0.1101
25.15	0.1104
25.166666666666668	0.11050000000000001
25.183333333333334	0.1109
25.2	0.1109
25.216666666666665	0.1112
25.233333333333334	0.1116
25.25	0.1117
25.266666666666666	0.1119
25.283333333333335	0.1122
25.3	0.11250000000000002
25.316666666666666	0.11280000000000001
25.333333333333332	0.11300000000000002
25.35	0.1132
25.366666666666667	0.1137
25.383333333333333	0.1139
25.4	0.11710000000000001
25.416666666666668	0.1207
25.433333333333334	0.1195
25.45	0.127
25.466666666666665	0.1106
25.483333333333334	0.11230000000000001
25.5	0.09310000000000002
25.516666666666666	0.1159
25.533333333333335	0.1152
25.55	0.11550000000000002
25.566666666666666	0.11600000000000002
25.583333333333332	0.11630000000000001
25.6	0.11649999999999999
25.616666666666667	0.1169
25.633333333333333	0.1175
25.65	0.1184
25.666666666666668	0.11910000000000001
25.683333333333334	0.1207
25.7	0.12130000000000002
25.716666666666665	0.1222
25.733333333333334	0.12290000000000001
25.75	0.12329999999999999
25.766666666666666	0.1238
25.783333333333335	0.124
25.8	0.12440000000000001
25.816666666666666	0.1245
25.833333333333332	0.125
25.85	0.1253
25.866666666666667	0.12560000000000002
25.883333333333333	0.1257
25.9	0.1263
25.916666666666668	0.12660000000000002
25.933333333333334	0.12710000000000002
25.95	0.127
25.966666666666665	0.12760000000000002
25.983333333333334	0.1279
26.0	0.128
26.016666666666666	0.1277
26.033333333333335	0.1279
26.05	0.1285
26.066666666666666	0.1288
26.083333333333332	0.1293
26.1	0.1296
26.116666666666667	0.1298
26.133333333333333	0.12990000000000002
26.15	0.1301
26.166666666666668	0.1306
26.183333333333334	0.1307
26.2	0.1313
26.216666666666665	0.13140000000000002
26.233333333333334	0.13140000000000002
26.25	0.1312
26.266666666666666	0.132
26.283333333333335	0.13190000000000002
26.3	0.1325
26.316666666666666	0.1326
26.333333333333332	0.133
26.35	0.1335
26.366666666666667	0.1333
26.383333333333333	0.13340000000000002
26.4	0.13390000000000002
26.416666666666668	0.13440000000000002
26.433333333333334	0.1347
26.45	0.1351
26.466666666666665	0.135
26.483333333333334	0.1351
26.5	0.1355
26.516666666666666	0.136
26.533333333333335	0.13640000000000002
26.55	0.1372
26.566666666666666	0.13690000000000002
26.583333333333332	0.1366
26.6	0.13690000000000002
26.616666666666667	0.137
26.633333333333333	0.1377
26.65	0.1378
26.666666666666668	0.13840000000000002
26.683333333333334	0.1383
26.7	0.1385
26.716666666666665	0.1388
26.733333333333334	0.1393
26.75	0.1395
26.766666666666666	0.1396
26.783333333333335	0.1402
26.8	0.1405
26.816666666666666	0.1406
26.833333333333332	0.14100000000000001
26.85	0.1413
26.866666666666667	0.1417
26.883333333333333	0.1416
26.9	0.14200000000000002
26.916666666666668	0.1423
26.933333333333334	0.14240000000000003
26.95	0.1431
26.966666666666665	0.1433
26.983333333333334	0.14350000000000002
27.0	0.14400000000000002
27.016666666666666	0.1443
27.033333333333335	0.1441
27.05	0.1444
27.066666666666666	0.1444
27.083333333333332	0.1456
27.1	0.1452
27.116666666666667	0.1457
27.133333333333333	0.1456
27.15	0.14600000000000002
27.166666666666668	0.1464
27.183333333333334	0.14679999999999999
27.2	0.14750000000000002
27.216666666666665	0.1476
27.233333333333334	0.1476
27.25	0.1482
27.266666666666666	0.1487
27.283333333333335	0.1489
27.3	0.1494
27.316666666666666	0.1494
27.333333333333332	0.14950000000000002
27.35	0.1501
27.366666666666667	0.1502
27.383333333333333	0.1502
27.4	0.1508
27.416666666666668	0.1511
27.433333333333334	0.1514
27.45	0.1519
27.466666666666665	0.1517
27.483333333333334	0.1522
27.5	0.1526
27.516666666666666	0.15300000000000002
27.533333333333335	0.1537
27.55	0.1537
27.566666666666666	0.1538
27.583333333333332	0.1547
27.6	0.1547
27.616666666666667	0.1552
27.633333333333333	0.1549
27.65	0.1554
27.666666666666668	0.1558
27.683333333333334	0.1559
27.7	0.1564
27.716666666666665	0.1567
27.733333333333334	0.15728
27.75	0.15725
27.766666666666666	0.15782000000000002
27.783333333333335	0.15821000000000002
27.8	0.15876
27.816666666666666	0.15888000000000002
27.833333333333332	0.15914
27.85	0.15908
27.866666666666667	0.1592
27.883333333333333	0.15975
27.9	0.16015000000000001
27.916666666666668	0.16074
27.933333333333334	0.16111999999999999
27.95	0.16167
27.966666666666665	0.16205
27.983333333333334	0.16218
28.0	0.16257
28.016666666666666	0.16294
28.033333333333335	0.16303
28.05	0.16317
28.066666666666666	0.16327000000000003
28.083333333333332	0.16375
28.1	0.16426000000000002
28.116666666666667	0.16457
28.133333333333333	0.16503
28.15	0.16557
28.166666666666668	0.16593000000000002
28.183333333333334	0.16659000000000002
28.2	0.16693000000000002
28.216666666666665	0.16701
28.233333333333334	0.1679
28.25	0.16820000000000002
28.266666666666666	0.16851
28.283333333333335	0.16833
28.3	0.16898000000000002
28.316666666666666	0.16908
28.333333333333332	0.16964
28.35	0.17002
28.366666666666667	0.17078
28.383333333333333	0.17084
28.4	0.1713
28.416666666666668	0.17172
28.433333333333334	0.17205
28.45	0.17271
28.466666666666665	0.17318
28.483333333333334	0.17334
28.5	0.17396
28.516666666666666	0.17451
28.533333333333335	0.18245
28.55	0.18713000000000002
28.566666666666666	0.17820000000000003
28.583333333333332	0.1542
28.583333333333332	0.1599
28.6	0.17157
28.616666666666667	0.17278
28.633333333333333	0.17435
28.65	0.17429
