0.016666666666666666	-0.37170000000000003
0.03333333333333333	-0.37160000000000004
0.05	-0.37160000000000004
0.06666666666666667	-0.37129999999999996
0.08333333333333333	-0.37160000000000004
0.1	-0.372
0.11666666666666667	-0.3721
0.13333333333333333	-0.37170000000000003
0.15	-0.37160000000000004
0.16666666666666666	-0.3711
0.18333333333333332	-0.371
0.2	-0.37029999999999996
0.21666666666666667	-0.3701
0.23333333333333334	-0.36960000000000004
0.25	-0.36939999999999995
0.26666666666666666	-0.3691
0.2833333333333333	-0.3689
0.3	-0.3688
0.31666666666666665	-0.36819999999999997
0.3333333333333333	-0.368
0.35	-0.3679
0.36666666666666664	-0.36719999999999997
0.38333333333333336	-0.367
0.4	-0.3668
0.4166666666666667	-0.3667
0.43333333333333335	-0.36639999999999995
0.45	-0.366
0.4666666666666667	-0.3658
0.48333333333333334	-0.36529999999999996
0.5	-0.365
0.5166666666666667	-0.365
0.5333333333333333	-0.3647
0.55	-0.36439999999999995
0.5666666666666667	-0.36419999999999997
0.5833333333333334	-0.3638
0.6	-0.3637
0.6166666666666667	-0.36329999999999996
0.6333333333333333	-0.3627
0.65	-0.36250000000000004
0.6666666666666666	-0.36239999999999994
0.6833333333333333	-0.3621
0.7	-0.3621
0.7166666666666667	-0.36129999999999995
0.7333333333333333	-0.36150000000000004
0.75	-0.361
0.7666666666666667	-0.361
0.7833333333333333	-0.36060000000000003
0.8	-0.36029999999999995
0.8166666666666667	-0.36029999999999995
0.8333333333333334	-0.36
0.85	-0.3598
0.8666666666666667	-0.35950000000000004
0.8833333333333333	-0.35939999999999994
0.9	-0.3587
0.9166666666666666	-0.3588
0.9333333333333333	-0.3581
0.95	-0.3578
0.9666666666666667	-0.3579
0.9833333333333333	-0.35739999999999994
1.0	-0.35719999999999996
1.0166666666666666	-0.35729999999999995
1.0333333333333334	-0.357
1.05	-0.35660000000000003
1.0666666666666667	-0.35650000000000004
1.0833333333333333	-0.35639999999999994
1.1	-0.35609999999999997
1.1166666666666667	-0.3558
1.1333333333333333	-0.3557
1.15	-0.35519999999999996
1.1666666666666667	-0.3549
1.1833333333333333	-0.3548
1.2	-0.3547
1.2166666666666666	-0.35419999999999996
1.2333333333333334	-0.3539
1.25	-0.3538
1.2666666666666666	-0.35350000000000004
1.2833333333333334	-0.35340000000000005
1.3	-0.35309999999999997
1.3166666666666667	-0.35309999999999997
1.3333333333333333	-0.3528
1.35	-0.35250000000000004
1.3666666666666667	-0.35229999999999995
1.3833333333333333	-0.35209999999999997
1.4	-0.352
1.4166666666666667	-0.3516
1.4333333333333333	-0.35129999999999995
1.45	-0.3509
1.4666666666666666	-0.3509
1.4833333333333334	-0.35029999999999994
1.5	-0.35040000000000004
1.5166666666666666	-0.35019999999999996
1.5333333333333334	-0.3498
1.55	-0.34940000000000004
1.5666666666666667	-0.34950000000000003
1.5833333333333333	-0.34929999999999994
1.6	-0.34919999999999995
1.6166666666666667	-0.3486
1.6333333333333333	-0.34850000000000003
1.65	-0.34850000000000003
1.6666666666666667	-0.34809999999999997
1.6833333333333333	-0.3476
1.7	-0.3476
1.7166666666666666	-0.34729999999999994
1.7333333333333334	-0.347
1.75	-0.347
1.7666666666666666	-0.34640000000000004
1.7833333333333334	-0.34629999999999994
1.8	-0.34609999999999996
1.8166666666666667	-0.34550000000000003
1.8333333333333333	-0.3456
1.85	-0.34540000000000004
1.8666666666666667	-0.345
1.8833333333333333	-0.3448
1.9	-0.34429999999999994
1.9166666666666667	-0.34440000000000004
1.9333333333333333	-0.34409999999999996
1.95	-0.3439
1.9666666666666666	-0.3438
1.9833333333333334	-0.3435
2.0	-0.34319999999999995
2.0166666666666666	-0.3427
2.033333333333333	-0.3428
2.05	-0.3427
2.066666666666667	-0.34240000000000004
2.0833333333333335	-0.34199999999999997
2.1	-0.3416
2.1166666666666667	-0.3416
2.1333333333333333	-0.34130000000000005
2.15	-0.34109999999999996
2.1666666666666665	-0.3409
2.183333333333333	-0.34040000000000004
2.2	-0.3405
2.216666666666667	-0.34009999999999996
2.2333333333333334	-0.3399
2.25	-0.3396
2.2666666666666666	-0.33940000000000003
2.283333333333333	-0.33899999999999997
2.3	-0.3387
2.316666666666667	-0.33840000000000003
2.3333333333333335	-0.3386
2.35	-0.33830000000000005
2.3666666666666667	-0.3376
2.3833333333333333	-0.3375
2.4	-0.3377
2.4166666666666665	-0.33699999999999997
2.433333333333333	-0.3366
2.45	-0.3365
2.466666666666667	-0.33619999999999994
2.4833333333333334	-0.3359
2.5	-0.3359
2.5166666666666666	-0.33540000000000003
2.533333333333333	-0.33530000000000004
2.55	-0.3349
2.566666666666667	-0.33509999999999995
2.5833333333333335	-0.3345
2.6	-0.3346
2.6166666666666667	-0.3338
2.6333333333333333	-0.3338
2.65	-0.3336
2.6666666666666665	-0.33299999999999996
2.683333333333333	-0.33299999999999996
2.7	-0.3328
2.716666666666667	-0.3325
2.7333333333333334	-0.33199999999999996
2.75	-0.3318
2.7666666666666666	-0.33119999999999994
2.783333333333333	-0.33140000000000003
2.8	-0.33089999999999997
2.816666666666667	-0.3307
2.8333333333333335	-0.3304
2.85	-0.32999999999999996
2.8666666666666667	-0.32999999999999996
2.8833333333333333	-0.3296
2.9	-0.3295
2.9166666666666665	-0.32909999999999995
2.933333333333333	-0.3288
2.95	-0.3286
2.966666666666667	-0.32820000000000005
2.9833333333333334	-0.32799999999999996
3.0	-0.3276
3.0166666666666666	-0.3274
3.033333333333333	-0.32689999999999997
3.05	-0.32689999999999997
3.066666666666667	-0.3267
3.0833333333333335	-0.32589999999999997
3.1	-0.32589999999999997
3.1166666666666667	-0.32530000000000003
3.1333333333333333	-0.3256
3.15	-0.32520000000000004
3.1666666666666665	-0.32489999999999997
3.183333333333333	-0.3245
3.2	-0.32420000000000004
3.216666666666667	-0.32389999999999997
3.2333333333333334	-0.3235
3.25	-0.32299999999999995
3.2666666666666666	-0.32289999999999996
3.283333333333333	-0.3225
3.3	-0.3225
3.316666666666667	-0.32220000000000004
3.3333333333333335	-0.32189999999999996
3.35	-0.3215
3.3666666666666667	-0.32109999999999994
3.3833333333333333	-0.32089999999999996
3.4	-0.3208
3.4166666666666665	-0.32020000000000004
3.433333333333333	-0.32009999999999994
3.45	-0.3197
3.466666666666667	-0.31920000000000004
3.4833333333333334	-0.3188
3.5	-0.31889999999999996
3.5166666666666666	-0.3186
3.533333333333333	-0.3184
3.55	-0.31809999999999994
3.566666666666667	-0.3175
3.5833333333333335	-0.31710000000000005
3.6	-0.31720000000000004
3.6166666666666667	-0.3166
3.6333333333333333	-0.3165
3.65	-0.31589999999999996
3.6666666666666665	-0.3157
3.683333333333333	-0.3155
3.7	-0.31510000000000005
3.716666666666667	-0.31510000000000005
3.7333333333333334	-0.3145
3.75	-0.3143
3.7666666666666666	-0.31389999999999996
3.783333333333333	-0.3135
3.8	-0.31310000000000004
3.816666666666667	-0.31310000000000004
3.8333333333333335	-0.3127
3.85	-0.31220000000000003
3.8666666666666667	-0.31179999999999997
3.8833333333333333	-0.3115
3.9	-0.3114
3.9166666666666665	-0.31110000000000004
3.933333333333333	-0.3106
3.95	-0.3106
3.966666666666667	-0.31010000000000004
3.9833333333333334	-0.30999999999999994
4.0	-0.3095
4.016666666666667	-0.3095
4.033333333333333	-0.30899999999999994
4.05	-0.3086
4.066666666666666	-0.3085
4.083333333333333	-0.30820000000000003
4.1	-0.30789999999999995
4.116666666666666	-0.3073
4.133333333333334	-0.3074
4.15	-0.30689999999999995
4.166666666666667	-0.3066
4.183333333333334	-0.30599999999999994
4.2	-0.30599999999999994
4.216666666666667	-0.30569999999999997
4.233333333333333	-0.3053
4.25	-0.30510000000000004
4.266666666666667	-0.3046
4.283333333333333	-0.3042
4.3	-0.3042
4.316666666666666	-0.3036
4.333333333333333	-0.30369999999999997
4.35	-0.3032
4.366666666666666	-0.30289999999999995
4.383333333333334	-0.30269999999999997
4.4	-0.3023
4.416666666666667	-0.30179999999999996
4.433333333333334	-0.3015
4.45	-0.30110000000000003
4.466666666666667	-0.30089999999999995
4.483333333333333	-0.30069999999999997
4.5	-0.3004
4.516666666666667	-0.30000000000000004
4.533333333333333	-0.2996
4.55	-0.2995
4.566666666666666	-0.29910000000000003
4.583333333333333	-0.29900000000000004
4.6	-0.2985
4.616666666666666	-0.2985
4.633333333333334	-0.29810000000000003
4.65	-0.29789999999999994
4.666666666666667	-0.2975
4.683333333333334	-0.2973
4.7	-0.29679999999999995
4.716666666666667	-0.2965
4.733333333333333	-0.2963
4.75	-0.29610000000000003
4.766666666666667	-0.29569999999999996
4.783333333333333	-0.2952
4.8	-0.29510000000000003
4.816666666666666	-0.29489999999999994
4.833333333333333	-0.29469999999999996
4.85	-0.2945
4.866666666666666	-0.2942
4.883333333333334	-0.29369999999999996
4.9	-0.2932
4.916666666666667	-0.2933
4.933333333333334	-0.29279999999999995
4.95	-0.29259999999999997
4.966666666666667	-0.2924
4.983333333333333	-0.2921
5.0	-0.29179999999999995
5.016666666666667	-0.2914
5.033333333333333	-0.2913
5.05	-0.29090000000000005
5.066666666666666	-0.29059999999999997
5.083333333333333	-0.2905
5.1	-0.29000000000000004
5.116666666666666	-0.28979999999999995
5.133333333333334	-0.2894
5.15	-0.2895
5.166666666666667	-0.28900000000000003
5.183333333333334	-0.28890000000000005
5.2	-0.28859999999999997
5.216666666666667	-0.2881
5.233333333333333	-0.28790000000000004
5.25	-0.28769999999999996
5.266666666666667	-0.2875
5.283333333333333	-0.2873
5.3	-0.28690000000000004
5.316666666666666	-0.2865
5.333333333333333	-0.2863
5.35	-0.28590000000000004
5.366666666666666	-0.28600000000000003
5.383333333333334	-0.2853
5.4	-0.2853
5.416666666666667	-0.28490000000000004
5.433333333333334	-0.28490000000000004
5.45	-0.28459999999999996
5.466666666666667	-0.2845
5.483333333333333	-0.28390000000000004
5.5	-0.2835
5.516666666666667	-0.2835
5.533333333333333	-0.2832
5.55	-0.2831
5.566666666666666	-0.28269999999999995
5.583333333333333	-0.2825
5.6	-0.2822
5.616666666666666	-0.28200000000000003
5.633333333333334	-0.28169999999999995
5.65	-0.2815
5.666666666666667	-0.2812
5.683333333333334	-0.2811
5.7	-0.28079999999999994
5.716666666666667	-0.28049999999999997
5.733333333333333	-0.2804
5.75	-0.2803
5.766666666666667	-0.27980000000000005
5.783333333333333	-0.27959999999999996
5.8	-0.2793
5.816666666666666	-0.2791
5.833333333333333	-0.27859999999999996
5.85	-0.27859999999999996
5.866666666666666	-0.2784
5.883333333333334	-0.278
5.9	-0.2781
5.916666666666667	-0.27749999999999997
5.933333333333334	-0.2773
5.95	-0.277
5.966666666666667	-0.2772
5.983333333333333	-0.27680000000000005
6.0	-0.27659999999999996
6.016666666666667	-0.2762
6.033333333333333	-0.27590000000000003
6.05	-0.27569999999999995
6.066666666666666	-0.27569999999999995
6.083333333333333	-0.2751
6.1	-0.2752
6.116666666666666	-0.27490000000000003
6.133333333333334	-0.27459999999999996
6.15	-0.2742
6.166666666666667	-0.2741
6.183333333333334	-0.2741
6.2	-0.27390000000000003
6.216666666666667	-0.27359999999999995
6.233333333333333	-0.2731
6.25	-0.273
6.266666666666667	-0.2731
6.283333333333333	-0.27249999999999996
6.3	-0.2724
6.316666666666666	-0.27190000000000003
6.333333333333333	-0.27190000000000003
6.35	-0.27159999999999995
6.366666666666666	-0.27159999999999995
6.383333333333334	-0.2713
6.4	-0.2712
6.416666666666667	-0.27080000000000004
6.433333333333334	-0.27049999999999996
6.45	-0.27049999999999996
6.466666666666667	-0.2703
6.483333333333333	-0.2701
6.5	-0.26969999999999994
6.516666666666667	-0.26949999999999996
6.533333333333333	-0.26949999999999996
6.55	-0.2691
6.566666666666666	-0.269
6.583333333333333	-0.26869999999999994
6.6	-0.26839999999999997
6.616666666666666	-0.26849999999999996
6.633333333333334	-0.2681
6.65	-0.268
6.666666666666667	-0.26759999999999995
6.683333333333334	-0.26749999999999996
6.7	-0.2672
6.716666666666667	-0.2672
6.733333333333333	-0.26670000000000005
6.75	-0.26659999999999995
6.766666666666667	-0.2662
6.783333333333333	-0.266
6.8	-0.266
6.816666666666666	-0.266
6.833333333333333	-0.26549999999999996
6.85	-0.2651
6.866666666666666	-0.265
6.883333333333334	-0.2649
6.9	-0.2649
6.916666666666667	-0.26439999999999997
6.933333333333334	-0.2643
6.95	-0.2642
6.966666666666667	-0.264
6.983333333333333	-0.26359999999999995
7.0	-0.26349999999999996
7.016666666666667	-0.26339999999999997
7.033333333333333	-0.2632
7.05	-0.26259999999999994
7.066666666666666	-0.26270000000000004
7.083333333333333	-0.26239999999999997
7.1	-0.2622
7.116666666666666	-0.262
7.133333333333334	-0.26170000000000004
7.15	-0.26170000000000004
7.166666666666667	-0.26149999999999995
7.183333333333334	-0.2612
7.2	-0.261
7.216666666666667	-0.2609
7.233333333333333	-0.26070000000000004
7.25	-0.26049999999999995
7.266666666666667	-0.2603
7.283333333333333	-0.26
7.3	-0.26
7.316666666666666	-0.25959999999999994
7.333333333333333	-0.25949999999999995
7.35	-0.2591
7.366666666666666	-0.25880000000000003
7.383333333333334	-0.25870000000000004
7.4	-0.25859999999999994
7.416666666666667	-0.25859999999999994
7.433333333333334	-0.2582
7.45	-0.2583
7.466666666666667	-0.2582
7.483333333333333	-0.25780000000000003
7.5	-0.25739999999999996
7.516666666666667	-0.2573
7.533333333333333	-0.25680000000000003
7.55	-0.257
7.566666666666666	-0.2563
7.583333333333333	-0.25649999999999995
7.6	-0.2563
7.616666666666666	-0.256
7.633333333333334	-0.2559
7.65	-0.2559
7.666666666666667	-0.2558
7.683333333333334	-0.25539999999999996
7.7	-0.2552
7.716666666666667	-0.255
7.733333333333333	-0.2548
7.75	-0.25460000000000005
7.766666666666667	-0.25460000000000005
7.783333333333333	-0.2541
7.8	-0.25429999999999997
7.816666666666666	-0.2538
7.833333333333333	-0.25349999999999995
7.85	-0.25349999999999995
7.866666666666666	-0.2532
7.883333333333334	-0.2532
7.9	-0.2531
7.916666666666667	-0.253
7.933333333333334	-0.25249999999999995
7.95	-0.25249999999999995
7.966666666666667	-0.2521
7.983333333333333	-0.2518
8.0	-0.252
8.016666666666667	-0.2518
8.033333333333333	-0.25139999999999996
8.05	-0.25139999999999996
8.066666666666666	-0.25129999999999997
8.083333333333334	-0.2511
8.1	-0.2509
8.116666666666667	-0.2508
8.133333333333333	-0.25029999999999997
8.15	-0.25029999999999997
8.166666666666666	-0.25
8.183333333333334	-0.2499
8.2	-0.24939999999999996
8.216666666666667	-0.24970000000000003
8.233333333333333	-0.24919999999999998
8.25	-0.24929999999999997
8.266666666666667	-0.249
8.283333333333333	-0.24849999999999994
8.3	-0.24870000000000003
8.316666666666666	-0.24849999999999994
8.333333333333334	-0.24819999999999998
8.35	-0.24819999999999998
8.366666666666667	-0.2479
8.383333333333333	-0.24760000000000004
8.4	-0.24749999999999994
8.416666666666666	-0.24739999999999995
8.433333333333334	-0.2471
8.45	-0.2471
8.466666666666667	-0.24660000000000004
8.483333333333333	-0.24660000000000004
8.5	-0.24670000000000003
8.516666666666667	-0.24639999999999995
8.533333333333333	-0.2459
8.55	-0.24580000000000002
8.566666666666666	-0.2459
8.583333333333334	-0.24570000000000003
8.6	-0.24539999999999995
8.616666666666667	-0.24529999999999996
8.633333333333333	-0.245
8.65	-0.2449
8.666666666666666	-0.24449999999999994
8.683333333333334	-0.244
8.7	-0.24439999999999995
8.716666666666667	-0.24419999999999997
8.733333333333333	-0.244
8.75	-0.24380000000000002
8.766666666666667	-0.24370000000000003
8.783333333333333	-0.24329999999999996
8.8	-0.24329999999999996
8.816666666666666	-0.24309999999999998
8.833333333333334	-0.2429
8.85	-0.24269999999999997
8.866666666666667	-0.24259999999999998
8.883333333333333	-0.242
8.9	-0.24219999999999997
8.916666666666666	-0.24209999999999998
8.933333333333334	-0.24159999999999998
8.95	-0.24159999999999998
8.966666666666667	-0.24159999999999998
8.983333333333333	-0.24119999999999997
9.0	-0.24119999999999997
9.016666666666667	-0.24080000000000001
9.033333333333333	-0.2409
9.05	-0.24080000000000001
9.066666666666666	-0.2404
9.083333333333334	-0.2404
9.1	-0.24019999999999997
9.116666666666667	-0.24019999999999997
9.133333333333333	-0.23959999999999998
9.15	-0.23959999999999998
9.166666666666666	-0.23969999999999997
9.183333333333334	-0.2393
9.2	-0.23919999999999997
9.216666666666667	-0.2389
9.233333333333333	-0.2385
9.25	-0.23869999999999997
9.266666666666667	-0.23819999999999997
9.283333333333333	-0.23809999999999998
9.3	-0.23819999999999997
9.316666666666666	-0.2378
9.333333333333334	-0.23769999999999997
9.35	-0.2375
9.366666666666667	-0.2374
9.383333333333333	-0.23719999999999997
9.4	-0.23709999999999998
9.416666666666666	-0.2368
9.433333333333334	-0.2365
9.45	-0.2365
9.466666666666667	-0.2363
9.483333333333333	-0.23609999999999998
9.5	-0.23609999999999998
9.516666666666667	-0.236
9.533333333333333	-0.2355
9.55	-0.2354
9.566666666666666	-0.2353
9.583333333333334	-0.235
9.6	-0.23509999999999998
9.616666666666667	-0.2345
9.633333333333333	-0.23459999999999998
9.65	-0.2344
9.666666666666666	-0.2344
9.683333333333334	-0.23420000000000002
9.7	-0.23420000000000002
9.716666666666667	-0.23370000000000002
9.733333333333333	-0.23359999999999997
9.75	-0.2334
9.766666666666667	-0.2333
9.783333333333333	-0.23299999999999998
9.8	-0.23299999999999998
9.816666666666666	-0.2328
9.833333333333334	-0.23270000000000002
9.85	-0.23249999999999998
9.866666666666667	-0.2323
9.883333333333333	-0.23220000000000002
9.9	-0.2318
9.916666666666666	-0.2319
9.933333333333334	-0.23170000000000002
9.95	-0.2314
9.966666666666667	-0.23149999999999998
9.983333333333333	-0.23109999999999997
10.0	-0.23120000000000002
10.016666666666667	-0.2309
10.033333333333333	-0.2304
10.05	-0.23009999999999997
10.066666666666666	-0.23009999999999997
10.083333333333334	-0.2303
10.1	-0.2298
10.116666666666667	-0.2298
10.133333333333333	-0.22970000000000002
10.15	-0.22959999999999997
10.166666666666666	-0.2294
10.183333333333334	-0.22920000000000001
10.2	-0.2288
10.216666666666667	-0.22899999999999998
10.233333333333333	-0.2284
10.25	-0.22870000000000001
10.266666666666667	-0.22799999999999998
10.283333333333333	-0.2279
10.3	-0.22809999999999997
10.316666666666666	-0.22799999999999998
10.333333333333334	-0.22759999999999997
10.35	-0.2274
10.366666666666667	-0.2273
10.383333333333333	-0.22709999999999997
10.4	-0.2269
10.416666666666666	-0.2269
10.433333333333334	-0.2268
10.45	-0.2263
10.466666666666667	-0.2262
10.483333333333333	-0.2263
10.5	-0.22599999999999998
10.516666666666667	-0.22559999999999997
10.533333333333333	-0.2258
10.55	-0.22549999999999998
10.566666666666666	-0.2254
10.583333333333334	-0.2252
10.6	-0.2252
10.616666666666667	-0.2248
10.633333333333333	-0.22459999999999997
10.65	-0.22449999999999998
10.666666666666666	-0.2242
10.683333333333334	-0.22410000000000002
10.7	-0.22410000000000002
10.716666666666667	-0.2239
10.733333333333333	-0.2239
10.75	-0.22360000000000002
10.766666666666667	-0.2232
10.783333333333333	-0.22299999999999998
10.8	-0.22310000000000002
10.816666666666666	-0.22299999999999998
10.833333333333334	-0.2227
10.85	-0.22260000000000002
10.866666666666667	-0.2224
10.883333333333333	-0.2222
10.9	-0.22199999999999998
10.916666666666666	-0.2219
10.933333333333334	-0.2217
10.95	-0.22149999999999997
10.966666666666667	-0.2213
10.983333333333333	-0.2213
11.0	-0.22099999999999997
11.016666666666667	-0.22089999999999999
11.033333333333333	-0.22039999999999998
11.05	-0.22039999999999998
11.066666666666666	-0.22049999999999997
11.083333333333334	-0.2203
11.1	-0.21989999999999998
11.116666666666667	-0.21989999999999998
11.133333333333333	-0.21949999999999997
11.15	-0.21939999999999998
11.166666666666666	-0.2193
11.183333333333334	-0.21910000000000002
11.2	-0.21889999999999998
11.216666666666667	-0.21889999999999998
11.233333333333333	-0.21839999999999998
11.25	-0.21860000000000002
11.266666666666667	-0.2183
11.283333333333333	-0.21810000000000002
11.3	-0.21789999999999998
11.316666666666666	-0.2178
11.333333333333334	-0.21789999999999998
11.35	-0.21760000000000002
11.366666666666667	-0.21749999999999997
11.383333333333333	-0.21710000000000002
11.4	-0.21710000000000002
11.416666666666666	-0.21689999999999998
11.433333333333334	-0.2167
11.45	-0.21639999999999998
11.466666666666667	-0.21649999999999997
11.483333333333333	-0.2162
11.5	-0.21599999999999997
11.516666666666667	-0.21599999999999997
11.533333333333333	-0.21539999999999998
11.55	-0.2153
11.566666666666666	-0.2153
11.583333333333334	-0.2151
11.6	-0.2152
11.616666666666667	-0.2148
11.633333333333333	-0.2147
11.65	-0.2143
11.666666666666666	-0.21449999999999997
11.683333333333334	-0.2141
11.7	-0.21389999999999998
11.716666666666667	-0.2137
11.733333333333333	-0.2138
11.75	-0.2133
11.766666666666667	-0.21339999999999998
11.783333333333333	-0.2131
11.8	-0.21289999999999998
11.816666666666666	-0.21289999999999998
11.833333333333334	-0.2127
11.85	-0.21249999999999997
11.866666666666667	-0.2121
11.883333333333333	-0.2123
11.9	-0.21189999999999998
11.916666666666666	-0.21199999999999997
11.933333333333334	-0.21150000000000002
11.95	-0.21150000000000002
11.966666666666667	-0.2113
11.983333333333333	-0.2111
12.0	-0.2111
12.016666666666667	-0.21089999999999998
12.033333333333333	-0.2106
12.05	-0.2106
12.066666666666666	-0.2102
12.083333333333334	-0.2102
12.1	-0.21000000000000002
12.116666666666667	-0.20989999999999998
12.133333333333333	-0.2097
12.15	-0.2097
12.166666666666666	-0.20950000000000002
12.183333333333334	-0.20929999999999999
12.2	-0.20900000000000002
12.216666666666667	-0.20889999999999997
12.233333333333333	-0.20879999999999999
12.25	-0.2086
12.266666666666667	-0.20839999999999997
12.283333333333333	-0.2081
12.3	-0.20779999999999998
12.316666666666666	-0.20800000000000002
12.333333333333334	-0.2077
12.35	-0.20739999999999997
12.366666666666667	-0.20750000000000002
12.383333333333333	-0.20729999999999998
12.4	-0.20689999999999997
12.416666666666666	-0.2067
12.433333333333334	-0.20650000000000002
12.45	-0.20650000000000002
12.466666666666667	-0.20639999999999997
12.483333333333333	-0.20600000000000002
12.5	-0.20589999999999997
12.516666666666667	-0.20589999999999997
12.533333333333333	-0.20550000000000002
12.55	-0.20550000000000002
12.566666666666666	-0.20539999999999997
12.583333333333334	-0.20489999999999997
12.6	-0.2051
12.616666666666667	-0.20479999999999998
12.633333333333333	-0.20450000000000002
12.65	-0.2046
12.666666666666666	-0.2042
12.683333333333334	-0.20400000000000001
12.7	-0.20400000000000001
12.716666666666667	-0.2036
12.733333333333333	-0.2037
12.75	-0.20329999999999998
12.766666666666667	-0.20329999999999998
12.783333333333333	-0.2031
12.8	-0.20289999999999997
12.816666666666666	-0.20289999999999997
12.833333333333334	-0.2022
12.85	-0.20229999999999998
12.866666666666667	-0.2021
12.883333333333333	-0.20179999999999998
12.9	-0.2017
12.916666666666666	-0.2016
12.933333333333334	-0.20139999999999997
12.95	-0.20139999999999997
12.966666666666667	-0.2011
12.983333333333333	-0.201
13.0	-0.20089999999999997
13.016666666666667	-0.20039999999999997
13.033333333333333	-0.20039999999999997
13.05	-0.2002
13.066666666666666	-0.2
13.083333333333334	-0.19989999999999997
13.1	-0.1996
13.116666666666667	-0.1996
13.133333333333333	-0.1995
13.15	-0.1992
13.166666666666666	-0.1992
13.183333333333334	-0.199
13.2	-0.1985
13.216666666666667	-0.1985
13.233333333333333	-0.19840000000000002
13.25	-0.1982
13.266666666666667	-0.19790000000000002
13.283333333333333	-0.19779999999999998
13.3	-0.1975
13.316666666666666	-0.19740000000000002
13.333333333333334	-0.19740000000000002
13.35	-0.19690000000000002
13.366666666666667	-0.19669999999999999
13.383333333333333	-0.1966
13.4	-0.1965
13.416666666666666	-0.19619999999999999
13.433333333333334	-0.1961
13.45	-0.1961
13.466666666666667	-0.19579999999999997
13.483333333333333	-0.19579999999999997
13.5	-0.19540000000000002
13.516666666666667	-0.19529999999999997
13.533333333333333	-0.19490000000000002
13.55	-0.195
13.566666666666666	-0.19479999999999997
13.583333333333334	-0.19440000000000002
13.6	-0.19429999999999997
13.616666666666667	-0.1941
13.633333333333333	-0.19379999999999997
13.65	-0.19379999999999997
13.666666666666666	-0.1936
13.683333333333334	-0.19329999999999997
13.7	-0.19319999999999998
13.716666666666667	-0.1931
13.733333333333333	-0.19290000000000002
13.75	-0.19279999999999997
13.766666666666667	-0.1926
13.783333333333333	-0.19219999999999998
13.8	-0.19190000000000002
13.816666666666666	-0.19190000000000002
13.833333333333334	-0.19129999999999997
13.85	-0.19129999999999997
13.866666666666667	-0.1915
13.883333333333333	-0.1911
13.9	-0.1911
13.916666666666666	-0.19079999999999997
13.933333333333334	-0.19069999999999998
13.95	-0.19029999999999997
13.966666666666667	-0.1901
13.983333333333333	-0.19
14.0	-0.18969999999999998
14.016666666666667	-0.1896
14.033333333333333	-0.1894
14.05	-0.18929999999999997
14.066666666666666	-0.18929999999999997
14.083333333333334	-0.18879999999999997
14.1	-0.1885
14.116666666666667	-0.1884
14.133333333333333	-0.18829999999999997
14.15	-0.188
14.166666666666666	-0.1879
14.183333333333334	-0.1876
14.2	-0.1874
14.216666666666667	-0.18719999999999998
14.233333333333333	-0.187
14.25	-0.18669999999999998
14.266666666666667	-0.18669999999999998
14.283333333333333	-0.1864
14.3	-0.18630000000000002
14.316666666666666	-0.18619999999999998
14.333333333333334	-0.186
14.35	-0.18569999999999998
14.366666666666667	-0.18530000000000002
14.383333333333333	-0.1854
14.4	-0.1851
14.416666666666666	-0.18480000000000002
14.433333333333334	-0.1845
14.45	-0.1845
14.466666666666667	-0.184
14.483333333333333	-0.1839
14.5	-0.18359999999999999
14.516666666666667	-0.1835
14.533333333333333	-0.1834
14.55	-0.183
14.566666666666666	-0.18280000000000002
14.583333333333334	-0.18280000000000002
14.6	-0.18269999999999997
14.616666666666667	-0.1825
14.633333333333333	-0.18219999999999997
14.65	-0.18180000000000002
14.666666666666666	-0.18159999999999998
14.683333333333334	-0.18159999999999998
14.7	-0.18119999999999997
14.716666666666667	-0.1809
14.733333333333333	-0.1805
14.75	-0.1804
14.766666666666667	-0.18030000000000002
14.783333333333333	-0.1799
14.8	-0.1799
14.816666666666666	-0.17969999999999997
14.833333333333334	-0.17919999999999997
14.85	-0.179
14.866666666666667	-0.179
14.883333333333333	-0.1785
14.9	-0.1784
14.916666666666666	-0.17819999999999997
14.933333333333334	-0.178
14.95	-0.1778
14.966666666666667	-0.17769999999999997
14.983333333333333	-0.17719999999999997
15.0	-0.17709999999999998
15.016666666666667	-0.17659999999999998
15.033333333333333	-0.1765
15.05	-0.1764
15.066666666666666	-0.1759
15.083333333333334	-0.17569999999999997
15.1	-0.1758
15.116666666666667	-0.1755
15.133333333333333	-0.175
15.15	-0.1749
15.166666666666666	-0.1745
15.183333333333334	-0.1744
15.2	-0.17420000000000002
15.216666666666667	-0.1739
15.233333333333333	-0.17359999999999998
15.25	-0.1735
15.266666666666667	-0.173
15.283333333333333	-0.17259999999999998
15.3	-0.17259999999999998
15.316666666666666	-0.1724
15.333333333333334	-0.17220000000000002
15.35	-0.17220000000000002
15.366666666666667	-0.17170000000000002
15.383333333333333	-0.17149999999999999
15.4	-0.17120000000000002
15.416666666666666	-0.1709
15.433333333333334	-0.17049999999999998
15.45	-0.17020000000000002
15.466666666666667	-0.16970000000000002
15.483333333333333	-0.16970000000000002
15.5	-0.1694
15.516666666666667	-0.16920000000000002
15.533333333333333	-0.16909999999999997
15.55	-0.16849999999999998
15.566666666666666	-0.16820000000000002
15.583333333333334	-0.16820000000000002
15.6	-0.1678
15.616666666666667	-0.1674
15.633333333333333	-0.1669
15.65	-0.16670000000000001
15.666666666666666	-0.16659999999999997
15.683333333333334	-0.16609999999999997
15.7	-0.1659
15.716666666666667	-0.16559999999999997
15.733333333333333	-0.1654
15.75	-0.1649
15.766666666666667	-0.16459999999999997
15.783333333333333	-0.1643
15.8	-0.1639
15.816666666666666	-0.1637
15.833333333333334	-0.16359999999999997
15.85	-0.1634
15.866666666666667	-0.1627
15.883333333333333	-0.16259999999999997
15.9	-0.1622
15.916666666666666	-0.16160000000000002
15.933333333333334	-0.1613
15.95	-0.16110000000000002
15.966666666666667	-0.1608
15.983333333333333	-0.1604
16.0	-0.1602
16.016666666666666	-0.15960000000000002
16.033333333333335	-0.1594
16.05	-0.15899999999999997
16.066666666666666	-0.1587
16.083333333333332	-0.1583
16.1	-0.15789999999999998
16.116666666666667	-0.15749999999999997
16.133333333333333	-0.15710000000000002
16.15	-0.15689999999999998
16.166666666666668	-0.1562
16.183333333333334	-0.15599999999999997
16.2	-0.15560000000000002
16.216666666666665	-0.1553
16.233333333333334	-0.15460000000000002
16.25	-0.15439999999999998
16.266666666666666	-0.15399999999999997
16.283333333333335	-0.15339999999999998
16.3	-0.15299999999999997
16.316666666666666	-0.1526
16.333333333333332	-0.15199999999999997
16.35	-0.15149999999999997
16.366666666666667	-0.1513
16.383333333333333	-0.1508
16.4	-0.15039999999999998
16.416666666666668	-0.14989999999999998
16.433333333333334	-0.1493
16.45	-0.14900000000000002
16.466666666666665	-0.1483
16.483333333333334	-0.14800000000000002
16.5	-0.14750000000000002
16.516666666666666	-0.14689999999999998
16.533333333333335	-0.14629999999999999
16.55	-0.14579999999999999
16.566666666666666	-0.14550000000000002
16.583333333333332	-0.14479999999999998
16.6	-0.14439999999999997
16.616666666666667	-0.1437
16.633333333333333	-0.14300000000000002
16.65	-0.1426
16.666666666666668	-0.14179999999999998
16.683333333333334	-0.1412
16.7	-0.1407
16.716666666666665	-0.13979999999999998
16.733333333333334	-0.13939999999999997
16.75	-0.1386
16.766666666666666	-0.1381
16.783333333333335	-0.13729999999999998
16.8	-0.1366
16.816666666666666	-0.1361
16.833333333333332	-0.1355
16.85	-0.1345
16.866666666666667	-0.134
16.883333333333333	-0.133
16.9	-0.13229999999999997
16.916666666666668	-0.13169999999999998
16.933333333333334	-0.13069999999999998
16.95	-0.12979999999999997
16.966666666666665	-0.12919999999999998
16.983333333333334	-0.12829999999999997
17.0	-0.12729999999999997
17.016666666666666	-0.1264
17.033333333333335	-0.12569999999999998
17.05	-0.12440000000000001
17.066666666666666	-0.12330000000000002
17.083333333333332	-0.12280000000000002
17.1	-0.12169999999999997
17.116666666666667	-0.1205
17.133333333333333	-0.1195
17.15	-0.11830000000000002
17.166666666666668	-0.11719999999999997
17.183333333333334	-0.1159
17.2	-0.11459999999999998
17.216666666666665	-0.11369999999999997
17.233333333333334	-0.11230000000000001
17.25	-0.11109999999999998
17.266666666666666	-0.10949999999999999
17.283333333333335	-0.10820000000000002
17.3	-0.1069
17.316666666666666	-0.10549999999999998
17.333333333333332	-0.10370000000000001
17.35	-0.10249999999999998
17.366666666666667	-0.1008
17.383333333333333	-0.0993
17.4	-0.0973
17.416666666666668	-0.0958
17.433333333333334	-0.09399999999999997
17.45	-0.09199999999999997
17.466666666666665	-0.0902
17.483333333333334	-0.08810000000000001
17.5	-0.08639999999999998
17.516666666666666	-0.08450000000000002
17.533333333333335	-0.0822
17.55	-0.0801
17.566666666666666	-0.07839999999999997
17.583333333333332	-0.07600000000000001
17.6	-0.07369999999999999
17.616666666666667	-0.07119999999999999
17.633333333333333	-0.06919999999999998
17.65	-0.06679999999999997
17.666666666666668	-0.06469999999999998
17.683333333333334	-0.062299999999999967
17.7	-0.06009999999999999
17.716666666666665	-0.057499999999999996
17.733333333333334	-0.055400000000000005
17.75	-0.0529
17.766666666666666	-0.05049999999999999
17.783333333333335	-0.04799999999999999
17.8	-0.04630000000000001
17.816666666666666	-0.043999999999999984
17.833333333333332	-0.041700000000000015
17.85	-0.03959999999999997
17.866666666666667	-0.03739999999999999
17.883333333333333	-0.03539999999999999
17.9	-0.03320000000000001
17.916666666666668	-0.031200000000000006
17.933333333333334	-0.029100000000000015
17.95	-0.02729999999999999
17.966666666666665	-0.02529999999999999
17.983333333333334	-0.023399999999999976
18.0	-0.021100000000000008
18.016666666666666	-0.019699999999999995
18.033333333333335	-0.01789999999999997
18.05	-0.01639999999999997
18.066666666666666	-0.01479999999999998
18.083333333333332	-0.013500000000000012
18.1	-0.011699999999999988
18.116666666666667	-0.010000000000000009
18.133333333333333	-0.008599999999999997
18.15	-0.007199999999999984
18.166666666666668	-0.005599999999999994
18.183333333333334	-0.0040999999999999925
18.2	-0.00269999999999998
18.216666666666665	-0.0015000000000000013
18.233333333333334	0.0
18.25	0.0015999999999999903
18.266666666666666	0.00269999999999998
18.283333333333335	0.0041999999999999815
18.3	0.0050000000000000044
18.316666666666666	0.005900000000000016
18.333333333333332	0.007200000000000012
18.35	0.008400000000000019
18.366666666666667	0.009700000000000014
18.383333333333333	0.010700000000000015
18.4	0.011899999999999994
18.416666666666668	0.012899999999999995
18.433333333333334	0.014000000000000012
18.45	0.015399999999999997
18.466666666666665	0.016100000000000003
18.483333333333334	0.017100000000000004
18.5	0.0179
18.516666666666666	0.019000000000000017
18.533333333333335	0.019800000000000012
18.55	0.02100000000000002
18.566666666666666	0.021900000000000003
18.583333333333332	0.02250000000000002
18.6	0.023499999999999993
18.616666666666667	0.024300000000000016
18.633333333333333	0.02510000000000001
18.65	0.025999999999999995
18.666666666666668	0.026800000000000018
18.683333333333334	0.027900000000000008
18.7	0.02830000000000002
18.716666666666665	0.029200000000000004
18.733333333333334	0.02990000000000001
18.75	0.030700000000000005
18.766666666666666	0.0315
18.783333333333335	0.032200000000000006
18.8	0.03310000000000002
18.816666666666666	0.0338
18.833333333333332	0.034400000000000014
18.85	0.03510000000000002
18.866666666666667	0.0358
18.883333333333333	0.036500000000000005
18.9	0.036900000000000016
18.916666666666668	0.037599999999999995
18.933333333333334	0.03840000000000002
18.95	0.03890000000000002
18.966666666666665	0.03970000000000001
18.983333333333334	0.0401
19.0	0.040700000000000014
19.016666666666666	0.041200000000000014
19.033333333333335	0.0421
19.05	0.042700000000000016
19.066666666666666	0.0431
19.083333333333332	0.04400000000000001
19.1	0.04450000000000001
19.116666666666667	0.04500000000000001
19.133333333333333	0.04550000000000001
19.15	0.04600000000000001
19.166666666666668	0.0466
19.183333333333334	0.04720000000000002
19.2	0.04819999999999999
19.216666666666665	0.04830000000000001
19.233333333333334	0.049000000000000016
19.25	0.0494
19.266666666666666	0.04980000000000001
19.283333333333335	0.0504
19.3	0.05080000000000001
19.316666666666666	0.05150000000000002
19.333333333333332	0.0519
19.35	0.05250000000000002
19.366666666666667	0.0529
19.383333333333333	0.053800000000000014
19.4	0.05399999999999999
19.416666666666668	0.05449999999999999
19.433333333333334	0.054800000000000015
19.45	0.055499999999999994
19.466666666666665	0.055900000000000005
19.483333333333334	0.056499999999999995
19.5	0.0567
19.516666666666666	0.05710000000000001
19.533333333333335	0.05780000000000002
19.55	0.05810000000000001
19.566666666666666	0.05880000000000002
19.583333333333332	0.0592
19.6	0.05940000000000001
19.616666666666667	0.06
19.633333333333333	0.06040000000000001
19.65	0.06079999999999999
19.666666666666668	0.06140000000000001
19.683333333333334	0.06190000000000001
19.7	0.062100000000000016
19.716666666666665	0.06260000000000002
19.733333333333334	0.063
19.75	0.0635
19.766666666666666	0.06390000000000001
19.783333333333335	0.06420000000000001
19.8	0.06470000000000001
19.816666666666666	0.065
19.833333333333332	0.0655
19.85	0.06570000000000001
19.866666666666667	0.0663
19.883333333333333	0.06659999999999999
19.9	0.06690000000000002
19.916666666666668	0.06740000000000002
19.933333333333334	0.0676
19.95	0.06820000000000001
19.966666666666665	0.0686
19.983333333333334	0.06890000000000002
20.0	0.06940000000000002
20.016666666666666	0.0695
20.033333333333335	0.0701
20.05	0.07050000000000001
20.066666666666666	0.07070000000000001
20.083333333333332	0.07120000000000001
20.1	0.07150000000000001
20.116666666666667	0.0721
20.133333333333333	0.07220000000000001
20.15	0.07270000000000001
20.166666666666668	0.07289999999999999
20.183333333333334	0.0733
20.2	0.07350000000000001
20.216666666666665	0.0741
20.233333333333334	0.0743
20.25	0.0749
20.266666666666666	0.07520000000000002
20.283333333333335	0.07550000000000001
20.3	0.0758
20.316666666666666	0.0763
20.333333333333332	0.0766
20.35	0.07700000000000001
20.366666666666667	0.07700000000000001
20.383333333333333	0.07730000000000001
20.4	0.07780000000000001
20.416666666666668	0.07830000000000001
20.433333333333334	0.07870000000000002
20.45	0.07880000000000001
20.466666666666665	0.07930000000000001
20.483333333333334	0.0797
20.5	0.0799
20.516666666666666	0.08030000000000001
20.533333333333335	0.0806
20.55	0.08080000000000001
20.566666666666666	0.08130000000000001
20.583333333333332	0.0814
20.6	0.0817
20.616666666666667	0.0821
20.633333333333333	0.08250000000000002
20.65	0.0827
20.666666666666668	0.08330000000000001
20.683333333333334	0.0834
20.7	0.08360000000000001
20.716666666666665	0.08400000000000002
20.733333333333334	0.0842
20.75	0.08450000000000002
20.766666666666666	0.08460000000000001
20.783333333333335	0.08510000000000001
20.8	0.08510000000000001
20.816666666666666	0.08549999999999999
20.833333333333332	0.0857
20.85	0.08580000000000002
20.866666666666667	0.0864
20.883333333333333	0.08660000000000001
20.9	0.08660000000000001
20.916666666666668	0.0869
20.933333333333334	0.0877
20.95	0.088
20.966666666666665	0.08760000000000001
20.983333333333334	0.0884
21.0	0.08830000000000002
21.016666666666666	0.0889
21.033333333333335	0.08930000000000002
21.05	0.08940000000000001
21.066666666666666	0.08980000000000002
21.083333333333332	0.09
21.1	0.09030000000000002
21.116666666666667	0.0905
21.133333333333333	0.09060000000000001
21.15	0.09110000000000001
21.166666666666668	0.09160000000000001
21.183333333333334	0.0917
21.2	0.09179999999999999
21.216666666666665	0.09210000000000002
21.233333333333334	0.092
21.25	0.09240000000000001
21.266666666666666	0.0928
21.283333333333335	0.0927
21.3	0.0932
21.316666666666666	0.0933
21.333333333333332	0.0935
21.35	0.0938
21.366666666666667	0.0943
21.383333333333333	0.0942
21.4	0.0945
21.416666666666668	0.0948
21.433333333333334	0.0952
21.45	0.0953
21.466666666666665	0.0955
21.483333333333334	0.09570000000000001
21.5	0.09640000000000001
21.516666666666666	0.09640000000000001
21.533333333333335	0.09670000000000001
21.55	0.0968
21.566666666666666	0.0975
21.583333333333332	0.0975
21.6	0.0975
21.616666666666667	0.09770000000000001
21.633333333333333	0.0983
21.65	0.0985
21.666666666666668	0.0988
21.683333333333334	0.099
21.7	0.09920000000000001
21.716666666666665	0.0993
21.733333333333334	0.0996
21.75	0.10020000000000001
21.766666666666666	0.1005
21.783333333333335	0.1006
21.8	0.10070000000000001
21.816666666666666	0.10070000000000001
21.833333333333332	0.101
21.85	0.1013
21.866666666666667	0.10070000000000001
21.883333333333333	0.101
21.9	0.1008
21.916666666666668	0.1011
21.933333333333334	0.10140000000000002
21.95	0.10140000000000002
21.966666666666665	0.1018
21.983333333333334	0.1021
22.0	0.1023
22.016666666666666	0.1026
22.033333333333335	0.1026
22.05	0.10270000000000001
22.066666666666666	0.10320000000000001
22.083333333333332	0.10340000000000002
22.1	0.10350000000000001
22.116666666666667	0.10400000000000001
22.133333333333333	0.1041
22.15	0.1043
22.166666666666668	0.10439999999999999
22.183333333333334	0.10470000000000002
22.2	0.1051
22.216666666666665	0.1053
22.233333333333334	0.10550000000000001
22.25	0.10570000000000002
22.266666666666666	0.1061
22.283333333333335	0.1064
22.3	0.1066
22.316666666666666	0.1066
22.333333333333332	0.1069
22.35	0.10720000000000002
22.366666666666667	0.1073
22.383333333333333	0.10770000000000002
22.4	0.1078
22.416666666666668	0.10800000000000001
22.433333333333334	0.1081
22.45	0.10820000000000002
22.466666666666665	0.10850000000000001
22.483333333333334	0.1089
22.5	0.10900000000000001
22.516666666666666	0.10930000000000001
22.533333333333335	0.1094
22.55	0.10980000000000001
22.566666666666666	0.1101
22.583333333333332	0.11050000000000001
22.6	0.1104
22.616666666666667	0.11080000000000001
22.633333333333333	0.1109
22.65	0.11100000000000002
22.666666666666668	0.1114
22.683333333333334	0.11150000000000002
22.7	0.1119
22.716666666666665	0.1122
22.733333333333334	0.1122
22.75	0.1124
22.766666666666666	0.11280000000000001
22.783333333333335	0.1129
22.8	0.1131
22.816666666666666	0.11350000000000002
22.833333333333332	0.11380000000000001
22.85	0.11380000000000001
22.866666666666667	0.1142
22.883333333333333	0.1142
22.9	0.1149
22.916666666666668	0.11500000000000002
22.933333333333334	0.11510000000000001
22.95	0.11530000000000001
22.966666666666665	0.11530000000000001
22.983333333333334	0.1157
23.0	0.11630000000000001
23.016666666666666	0.1162
23.033333333333335	0.11649999999999999
23.05	0.11649999999999999
23.066666666666666	0.11660000000000001
23.083333333333332	0.11680000000000001
23.1	0.11680000000000001
23.116666666666667	0.11730000000000002
23.133333333333333	0.11760000000000001
23.15	0.11810000000000001
23.166666666666668	0.1184
23.183333333333334	0.1185
23.2	0.11860000000000001
23.216666666666665	0.1189
23.233333333333334	0.11910000000000001
23.25	0.11930000000000002
23.266666666666666	0.1195
23.283333333333335	0.11980000000000002
23.3	0.11980000000000002
23.316666666666666	0.12030000000000002
23.333333333333332	0.12040000000000001
23.35	0.12080000000000002
23.366666666666667	0.12110000000000001
23.383333333333333	0.12140000000000001
23.4	0.1217
23.416666666666668	0.1217
23.433333333333334	0.122
23.45	0.1222
23.466666666666665	0.12260000000000001
23.483333333333334	0.1225
23.5	0.1225
23.516666666666666	0.12279999999999999
23.533333333333335	0.12310000000000001
23.55	0.1235
23.566666666666666	0.1238
23.583333333333332	0.1238
23.6	0.12410000000000002
23.616666666666667	0.12440000000000001
23.633333333333333	0.12460000000000002
23.65	0.125
23.666666666666668	0.1252
23.683333333333334	0.1254
23.7	0.1254
23.716666666666665	0.1258
23.733333333333334	0.1259
23.75	0.1262
23.766666666666666	0.1267
23.783333333333335	0.1268
23.8	0.127
23.816666666666666	0.12710000000000002
23.833333333333332	0.1274
23.85	0.1275
23.866666666666667	0.1277
23.883333333333333	0.128
23.9	0.1282
23.916666666666668	0.1288
23.933333333333334	0.12890000000000001
23.95	0.129
23.966666666666665	0.1292
23.983333333333334	0.129
24.0	0.1295
24.016666666666666	0.1298
24.033333333333335	0.13
24.05	0.1302
24.066666666666666	0.1305
24.083333333333332	0.1308
24.1	0.131
24.116666666666667	0.131
24.133333333333333	0.1317
24.15	0.1316
24.166666666666668	0.1321
24.183333333333334	0.1323
24.2	0.1325
24.216666666666665	0.1328
24.233333333333334	0.1331
24.25	0.13290000000000002
24.266666666666666	0.1335
24.283333333333335	0.1335
24.3	0.134
24.316666666666666	0.1341
24.333333333333332	0.13440000000000002
24.35	0.1347
24.366666666666667	0.1348
24.383333333333333	0.1352
24.4	0.1351
24.416666666666668	0.1355
24.433333333333334	0.1357
24.45	0.1358
24.466666666666665	0.13590000000000002
24.483333333333334	0.1362
24.5	0.13640000000000002
24.516666666666666	0.1366
24.533333333333335	0.1368
24.55	0.13690000000000002
24.566666666666666	0.1371
24.583333333333332	0.1375
24.6	0.1377
24.616666666666667	0.1383
24.633333333333333	0.1383
24.65	0.1386
24.666666666666668	0.1387
24.683333333333334	0.1392
24.7	0.1396
24.716666666666665	0.1396
24.733333333333334	0.14
24.75	0.1401
24.766666666666666	0.14100000000000001
24.783333333333335	0.1407
24.8	0.1411
24.816666666666666	0.14150000000000001
24.833333333333332	0.1417
24.85	0.14190000000000003
24.866666666666667	0.1423
24.883333333333333	0.1423
24.9	0.1426
24.916666666666668	0.1427
24.933333333333334	0.14300000000000002
24.95	0.1433
24.966666666666665	0.1434
24.983333333333334	0.1436
25.0	0.1439
25.016666666666666	0.1443
25.033333333333335	0.1444
25.05	0.1448
25.066666666666666	0.1452
25.083333333333332	0.1453
25.1	0.14550000000000002
25.116666666666667	0.1461
25.133333333333333	0.1459
25.15	0.1464
25.166666666666668	0.14650000000000002
25.183333333333334	0.14700000000000002
25.2	0.1471
25.216666666666665	0.1473
25.233333333333334	0.1476
25.25	0.1477
25.266666666666666	0.1478
25.283333333333335	0.1481
25.3	0.1484
25.316666666666666	0.1487
25.333333333333332	0.1486
25.35	0.1494
25.366666666666667	0.1492
25.383333333333333	0.1497
25.4	0.1498
25.416666666666668	0.1501
25.433333333333334	0.1501
25.45	0.15050000000000002
25.466666666666665	0.1507
25.483333333333334	0.1506
25.5	0.1507
25.516666666666666	0.1513
25.533333333333335	0.15150000000000002
25.55	0.1516
25.566666666666666	0.1518
25.583333333333332	0.15250000000000002
25.6	0.1527
25.616666666666667	0.1529
25.633333333333333	0.1531
25.65	0.1532
25.666666666666668	0.15360000000000001
25.683333333333334	0.1538
25.7	0.15400000000000003
25.716666666666665	0.1542
25.733333333333334	0.15460000000000002
25.75	0.15743000000000001
25.766666666666666	0.15902
25.783333333333335	0.15957
25.8	0.16028
25.816666666666666	0.16088000000000002
25.833333333333332	0.1615
25.85	0.16161999999999999
25.866666666666667	0.16207
25.883333333333333	0.16248
25.9	0.16268
25.916666666666668	0.16297
25.933333333333334	0.16334
25.95	0.16355
25.966666666666665	0.16343000000000002
25.983333333333334	0.1638
26.0	0.16419
26.016666666666666	0.1647
26.033333333333335	0.16496
26.05	0.16539
26.066666666666666	0.16517
26.083333333333332	0.16548000000000002
26.1	0.16563
26.116666666666667	0.16639
26.133333333333333	0.16646
26.15	0.16644
26.166666666666668	0.16416
26.183333333333334	0.16535
26.2	0.16571000000000002
26.216666666666665	0.16484
26.233333333333334	0.16431
26.25	0.1594
26.266666666666666	0.16660000000000003
26.283333333333335	0.16096
26.3	0.16592
26.316666666666666	0.16748000000000002
26.333333333333332	0.16779
26.35	0.16841
26.366666666666667	0.16872
26.383333333333333	0.16920000000000002
26.4	0.16943000000000003
26.416666666666668	0.16971
26.433333333333334	0.17012
26.45	0.17023
26.466666666666665	0.17065000000000002
26.483333333333334	0.1711
26.5	0.17171
26.516666666666666	0.17155
26.533333333333335	0.17179
26.55	0.17258
26.566666666666666	0.17267
26.583333333333332	0.17304
26.6	0.17319
26.616666666666667	0.17377
26.633333333333333	0.17342000000000002
26.65	0.17388
26.666666666666668	0.17392000000000002
26.683333333333334	0.17426000000000003
26.7	0.17479
26.716666666666665	0.17514000000000002
26.733333333333334	0.17541
26.75	0.1754
26.766666666666666	0.17572
26.783333333333335	0.17645
26.8	0.17678
26.816666666666666	0.17679
26.833333333333332	0.17719000000000001
26.85	0.17735
26.866666666666667	0.17714000000000002
26.883333333333333	0.17735
26.9	0.17786000000000002
26.916666666666668	0.17822
26.933333333333334	0.17828
26.95	0.17836000000000002
26.966666666666665	0.17898
26.983333333333334	0.179
27.0	0.17966
27.016666666666666	0.17926
27.033333333333335	0.17986000000000002
27.05	0.17991000000000001
27.066666666666666	0.18026999999999999
27.083333333333332	0.18075000000000002
27.1	0.18133
27.116666666666667	0.18152000000000001
27.133333333333333	0.18187
27.15	0.18202000000000002
27.166666666666668	0.1827
27.183333333333334	0.18286000000000002
27.2	0.18271
27.216666666666665	0.18298
27.233333333333334	0.18305
27.25	0.18374000000000001
27.266666666666666	0.18407
27.283333333333335	0.18455
27.3	0.18486000000000002
27.316666666666666	0.18497000000000002
27.333333333333332	0.18548
27.35	0.1859
27.366666666666667	0.18591000000000002
27.383333333333333	0.18605
27.4	0.18621
27.416666666666668	0.18647000000000002
27.433333333333334	0.18693
27.45	0.18676
27.466666666666665	0.18734
27.483333333333334	0.18766
27.5	0.18792999999999999
27.516666666666666	0.18789
27.533333333333335	0.18865
27.55	0.18911
27.566666666666666	0.18903
27.583333333333332	0.18973
27.6	0.19001
27.616666666666667	0.18999
27.633333333333333	0.19041000000000002
27.65	0.19074000000000002
27.666666666666668	0.19104
27.683333333333334	0.19134
27.7	0.19179000000000002
27.716666666666665	0.19209
27.733333333333334	0.19226
27.75	0.19254
27.766666666666666	0.19291000000000003
27.783333333333335	0.19354
27.8	0.19345
27.816666666666666	0.19378
27.833333333333332	0.19414
27.85	0.19453
27.866666666666667	0.19456
27.883333333333333	0.19524
27.9	0.19559
27.916666666666668	0.19585
27.933333333333334	0.19623000000000002
27.95	0.19667
27.966666666666665	0.1968
27.983333333333334	0.19715
28.0	0.19746
28.016666666666666	0.19805
28.033333333333335	0.19807
28.05	0.19862000000000002
28.066666666666666	0.19903
28.083333333333332	0.19937
28.1	0.19941
28.116666666666667	0.19985
28.133333333333333	0.20046
28.15	0.20049
28.166666666666668	0.20082
28.183333333333334	0.20059
28.2	0.20134000000000002
28.216666666666665	0.20175
28.233333333333334	0.20172
28.25	0.20235
28.266666666666666	0.20269
28.283333333333335	0.20317000000000002
28.3	0.20348
28.316666666666666	0.20369
28.333333333333332	0.20433
28.35	0.2046
28.366666666666667	0.20461000000000001
28.383333333333333	0.2052
28.4	0.20542
28.416666666666668	0.20606000000000002
28.433333333333334	0.20650000000000002
28.45	0.20665
28.466666666666665	0.20708000000000001
28.483333333333334	0.20763
28.5	0.20809
28.516666666666666	0.20867000000000002
28.533333333333335	0.2089
28.55	0.20895
28.566666666666666	0.20943
28.583333333333332	0.20980000000000001
28.6	0.21044000000000002
28.616666666666667	0.21075
28.633333333333333	0.2114
28.65	0.21159
28.666666666666668	0.21219
28.683333333333334	0.21295
28.7	0.21315
28.716666666666665	0.21333000000000002
28.733333333333334	0.21421
28.75	0.21431
28.766666666666666	0.21491
28.783333333333335	0.21464
28.8	0.21505000000000002
28.816666666666666	0.21564
28.833333333333332	0.21598
28.85	0.21666000000000002
28.866666666666667	0.21715
28.883333333333333	0.21736
28.9	0.21826
28.916666666666668	0.21841
28.933333333333334	0.21899000000000002
28.95	0.21967
28.966666666666665	0.22035
28.983333333333334	0.22114
29.0	0.22157
29.016666666666666	0.22207
29.033333333333335	0.22296
29.05	0.22331
29.066666666666666	0.22402
29.083333333333332	0.22425
29.1	0.22488
29.116666666666667	0.22564
29.116666666666667	0.22636
29.133333333333333	0.22607
29.15	0.22590000000000002
