0.016666666666666666	-0.2471
0.03333333333333333	-0.24629999999999996
0.05	-0.24580000000000002
0.06666666666666667	-0.24560000000000004
0.08333333333333333	-0.24549999999999994
0.1	-0.24560000000000004
0.11666666666666667	-0.24529999999999996
0.13333333333333333	-0.24519999999999997
0.15	-0.2449
0.16666666666666666	-0.24460000000000004
0.18333333333333332	-0.24409999999999998
0.2	-0.244
0.21666666666666667	-0.24360000000000004
0.23333333333333334	-0.24319999999999997
0.25	-0.24309999999999998
0.26666666666666666	-0.2429
0.2833333333333333	-0.2425
0.3	-0.24230000000000002
0.31666666666666665	-0.24209999999999998
0.3333333333333333	-0.24209999999999998
0.35	-0.2415
0.36666666666666664	-0.24130000000000001
0.38333333333333336	-0.2414
0.4	-0.241
0.4166666666666667	-0.24059999999999998
0.43333333333333335	-0.2404
0.45	-0.2403
0.4666666666666667	-0.24009999999999998
0.48333333333333334	-0.2399
0.5	-0.23969999999999997
0.5166666666666667	-0.2394
0.5333333333333333	-0.23919999999999997
0.55	-0.23919999999999997
0.5666666666666667	-0.23869999999999997
0.5833333333333334	-0.2384
0.6	-0.23819999999999997
0.6166666666666667	-0.23809999999999998
0.6333333333333333	-0.2379
0.65	-0.2375
0.6666666666666666	-0.2374
0.6833333333333333	-0.23719999999999997
0.7	-0.2368
0.7166666666666667	-0.2369
0.7333333333333333	-0.2363
0.75	-0.23620000000000002
0.7666666666666667	-0.236
0.7833333333333333	-0.2359
0.8	-0.23559999999999998
0.8166666666666667	-0.2355
0.8333333333333334	-0.2353
0.85	-0.2348
0.8666666666666667	-0.2348
0.8833333333333333	-0.2344
0.9	-0.2344
0.9166666666666666	-0.23399999999999999
0.9333333333333333	-0.2339
0.95	-0.23349999999999999
0.9666666666666667	-0.23370000000000002
0.9833333333333333	-0.2333
1.0	-0.23299999999999998
1.0166666666666666	-0.23299999999999998
1.0333333333333334	-0.2328
1.05	-0.2324
1.0666666666666667	-0.2324
1.0833333333333333	-0.23199999999999998
1.1	-0.2319
1.1166666666666667	-0.23159999999999997
1.1333333333333333	-0.23159999999999997
1.15	-0.2314
1.1666666666666667	-0.23109999999999997
1.1833333333333333	-0.23070000000000002
1.2	-0.23059999999999997
1.2166666666666666	-0.2304
1.2333333333333334	-0.23020000000000002
1.25	-0.2303
1.2666666666666666	-0.22970000000000002
1.2833333333333334	-0.2299
1.3	-0.22959999999999997
1.3166666666666667	-0.2293
1.3333333333333333	-0.22920000000000001
1.35	-0.2289
1.3666666666666667	-0.2288
1.3833333333333333	-0.22849999999999998
1.4	-0.22820000000000001
1.4166666666666667	-0.2283
1.4333333333333333	-0.22799999999999998
1.45	-0.2278
1.4666666666666666	-0.2273
1.4833333333333334	-0.2273
1.5	-0.2272
1.5166666666666666	-0.2269
1.5333333333333334	-0.2267
1.55	-0.22649999999999998
1.5666666666666667	-0.2264
1.5833333333333333	-0.2263
1.6	-0.22609999999999997
1.6166666666666667	-0.2259
1.6333333333333333	-0.2258
1.65	-0.22549999999999998
1.6666666666666667	-0.2253
1.6833333333333333	-0.22499999999999998
1.7	-0.2249
1.7166666666666666	-0.22499999999999998
1.7333333333333334	-0.22449999999999998
1.75	-0.22399999999999998
1.7666666666666666	-0.22399999999999998
1.7833333333333334	-0.22410000000000002
1.8	-0.2237
1.8166666666666667	-0.2234
1.8333333333333333	-0.22349999999999998
1.85	-0.2232
1.8666666666666667	-0.22310000000000002
1.8833333333333333	-0.2229
1.9	-0.2227
1.9166666666666667	-0.2227
1.9333333333333333	-0.2223
1.95	-0.22199999999999998
1.9666666666666666	-0.2219
1.9833333333333334	-0.2218
2.0	-0.2217
2.0166666666666666	-0.22149999999999997
2.033333333333333	-0.22149999999999997
2.05	-0.2213
2.066666666666667	-0.22089999999999999
2.0833333333333335	-0.22060000000000002
2.1	-0.22039999999999998
2.1166666666666667	-0.2203
2.1333333333333333	-0.2203
2.15	-0.22010000000000002
2.1666666666666665	-0.2198
2.183333333333333	-0.21960000000000002
2.2	-0.21949999999999997
2.216666666666667	-0.2193
2.2333333333333334	-0.21910000000000002
2.25	-0.21889999999999998
2.2666666666666666	-0.2188
2.283333333333333	-0.2188
2.3	-0.21849999999999997
2.316666666666667	-0.21799999999999997
2.3333333333333335	-0.21789999999999998
2.35	-0.21799999999999997
2.3666666666666667	-0.21760000000000002
2.3833333333333333	-0.2177
2.4	-0.2173
2.4166666666666665	-0.2173
2.433333333333333	-0.21699999999999997
2.45	-0.2167
2.466666666666667	-0.21660000000000001
2.4833333333333334	-0.21649999999999997
2.5	-0.2162
2.5166666666666666	-0.21589999999999998
2.533333333333333	-0.21589999999999998
2.55	-0.21589999999999998
2.566666666666667	-0.21549999999999997
2.5833333333333335	-0.2153
2.6	-0.2156
2.6166666666666667	-0.21489999999999998
2.6333333333333333	-0.21489999999999998
2.65	-0.2147
2.6666666666666665	-0.2147
2.683333333333333	-0.21439999999999998
2.7	-0.21439999999999998
2.716666666666667	-0.2141
2.7333333333333334	-0.21399999999999997
2.75	-0.21349999999999997
2.7666666666666666	-0.2136
2.783333333333333	-0.21339999999999998
2.8	-0.2133
2.816666666666667	-0.2131
2.8333333333333335	-0.2128
2.85	-0.2127
2.8666666666666667	-0.2123
2.8833333333333333	-0.21239999999999998
2.9	-0.2123
2.9166666666666665	-0.21199999999999997
2.933333333333333	-0.21189999999999998
2.95	-0.2116
2.966666666666667	-0.21139999999999998
2.9833333333333334	-0.21139999999999998
3.0	-0.2111
3.0166666666666666	-0.2111
3.033333333333333	-0.21089999999999998
3.05	-0.21089999999999998
3.066666666666667	-0.21050000000000002
3.0833333333333335	-0.21050000000000002
3.1	-0.2102
3.1166666666666667	-0.2101
3.1333333333333333	-0.2096
3.15	-0.2096
3.1666666666666665	-0.20929999999999999
3.183333333333333	-0.20929999999999999
3.2	-0.2091
3.216666666666667	-0.20889999999999997
3.2333333333333334	-0.20879999999999999
3.25	-0.20839999999999997
3.2666666666666666	-0.2086
3.283333333333333	-0.20829999999999999
3.3	-0.2082
3.316666666666667	-0.20779999999999998
3.3333333333333335	-0.2077
3.35	-0.2076
3.3666666666666667	-0.2076
3.3833333333333333	-0.20729999999999998
3.4	-0.2072
3.4166666666666665	-0.20689999999999997
3.433333333333333	-0.2067
3.45	-0.2066
3.466666666666667	-0.2066
3.4833333333333334	-0.2062
3.5	-0.2057
3.5166666666666666	-0.2057
3.533333333333333	-0.20579999999999998
3.55	-0.2057
3.566666666666667	-0.20539999999999997
3.5833333333333335	-0.20500000000000002
3.6	-0.20489999999999997
3.6166666666666667	-0.20479999999999998
3.6333333333333333	-0.20489999999999997
3.65	-0.20450000000000002
3.6666666666666665	-0.20439999999999997
3.683333333333333	-0.2041
3.7	-0.20400000000000001
3.716666666666667	-0.20400000000000001
3.7333333333333334	-0.2036
3.75	-0.2036
3.7666666666666666	-0.20329999999999998
3.783333333333333	-0.2031
3.8	-0.2027
3.816666666666667	-0.2026
3.8333333333333335	-0.20239999999999997
3.85	-0.20229999999999998
3.8666666666666667	-0.20229999999999998
3.8833333333333333	-0.202
3.9	-0.20179999999999998
3.9166666666666665	-0.2017
3.933333333333333	-0.2016
3.95	-0.2015
3.966666666666667	-0.201
3.9833333333333334	-0.20089999999999997
4.0	-0.2007
4.016666666666667	-0.2006
4.033333333333333	-0.2005
4.05	-0.20029999999999998
4.066666666666666	-0.2
4.083333333333333	-0.19989999999999997
4.1	-0.1997
4.116666666666666	-0.1995
4.133333333333334	-0.19929999999999998
4.15	-0.19929999999999998
4.166666666666667	-0.1991
4.183333333333334	-0.1987
4.2	-0.19879999999999998
4.216666666666667	-0.1986
4.233333333333333	-0.1985
4.25	-0.1981
4.266666666666667	-0.198
4.283333333333333	-0.1977
4.3	-0.19740000000000002
4.316666666666666	-0.1975
4.333333333333333	-0.19729999999999998
4.35	-0.1972
4.366666666666666	-0.19690000000000002
4.383333333333334	-0.19669999999999999
4.4	-0.19640000000000002
4.416666666666667	-0.19640000000000002
4.433333333333334	-0.19629999999999997
4.45	-0.1961
4.466666666666667	-0.19579999999999997
4.483333333333333	-0.1956
4.5	-0.1955
4.516666666666667	-0.1951
4.533333333333333	-0.19519999999999998
4.55	-0.19479999999999997
4.566666666666666	-0.1946
4.583333333333333	-0.1945
4.6	-0.19440000000000002
4.616666666666666	-0.194
4.633333333333334	-0.19379999999999997
4.65	-0.194
4.666666666666667	-0.1936
4.683333333333334	-0.19340000000000002
4.7	-0.19329999999999997
4.716666666666667	-0.193
4.733333333333333	-0.19279999999999997
4.75	-0.19279999999999997
4.766666666666667	-0.1925
4.783333333333333	-0.19240000000000002
4.8	-0.19190000000000002
4.816666666666666	-0.1921
4.833333333333333	-0.19179999999999997
4.85	-0.1916
4.866666666666666	-0.19119999999999998
4.883333333333334	-0.19119999999999998
4.9	-0.191
4.916666666666667	-0.1906
4.933333333333334	-0.1905
4.95	-0.1905
4.966666666666667	-0.19029999999999997
4.983333333333333	-0.19
5.0	-0.19
5.016666666666667	-0.1895
5.033333333333333	-0.1896
5.05	-0.18929999999999997
5.066666666666666	-0.1891
5.083333333333333	-0.18869999999999998
5.1	-0.18879999999999997
5.116666666666666	-0.1884
5.133333333333334	-0.1884
5.15	-0.18819999999999998
5.166666666666667	-0.18769999999999998
5.183333333333334	-0.18769999999999998
5.2	-0.1876
5.216666666666667	-0.1874
5.233333333333333	-0.1871
5.25	-0.18679999999999997
5.266666666666667	-0.18669999999999998
5.283333333333333	-0.1865
5.3	-0.18630000000000002
5.316666666666666	-0.1861
5.333333333333333	-0.186
5.35	-0.18569999999999998
5.366666666666666	-0.1855
5.383333333333334	-0.1854
5.4	-0.185
5.416666666666667	-0.185
5.433333333333334	-0.18480000000000002
5.45	-0.1845
5.466666666666667	-0.18430000000000002
5.483333333333333	-0.184
5.5	-0.184
5.516666666666667	-0.18359999999999999
5.533333333333333	-0.1834
5.55	-0.18319999999999997
5.566666666666666	-0.183
5.583333333333333	-0.1829
5.6	-0.1825
5.616666666666666	-0.18259999999999998
5.633333333333334	-0.18209999999999998
5.65	-0.18209999999999998
5.666666666666667	-0.182
5.683333333333334	-0.1815
5.7	-0.18130000000000002
5.716666666666667	-0.18119999999999997
5.733333333333333	-0.1809
5.75	-0.181
5.766666666666667	-0.18080000000000002
5.783333333333333	-0.18030000000000002
5.8	-0.18030000000000002
5.816666666666666	-0.1799
5.833333333333333	-0.17969999999999997
5.85	-0.17930000000000001
5.866666666666666	-0.17919999999999997
5.883333333333334	-0.179
5.9	-0.1789
5.916666666666667	-0.1785
5.933333333333334	-0.17859999999999998
5.95	-0.17830000000000001
5.966666666666667	-0.178
5.983333333333333	-0.17759999999999998
6.0	-0.17769999999999997
6.016666666666667	-0.177
6.033333333333333	-0.1773
6.05	-0.1768
6.066666666666666	-0.17669999999999997
6.083333333333333	-0.17619999999999997
6.1	-0.17619999999999997
6.116666666666666	-0.1759
6.133333333333334	-0.17569999999999997
6.15	-0.1755
6.166666666666667	-0.1753
6.183333333333334	-0.175
6.2	-0.17469999999999997
6.216666666666667	-0.17459999999999998
6.233333333333333	-0.1744
6.25	-0.17420000000000002
6.266666666666667	-0.1738
6.283333333333333	-0.1734
6.3	-0.1733
6.316666666666666	-0.173
6.333333333333333	-0.1725
6.35	-0.17259999999999998
6.366666666666666	-0.1723
6.383333333333334	-0.17209999999999998
6.4	-0.1718
6.416666666666667	-0.17170000000000002
6.433333333333334	-0.17120000000000002
6.45	-0.17109999999999997
6.466666666666667	-0.1708
6.483333333333333	-0.1708
6.5	-0.17049999999999998
6.516666666666667	-0.16999999999999998
6.533333333333333	-0.16970000000000002
6.55	-0.16959999999999997
6.566666666666666	-0.16909999999999997
6.583333333333333	-0.16909999999999997
6.6	-0.1689
6.616666666666666	-0.16870000000000002
6.633333333333334	-0.1683
6.65	-0.1679
6.666666666666667	-0.16770000000000002
6.683333333333334	-0.1674
6.7	-0.16709999999999997
6.716666666666667	-0.16670000000000001
6.733333333333333	-0.16649999999999998
6.75	-0.1663
6.766666666666667	-0.16599999999999998
6.783333333333333	-0.16559999999999997
6.8	-0.16549999999999998
6.816666666666666	-0.1652
6.833333333333333	-0.1649
6.85	-0.16459999999999997
6.866666666666666	-0.1643
6.883333333333334	-0.1638
6.9	-0.1638
6.916666666666667	-0.1634
6.933333333333334	-0.16309999999999997
6.95	-0.1627
6.966666666666667	-0.16249999999999998
6.983333333333333	-0.16209999999999997
7.0	-0.16209999999999997
7.016666666666667	-0.16160000000000002
7.033333333333333	-0.16110000000000002
7.05	-0.16110000000000002
7.066666666666666	-0.16060000000000002
7.083333333333333	-0.1603
7.1	-0.15999999999999998
7.116666666666666	-0.1594
7.133333333333334	-0.15899999999999997
7.15	-0.15899999999999997
7.166666666666667	-0.15860000000000002
7.183333333333334	-0.15839999999999999
7.2	-0.15789999999999998
7.216666666666667	-0.15760000000000002
7.233333333333333	-0.15710000000000002
7.25	-0.15699999999999997
7.266666666666667	-0.15649999999999997
7.283333333333333	-0.15610000000000002
7.3	-0.15560000000000002
7.316666666666666	-0.1557
7.333333333333333	-0.15510000000000002
7.35	-0.1547
7.366666666666666	-0.15439999999999998
7.383333333333334	-0.15410000000000001
7.4	-0.15339999999999998
7.416666666666667	-0.1531
7.433333333333334	-0.15299999999999997
7.45	-0.15249999999999997
7.466666666666667	-0.1521
7.483333333333333	-0.15149999999999997
7.5	-0.1513
7.516666666666667	-0.15089999999999998
7.533333333333333	-0.15049999999999997
7.55	-0.14999999999999997
7.566666666666666	-0.1497
7.583333333333333	-0.1493
7.6	-0.14900000000000002
7.616666666666666	-0.1481
7.633333333333334	-0.14789999999999998
7.65	-0.14750000000000002
7.666666666666667	-0.14700000000000002
7.683333333333334	-0.1466
7.7	-0.1461
7.716666666666667	-0.14529999999999998
7.733333333333333	-0.14489999999999997
7.75	-0.1447
7.766666666666667	-0.1442
7.783333333333333	-0.14339999999999997
7.8	-0.1432
7.816666666666666	-0.1426
7.833333333333333	-0.1422
7.85	-0.1416
7.866666666666666	-0.14100000000000001
7.883333333333334	-0.14039999999999997
7.9	-0.14029999999999998
7.916666666666667	-0.13939999999999997
7.933333333333334	-0.13889999999999997
7.95	-0.13839999999999997
7.966666666666667	-0.13779999999999998
7.983333333333333	-0.1372
8.0	-0.1367
8.016666666666667	-0.1361
8.033333333333333	-0.13529999999999998
8.05	-0.13490000000000002
8.066666666666666	-0.13390000000000002
8.083333333333334	-0.13329999999999997
8.1	-0.133
8.116666666666667	-0.13219999999999998
8.133333333333333	-0.13129999999999997
8.15	-0.13079999999999997
8.166666666666666	-0.12979999999999997
8.183333333333334	-0.12929999999999997
8.2	-0.12869999999999998
8.216666666666667	-0.12819999999999998
8.233333333333333	-0.12729999999999997
8.25	-0.1264
8.266666666666667	-0.12569999999999998
8.283333333333333	-0.12490000000000001
8.3	-0.12419999999999998
8.316666666666666	-0.12330000000000002
8.333333333333334	-0.12240000000000001
8.35	-0.1215
8.366666666666667	-0.12059999999999998
8.383333333333333	-0.11969999999999997
8.4	-0.119
8.416666666666666	-0.11819999999999997
8.433333333333334	-0.11709999999999998
8.45	-0.11609999999999998
8.466666666666667	-0.11519999999999997
8.483333333333333	-0.1139
8.5	-0.11309999999999998
8.516666666666667	-0.11180000000000001
8.533333333333333	-0.11080000000000001
8.55	-0.10970000000000002
8.566666666666666	-0.10859999999999997
8.583333333333334	-0.1074
8.6	-0.1064
8.616666666666667	-0.1048
8.633333333333333	-0.10399999999999998
8.65	-0.1023
8.666666666666666	-0.10109999999999997
8.683333333333334	-0.10009999999999997
8.7	-0.09860000000000002
8.716666666666667	-0.09720000000000001
8.733333333333333	-0.09599999999999997
8.75	-0.0947
8.766666666666667	-0.09339999999999998
8.783333333333333	-0.09179999999999999
8.8	-0.0907
8.816666666666666	-0.08910000000000001
8.833333333333334	-0.08749999999999997
8.85	-0.0862
8.866666666666667	-0.08450000000000002
8.883333333333333	-0.08300000000000002
8.9	-0.08150000000000002
8.916666666666666	-0.07989999999999997
8.933333333333334	-0.07829999999999998
8.95	-0.07700000000000001
8.966666666666667	-0.07519999999999999
8.983333333333333	-0.0736
9.0	-0.07229999999999998
9.016666666666667	-0.0706
9.033333333333333	-0.06879999999999997
9.05	-0.0676
9.066666666666666	-0.06569999999999998
9.083333333333334	-0.0645
9.1	-0.063
9.116666666666667	-0.06169999999999998
9.133333333333333	-0.06030000000000002
9.15	-0.05880000000000002
9.166666666666666	-0.05740000000000001
9.183333333333334	-0.055800000000000016
9.2	-0.05469999999999997
9.216666666666667	-0.053300000000000014
9.233333333333333	-0.0519
9.25	-0.05059999999999998
9.266666666666667	-0.04930000000000001
9.283333333333333	-0.04849999999999999
9.3	-0.047099999999999975
9.316666666666666	-0.045999999999999985
9.333333333333334	-0.044800000000000006
9.35	-0.04359999999999997
9.366666666666667	-0.04259999999999997
9.383333333333333	-0.0413
9.4	-0.040200000000000014
9.416666666666666	-0.03899999999999998
9.433333333333334	-0.03789999999999999
9.45	-0.03699999999999998
9.466666666666667	-0.035999999999999976
9.483333333333333	-0.03520000000000001
9.5	-0.03410000000000002
9.516666666666667	-0.03310000000000002
9.533333333333333	-0.032299999999999995
9.55	-0.031399999999999983
9.566666666666666	-0.03049999999999997
9.583333333333334	-0.02939999999999998
9.6	-0.02839999999999998
9.616666666666667	-0.02749999999999997
9.633333333333333	-0.02689999999999998
9.65	-0.02639999999999998
9.666666666666666	-0.02510000000000001
9.683333333333334	-0.02460000000000001
9.7	-0.023399999999999976
9.716666666666667	-0.022899999999999976
9.733333333333333	-0.02150000000000002
9.75	-0.02100000000000002
9.766666666666667	-0.020100000000000007
9.783333333333333	-0.019600000000000006
9.8	-0.018600000000000005
9.816666666666666	-0.01789999999999997
9.833333333333334	-0.017199999999999993
9.85	-0.01639999999999997
9.866666666666667	-0.015500000000000014
9.883333333333333	-0.01479999999999998
9.9	-0.01419999999999999
9.916666666666666	-0.013500000000000012
9.933333333333334	-0.012899999999999967
9.95	-0.0121
9.966666666666667	-0.011400000000000021
9.983333333333333	-0.01090000000000002
10.0	-0.010199999999999987
10.016666666666667	-0.00940000000000002
10.033333333333333	-0.008799999999999975
10.05	-0.008199999999999985
10.066666666666666	-0.007500000000000007
10.083333333333334	-0.006799999999999973
10.1	-0.006299999999999972
10.116666666666667	-0.005599999999999994
10.133333333333333	-0.005199999999999982
10.15	-0.004599999999999993
10.166666666666666	-0.00379999999999997
10.183333333333334	-0.0031999999999999806
10.2	-0.0029000000000000137
10.216666666666667	-0.0020000000000000018
10.233333333333333	-0.0016999999999999793
10.25	-0.0011999999999999789
10.266666666666667	-0.0006999999999999784
10.283333333333333	0.00030000000000002247
10.3	0.00030000000000002247
10.316666666666666	0.0009000000000000119
10.333333333333334	0.0016999999999999793
10.35	0.0024000000000000132
10.366666666666667	0.0028000000000000247
10.383333333333333	0.003500000000000003
10.4	0.003599999999999992
10.416666666666666	0.0040999999999999925
10.433333333333334	0.0048000000000000265
10.45	0.0049000000000000155
10.466666666666667	0.005900000000000016
10.483333333333333	0.006300000000000028
10.5	0.006599999999999995
10.516666666666667	0.007000000000000006
10.533333333333333	0.007800000000000001
10.55	0.008000000000000007
10.566666666666666	0.008700000000000013
10.583333333333334	0.009000000000000008
10.6	0.00940000000000002
10.616666666666667	0.010000000000000009
10.633333333333333	0.01050000000000001
10.65	0.010800000000000004
10.666666666666666	0.011200000000000015
10.683333333333334	0.0116
10.7	0.0121
10.716666666666667	0.012500000000000011
10.733333333333333	0.0131
10.75	0.013300000000000006
10.766666666666667	0.013700000000000018
10.783333333333333	0.014100000000000001
10.8	0.014600000000000002
10.816666666666666	0.015100000000000002
10.833333333333334	0.015500000000000014
10.85	0.015899999999999997
10.866666666666667	0.01630000000000001
10.883333333333333	0.016699999999999993
10.9	0.017000000000000015
10.916666666666666	0.01730000000000001
10.933333333333334	0.01780000000000001
10.95	0.018199999999999994
10.966666666666667	0.018600000000000005
10.983333333333333	0.019000000000000017
11.0	0.019199999999999995
11.016666666666667	0.019699999999999995
11.033333333333333	0.020100000000000007
11.05	0.020500000000000018
11.066666666666666	0.021100000000000008
11.083333333333334	0.021400000000000002
11.1	0.02150000000000002
11.116666666666667	0.02200000000000002
11.133333333333333	0.022300000000000014
11.15	0.022699999999999998
11.166666666666666	0.022999999999999993
11.183333333333334	0.023499999999999993
11.2	0.023900000000000005
11.216666666666667	0.024300000000000016
11.233333333333333	0.02460000000000001
11.25	0.0247
11.266666666666667	0.025300000000000017
11.283333333333333	0.0257
11.3	0.025800000000000017
11.316666666666666	0.026100000000000012
11.333333333333334	0.026499999999999996
11.35	0.0267
11.366666666666667	0.026999999999999996
11.383333333333333	0.027499999999999997
11.4	0.027900000000000008
11.416666666666666	0.028200000000000003
11.433333333333334	0.028700000000000003
11.45	0.028700000000000003
11.466666666666667	0.029299999999999993
11.483333333333333	0.0295
11.5	0.029799999999999993
11.516666666666667	0.030100000000000016
11.533333333333333	0.030600000000000016
11.55	0.030700000000000005
11.566666666666666	0.031100000000000017
11.583333333333334	0.0315
11.6	0.031700000000000006
11.616666666666667	0.032200000000000006
11.633333333333333	0.032299999999999995
11.65	0.0325
11.666666666666666	0.032799999999999996
11.683333333333334	0.033299999999999996
11.7	0.0335
11.716666666666667	0.03370000000000001
11.733333333333333	0.0343
11.75	0.034400000000000014
11.766666666666667	0.03470000000000001
11.783333333333333	0.03520000000000001
11.8	0.035400000000000015
11.816666666666666	0.03559999999999999
11.833333333333334	0.03570000000000001
11.85	0.035900000000000015
11.866666666666667	0.036500000000000005
11.883333333333333	0.036900000000000016
11.9	0.037000000000000005
11.916666666666666	0.03740000000000002
11.933333333333334	0.037500000000000006
11.95	0.03820000000000001
11.966666666666667	0.038099999999999995
11.983333333333333	0.03840000000000002
12.0	0.03870000000000001
12.016666666666667	0.0388
12.033333333333333	0.0393
12.05	0.03940000000000002
12.066666666666666	0.03950000000000001
12.083333333333334	0.0403
12.1	0.0401
12.116666666666667	0.04050000000000001
12.133333333333333	0.04100000000000001
12.15	0.0411
12.166666666666666	0.0413
12.183333333333334	0.0416
12.2	0.041700000000000015
12.216666666666667	0.0421
12.233333333333333	0.042300000000000004
12.25	0.04239999999999999
12.266666666666667	0.04300000000000001
12.283333333333333	0.043200000000000016
12.3	0.043200000000000016
12.316666666666666	0.04350000000000001
12.333333333333334	0.043800000000000006
12.35	0.04400000000000001
12.366666666666667	0.04450000000000001
12.383333333333333	0.04450000000000001
12.4	0.044899999999999995
12.416666666666666	0.044800000000000006
12.433333333333334	0.045399999999999996
12.45	0.045399999999999996
12.466666666666667	0.045899999999999996
12.483333333333333	0.04600000000000001
12.5	0.0461
12.516666666666667	0.046500000000000014
12.533333333333333	0.04670000000000002
12.55	0.04670000000000002
12.566666666666666	0.04720000000000002
12.583333333333334	0.04730000000000001
12.6	0.0474
12.616666666666667	0.04780000000000001
12.633333333333333	0.048100000000000004
12.65	0.0484
12.666666666666666	0.0484
12.683333333333334	0.04869999999999999
12.7	0.049100000000000005
12.716666666666667	0.0494
12.733333333333333	0.0494
12.75	0.049699999999999994
12.766666666666667	0.0499
12.783333333333333	0.050100000000000006
12.8	0.05000000000000002
12.816666666666666	0.05030000000000001
12.833333333333334	0.05080000000000001
12.85	0.0509
12.866666666666667	0.051100000000000007
12.883333333333333	0.05130000000000001
12.9	0.05130000000000001
12.916666666666666	0.051699999999999996
12.933333333333334	0.05200000000000002
12.95	0.0519
12.966666666666667	0.0524
12.983333333333333	0.05250000000000002
13.0	0.0529
13.016666666666667	0.0529
13.033333333333333	0.05310000000000001
13.05	0.05350000000000002
13.066666666666666	0.0537
13.083333333333334	0.0537
13.1	0.05410000000000001
13.116666666666667	0.05399999999999999
13.133333333333333	0.054400000000000004
13.15	0.0542
13.166666666666666	0.0547
13.183333333333334	0.054800000000000015
13.2	0.0552
13.216666666666667	0.05499999999999999
13.233333333333333	0.055499999999999994
13.25	0.05560000000000001
13.266666666666667	0.055900000000000005
13.283333333333333	0.055999999999999994
13.3	0.0562
13.316666666666666	0.0562
13.333333333333334	0.056400000000000006
13.35	0.056900000000000006
13.366666666666667	0.056999999999999995
13.383333333333333	0.05740000000000001
13.4	0.057499999999999996
13.416666666666666	0.0577
13.433333333333334	0.05760000000000001
13.45	0.05780000000000002
13.466666666666667	0.05790000000000001
13.483333333333333	0.05840000000000001
13.5	0.05830000000000002
13.516666666666667	0.058499999999999996
13.533333333333333	0.05860000000000001
13.55	0.05880000000000002
13.566666666666666	0.059100000000000014
13.583333333333334	0.05940000000000001
13.6	0.059
13.616666666666667	0.059600000000000014
13.633333333333333	0.0597
13.65	0.05990000000000001
13.666666666666666	0.060200000000000004
13.683333333333334	0.060200000000000004
13.7	0.06029999999999999
13.716666666666667	0.060700000000000004
13.733333333333333	0.0605
13.75	0.06079999999999999
13.766666666666667	0.061
13.783333333333333	0.061100000000000015
13.8	0.061100000000000015
13.816666666666666	0.06140000000000001
13.833333333333334	0.0615
13.85	0.061700000000000005
13.866666666666667	0.061799999999999994
13.883333333333333	0.06190000000000001
13.9	0.062200000000000005
13.916666666666666	0.062200000000000005
13.933333333333334	0.06240000000000001
13.95	0.0625
13.966666666666667	0.063
13.983333333333333	0.06310000000000002
14.0	0.06310000000000002
14.016666666666667	0.06340000000000001
14.033333333333333	0.06360000000000002
14.05	0.06360000000000002
14.066666666666666	0.0637
14.083333333333334	0.0638
14.1	0.0638
14.116666666666667	0.06410000000000002
14.133333333333333	0.06420000000000001
14.15	0.0643
14.166666666666666	0.06460000000000002
14.183333333333334	0.06490000000000001
14.2	0.06490000000000001
14.216666666666667	0.065
14.233333333333333	0.0655
14.25	0.0655
14.266666666666667	0.06560000000000002
14.283333333333333	0.0658
14.3	0.0658
14.316666666666666	0.06610000000000002
14.333333333333334	0.06610000000000002
14.35	0.066
14.366666666666667	0.0663
14.383333333333333	0.06670000000000001
14.4	0.0668
14.416666666666666	0.06690000000000002
14.433333333333334	0.06709999999999999
14.45	0.06709999999999999
14.466666666666667	0.06709999999999999
14.483333333333333	0.0673
14.5	0.06770000000000001
14.516666666666667	0.06770000000000001
14.533333333333333	0.068
14.55	0.06790000000000002
14.566666666666666	0.06820000000000001
14.583333333333334	0.06820000000000001
14.6	0.0685
14.616666666666667	0.0685
14.633333333333333	0.06870000000000001
14.65	0.0688
14.666666666666666	0.06890000000000002
14.683333333333334	0.06890000000000002
14.7	0.069
14.716666666666667	0.06940000000000002
14.733333333333333	0.0698
14.75	0.06940000000000002
14.766666666666667	0.0696
14.783333333333333	0.06970000000000001
14.8	0.0701
14.816666666666666	0.0701
14.833333333333334	0.0703
14.85	0.0706
14.866666666666667	0.0706
14.883333333333333	0.0706
14.9	0.07070000000000001
14.916666666666666	0.07090000000000002
14.933333333333334	0.0713
14.95	0.0711
14.966666666666667	0.07150000000000001
14.983333333333333	0.07140000000000002
15.0	0.07150000000000001
15.016666666666667	0.0718
15.033333333333333	0.07190000000000002
15.05	0.0718
15.066666666666666	0.0721
15.083333333333334	0.07250000000000001
15.1	0.07240000000000002
15.116666666666667	0.0726
15.133333333333333	0.0728
15.15	0.07289999999999999
15.166666666666666	0.07289999999999999
15.183333333333334	0.0733
15.2	0.07320000000000002
15.216666666666667	0.07339999999999999
15.233333333333333	0.0736
15.25	0.0738
15.266666666666667	0.07420000000000002
15.283333333333333	0.0741
15.3	0.0741
15.316666666666666	0.0743
15.333333333333334	0.07450000000000001
15.35	0.07450000000000001
15.366666666666667	0.0751
15.383333333333333	0.0749
15.4	0.07520000000000002
15.416666666666666	0.0754
15.433333333333334	0.07550000000000001
15.45	0.07550000000000001
15.466666666666667	0.0758
15.483333333333333	0.0759
15.5	0.07600000000000001
15.516666666666667	0.0761
15.533333333333333	0.0763
15.55	0.0763
15.566666666666666	0.0764
15.583333333333334	0.0766
15.6	0.07670000000000002
15.616666666666667	0.07700000000000001
15.633333333333333	0.07720000000000002
15.65	0.07700000000000001
15.666666666666666	0.0774
15.683333333333334	0.0776
15.7	0.0776
15.716666666666667	0.0779
15.733333333333333	0.0781
15.75	0.0781
15.766666666666667	0.07830000000000001
15.783333333333333	0.0786
15.8	0.07850000000000001
15.816666666666666	0.0789
15.833333333333334	0.0791
15.85	0.07900000000000001
15.866666666666667	0.07900000000000001
15.883333333333333	0.07919999999999999
15.9	0.0794
15.916666666666666	0.07950000000000002
15.933333333333334	0.07950000000000002
15.95	0.07980000000000001
15.966666666666667	0.0799
15.983333333333333	0.0801
16.0	0.0802
16.016666666666666	0.0802
16.033333333333335	0.08030000000000001
16.05	0.0802
16.066666666666666	0.08050000000000002
16.083333333333332	0.08030000000000001
16.1	0.0807
16.116666666666667	0.0806
16.133333333333333	0.08100000000000002
16.15	0.0809
16.166666666666668	0.0812
16.183333333333334	0.08150000000000002
16.2	0.08150000000000002
16.216666666666665	0.0816
16.233333333333334	0.0819
16.25	0.0822
16.266666666666666	0.0824
16.283333333333335	0.08250000000000002
16.3	0.08250000000000002
16.316666666666666	0.08300000000000002
16.333333333333332	0.0829
16.35	0.0829
16.366666666666667	0.08300000000000002
16.383333333333333	0.0834
16.4	0.08310000000000001
16.416666666666668	0.08350000000000002
16.433333333333334	0.08350000000000002
16.45	0.08350000000000002
16.466666666666665	0.0839
16.483333333333334	0.0842
16.5	0.0842
16.516666666666666	0.08430000000000001
16.533333333333335	0.08460000000000001
16.55	0.08450000000000002
16.566666666666666	0.08450000000000002
16.583333333333332	0.08480000000000001
16.6	0.08500000000000002
16.616666666666667	0.0854
16.633333333333333	0.08530000000000001
16.65	0.08560000000000001
16.666666666666668	0.08560000000000001
16.683333333333334	0.08580000000000002
16.7	0.0859
16.716666666666665	0.08580000000000002
16.733333333333334	0.0862
16.75	0.0865
16.766666666666666	0.0867
16.783333333333335	0.0867
16.8	0.0872
16.816666666666666	0.087
16.833333333333332	0.08710000000000001
16.85	0.0872
16.866666666666667	0.08760000000000001
16.883333333333333	0.08730000000000002
16.9	0.0877
16.916666666666668	0.088
16.933333333333334	0.0882
16.95	0.08830000000000002
16.966666666666665	0.0884
16.983333333333334	0.0885
17.0	0.0887
17.016666666666666	0.0889
17.033333333333335	0.08880000000000002
17.05	0.08910000000000001
17.066666666666666	0.08940000000000001
17.083333333333332	0.08940000000000001
17.1	0.08960000000000001
17.116666666666667	0.08990000000000001
17.133333333333333	0.09
17.15	0.09
17.166666666666668	0.09030000000000002
17.183333333333334	0.0902
17.2	0.09030000000000002
17.216666666666665	0.0905
17.233333333333334	0.09040000000000001
17.25	0.09080000000000002
17.266666666666666	0.09110000000000001
17.283333333333335	0.0912
17.3	0.09140000000000001
17.316666666666666	0.09160000000000001
17.333333333333332	0.09160000000000001
17.35	0.0917
17.366666666666667	0.09160000000000001
17.383333333333333	0.0922
17.4	0.09210000000000002
17.416666666666668	0.09240000000000001
17.433333333333334	0.0927
17.45	0.09260000000000002
17.466666666666665	0.0928
17.483333333333334	0.093
17.5	0.0933
17.516666666666666	0.0933
17.533333333333335	0.09360000000000002
17.55	0.09340000000000001
17.566666666666666	0.09390000000000001
17.583333333333332	0.0938
17.6	0.09390000000000001
17.616666666666667	0.0942
17.633333333333333	0.094
17.65	0.09410000000000002
17.666666666666668	0.09340000000000001
17.683333333333334	0.0942
17.7	0.09440000000000001
17.716666666666665	0.09460000000000002
17.733333333333334	0.0947
17.75	0.09490000000000001
17.766666666666666	0.09510000000000002
17.783333333333335	0.0952
17.8	0.0953
17.816666666666666	0.09540000000000001
17.833333333333332	0.0955
17.85	0.09570000000000001
17.866666666666667	0.09590000000000001
17.883333333333333	0.096
17.9	0.09620000000000001
17.916666666666668	0.09640000000000001
17.933333333333334	0.0968
17.95	0.0968
17.966666666666665	0.09710000000000002
17.983333333333334	0.097
18.0	0.0973
18.016666666666666	0.0973
18.033333333333335	0.09770000000000001
18.05	0.09770000000000001
18.066666666666666	0.09790000000000001
18.083333333333332	0.09809999999999999
18.1	0.09809999999999999
18.116666666666667	0.09840000000000002
18.133333333333333	0.0986
18.15	0.09870000000000001
18.166666666666668	0.09890000000000002
18.183333333333334	0.09890000000000002
18.2	0.0991
18.216666666666665	0.09920000000000001
18.233333333333334	0.09940000000000002
18.25	0.0993
18.266666666666666	0.10020000000000001
18.283333333333335	0.09990000000000002
18.3	0.1
18.316666666666666	0.1001
18.333333333333332	0.1006
18.35	0.10020000000000001
18.366666666666667	0.1
18.383333333333333	0.10040000000000002
18.4	0.1003
18.416666666666668	0.1008
18.433333333333334	0.1011
18.45	0.1011
18.466666666666665	0.1011
18.483333333333334	0.1013
18.5	0.1015
18.516666666666666	0.1018
18.533333333333335	0.10190000000000002
18.55	0.10190000000000002
18.566666666666666	0.10220000000000001
18.583333333333332	0.10250000000000001
18.6	0.1026
18.616666666666667	0.1028
18.633333333333333	0.10290000000000002
18.65	0.10320000000000001
18.666666666666668	0.10350000000000001
18.683333333333334	0.10350000000000001
18.7	0.10320000000000001
18.716666666666665	0.1036
18.733333333333334	0.1038
18.75	0.1038
18.766666666666666	0.10420000000000001
18.783333333333335	0.1043
18.8	0.1046
18.816666666666666	0.1046
18.833333333333332	0.10470000000000002
18.85	0.10470000000000002
18.866666666666667	0.1053
18.883333333333333	0.1049
18.9	0.1054
18.916666666666668	0.1056
18.933333333333334	0.1058
18.95	0.10550000000000001
18.966666666666665	0.1058
18.983333333333334	0.10570000000000002
19.0	0.10620000000000002
19.016666666666666	0.1064
19.033333333333335	0.10620000000000002
19.05	0.1066
19.066666666666666	0.10700000000000001
19.083333333333332	0.1071
19.1	0.10700000000000001
19.116666666666667	0.1071
19.133333333333333	0.10750000000000001
19.15	0.10770000000000002
19.166666666666668	0.1078
19.183333333333334	0.10800000000000001
19.2	0.10830000000000001
19.216666666666665	0.10850000000000001
19.233333333333334	0.1086
19.25	0.1089
19.266666666666666	0.10880000000000001
19.283333333333335	0.10900000000000001
19.3	0.10920000000000002
19.316666666666666	0.10920000000000002
19.333333333333332	0.10930000000000001
19.35	0.10970000000000002
19.366666666666667	0.10970000000000002
19.383333333333333	0.1099
19.4	0.11019999999999999
19.416666666666668	0.1104
19.433333333333334	0.11050000000000001
19.45	0.11080000000000001
19.466666666666665	0.1106
19.483333333333334	0.11069999999999999
19.5	0.1112
19.516666666666666	0.1109
19.533333333333335	0.1109
19.55	0.1111
19.566666666666666	0.1112
19.583333333333332	0.1114
19.6	0.1116
19.616666666666667	0.11180000000000001
19.633333333333333	0.11250000000000002
19.65	0.11250000000000002
19.666666666666668	0.11300000000000002
19.683333333333334	0.1127
19.7	0.1079
19.716666666666665	0.1091
19.733333333333334	0.1081
19.75	0.10750000000000001
19.766666666666666	0.1079
19.783333333333335	0.1084
19.8	0.11350000000000002
19.816666666666666	0.1132
19.833333333333332	0.1132
19.85	0.1134
19.866666666666667	0.1137
19.883333333333333	0.11410000000000001
19.9	0.1139
19.916666666666668	0.11430000000000001
19.933333333333334	0.11410000000000001
19.95	0.11460000000000001
19.966666666666665	0.1147
19.983333333333334	0.11480000000000001
20.0	0.11500000000000002
20.016666666666666	0.11510000000000001
20.033333333333335	0.11530000000000001
20.05	0.11560000000000001
20.066666666666666	0.1154
20.083333333333332	0.11600000000000002
20.1	0.11610000000000001
20.116666666666667	0.11630000000000001
20.133333333333333	0.11630000000000001
20.15	0.11630000000000001
20.166666666666668	0.1167
20.183333333333334	0.1164
20.2	0.1167
20.216666666666665	0.1167
20.233333333333334	0.1169
20.25	0.1172
20.266666666666666	0.1172
20.283333333333335	0.1174
20.3	0.11760000000000001
20.316666666666666	0.11780000000000002
20.333333333333332	0.11830000000000002
20.35	0.11810000000000001
20.366666666666667	0.1184
20.383333333333333	0.1187
20.4	0.1185
20.416666666666668	0.1189
20.433333333333334	0.1192
20.45	0.1195
20.466666666666665	0.11960000000000001
20.483333333333334	0.11960000000000001
20.5	0.12
20.516666666666666	0.11980000000000002
20.533333333333335	0.1202
20.55	0.12040000000000001
20.566666666666666	0.12010000000000001
20.583333333333332	0.12060000000000001
20.6	0.12040000000000001
20.616666666666667	0.12090000000000001
20.633333333333333	0.12090000000000001
20.65	0.12110000000000001
20.666666666666668	0.12130000000000002
20.683333333333334	0.1215
20.7	0.12160000000000001
20.716666666666665	0.12190000000000001
20.733333333333334	0.1222
20.75	0.12210000000000001
20.766666666666666	0.1225
20.783333333333335	0.1225
20.8	0.1227
20.816666666666666	0.12290000000000001
20.833333333333332	0.12279999999999999
20.85	0.12329999999999999
20.866666666666667	0.1232
20.883333333333333	0.1232
20.9	0.12329999999999999
20.916666666666668	0.1235
20.933333333333334	0.1237
20.95	0.124
20.966666666666665	0.1242
20.983333333333334	0.1242
21.0	0.1245
21.016666666666666	0.12460000000000002
21.033333333333335	0.12490000000000001
21.05	0.12490000000000001
21.066666666666666	0.1253
21.083333333333332	0.1255
21.1	0.1253
21.116666666666667	0.12560000000000002
21.133333333333333	0.1257
21.15	0.1255
21.166666666666668	0.1259
21.183333333333334	0.12610000000000002
21.2	0.1263
21.216666666666665	0.1264
21.233333333333334	0.1268
21.25	0.127
21.266666666666666	0.127
21.283333333333335	0.1275
21.3	0.1275
21.316666666666666	0.12810000000000002
21.333333333333332	0.1282
21.35	0.1282
21.366666666666667	0.1285
21.383333333333333	0.12860000000000002
21.4	0.1285
21.416666666666668	0.1287
21.433333333333334	0.12890000000000001
21.45	0.1295
21.466666666666665	0.1295
21.483333333333334	0.1295
21.5	0.1297
21.516666666666666	0.1295
21.533333333333335	0.13
21.55	0.1298
21.566666666666666	0.1303
21.583333333333332	0.1305
21.6	0.13040000000000002
21.616666666666667	0.1306
21.633333333333333	0.131
21.65	0.131
21.666666666666668	0.13140000000000002
21.683333333333334	0.1313
21.7	0.1316
21.716666666666665	0.13190000000000002
21.733333333333334	0.13190000000000002
21.75	0.13190000000000002
21.766666666666666	0.1323
21.783333333333335	0.13240000000000002
21.8	0.13290000000000002
21.816666666666666	0.13290000000000002
21.833333333333332	0.1331
21.85	0.1333
21.866666666666667	0.1332
21.883333333333333	0.1338
21.9	0.133
21.916666666666668	0.13390000000000002
21.933333333333334	0.1343
21.95	0.1341
21.966666666666665	0.1343
21.983333333333334	0.1345
22.0	0.1345
22.016666666666666	0.13490000000000002
22.033333333333335	0.13490000000000002
22.05	0.1352
22.066666666666666	0.13540000000000002
22.083333333333332	0.1355
22.1	0.1357
22.116666666666667	0.1358
22.133333333333333	0.1361
22.15	0.1362
22.166666666666668	0.1366
22.183333333333334	0.1366
22.2	0.1367
22.216666666666665	0.1372
22.233333333333334	0.1376
22.25	0.13740000000000002
22.266666666666666	0.13790000000000002
22.283333333333335	0.13790000000000002
22.3	0.1381
22.316666666666666	0.1381
22.333333333333332	0.13840000000000002
22.35	0.13840000000000002
22.366666666666667	0.1385
22.383333333333333	0.1388
22.4	0.139
22.416666666666668	0.1392
22.433333333333334	0.1397
22.45	0.1398
22.466666666666665	0.13990000000000002
22.483333333333334	0.1396
22.5	0.1398
22.516666666666666	0.1403
22.533333333333335	0.14040000000000002
22.55	0.14090000000000003
22.566666666666666	0.1407
22.583333333333332	0.14090000000000003
22.6	0.1411
22.616666666666667	0.1411
22.633333333333333	0.14150000000000001
22.65	0.1417
22.666666666666668	0.1417
22.683333333333334	0.1422
22.7	0.1422
22.716666666666665	0.1427
22.733333333333334	0.1432
22.75	0.14290000000000003
22.766666666666666	0.1431
22.783333333333335	0.1434
22.8	0.1439
22.816666666666666	0.14350000000000002
22.833333333333332	0.1438
22.85	0.1438
22.866666666666667	0.1439
22.883333333333333	0.1441
22.9	0.1442
22.916666666666668	0.1443
22.933333333333334	0.1447
22.95	0.14500000000000002
22.966666666666665	0.1452
22.983333333333334	0.1454
23.0	0.14550000000000002
23.016666666666666	0.1459
23.033333333333335	0.1462
23.05	0.1418
23.066666666666666	0.1401
23.083333333333332	0.1388
23.1	0.1212
23.116666666666667	0.1487
23.133333333333333	0.14650000000000002
23.15	0.1472
23.166666666666668	0.1478
23.183333333333334	0.1482
23.2	0.1483
23.216666666666665	0.14850000000000002
23.233333333333334	0.1486
23.25	0.1488
23.266666666666666	0.1489
23.283333333333335	0.1491
23.3	0.1494
23.316666666666666	0.1496
23.333333333333332	0.1499
23.35	0.1504
23.366666666666667	0.1507
23.383333333333333	0.1513
23.4	0.1517
23.416666666666668	0.1524
23.433333333333334	0.1531
23.45	0.15350000000000003
23.466666666666665	0.15450000000000003
23.483333333333334	0.15510000000000002
23.5	0.15610000000000002
23.516666666666666	0.15660000000000002
23.533333333333335	0.15716000000000002
23.55	0.15726
23.566666666666666	0.15755000000000002
23.583333333333332	0.15782000000000002
23.6	0.15826
23.616666666666667	0.15841
23.633333333333333	0.15860000000000002
23.65	0.15897
23.666666666666668	0.15945
23.683333333333334	0.15942
23.7	0.15949000000000002
23.716666666666665	0.15953
23.733333333333334	0.1595
23.75	0.15997
23.766666666666666	0.15991
23.783333333333335	0.16028
23.8	0.16075
23.816666666666666	0.16105000000000003
23.833333333333332	0.16128
23.85	0.16158
23.866666666666667	0.16176000000000001
23.883333333333333	0.16141
23.9	0.16182000000000002
23.916666666666668	0.16231
23.933333333333334	0.16241
23.95	0.16243000000000002
23.966666666666665	0.16291
23.983333333333334	0.16253
24.0	0.16277000000000003
24.016666666666666	0.16309
24.033333333333335	0.16326000000000002
24.05	0.16352
24.066666666666666	0.16379
24.083333333333332	0.16429
24.1	0.1645
24.116666666666667	0.1645
24.133333333333333	0.16509000000000001
24.15	0.16456
24.166666666666668	0.16499000000000003
24.183333333333334	0.16516
24.2	0.16497
24.216666666666665	0.16516
24.233333333333334	0.16588
24.25	0.16587000000000002
24.266666666666666	0.16612
24.283333333333335	0.16636
24.3	0.16637000000000002
24.316666666666666	0.16659000000000002
24.333333333333332	0.16685
24.35	0.16724
24.366666666666667	0.16727
24.383333333333333	0.16757
24.4	0.16763
24.416666666666668	0.16795
24.433333333333334	0.16804000000000002
24.45	0.16832000000000003
24.466666666666665	0.16843000000000002
24.483333333333334	0.16841
24.5	0.16873
24.516666666666666	0.16942000000000002
24.533333333333335	0.16929
24.55	0.1696
24.566666666666666	0.16988999999999999
24.583333333333332	0.17020000000000002
24.6	0.17019
24.616666666666667	0.1705
24.633333333333333	0.17062
24.65	0.1709
24.666666666666668	0.17126000000000002
24.683333333333334	0.17167
24.7	0.17135
24.716666666666665	0.17149
24.733333333333334	0.17166
24.75	0.17168
24.766666666666666	0.17229
24.783333333333335	0.1725
24.8	0.17299
24.816666666666666	0.17297
24.833333333333332	0.17314000000000002
24.85	0.17323
24.866666666666667	0.17368
24.883333333333333	0.17392000000000002
24.9	0.17433
24.916666666666668	0.17433
24.933333333333334	0.17477
24.95	0.17472
24.966666666666665	0.17506
24.983333333333334	0.17525000000000002
25.0	0.17558
25.016666666666666	0.17574
25.033333333333335	0.17607
25.05	0.17579
25.066666666666666	0.17607
25.083333333333332	0.17613
25.1	0.17636000000000002
25.116666666666667	0.17731000000000002
25.133333333333333	0.17724
25.15	0.17739
25.166666666666668	0.17769000000000001
25.183333333333334	0.17793
25.2	0.17781000000000002
25.216666666666665	0.17789
25.233333333333334	0.1784
25.25	0.17874
25.266666666666666	0.17818
25.283333333333335	0.17887
25.3	0.17925000000000002
25.316666666666666	0.17961
25.333333333333332	0.17962
25.35	0.17993
25.366666666666667	0.18025000000000002
25.383333333333333	0.18042000000000002
25.4	0.18077
25.416666666666668	0.18102000000000001
25.433333333333334	0.18134
25.45	0.18164000000000002
25.466666666666665	0.18169000000000002
25.483333333333334	0.18189
25.5	0.18221
25.516666666666666	0.18251
25.533333333333335	0.18302000000000002
25.55	0.18254
25.566666666666666	0.18307
25.583333333333332	0.18335
25.6	0.18321
25.616666666666667	0.18358000000000002
25.633333333333333	0.18381
25.65	0.18403000000000003
25.666666666666668	0.18409
25.683333333333334	0.18458000000000002
25.7	0.18471
25.716666666666665	0.18519000000000002
25.733333333333334	0.18537
25.75	0.18569000000000002
25.766666666666666	0.18583
25.783333333333335	0.18621
25.8	0.18634
25.816666666666666	0.18694
25.833333333333332	0.18679
25.85	0.18675
25.866666666666667	0.18718
25.883333333333333	0.18744
25.9	0.1876
25.916666666666668	0.18784
25.933333333333334	0.18854
25.95	0.18869000000000002
25.966666666666665	0.18878
25.983333333333334	0.18876
26.0	0.18945
26.016666666666666	0.18938
26.033333333333335	0.18361
26.05	0.18144
26.066666666666666	0.17828
26.083333333333332	0.17393
26.1	0.18714
26.116666666666667	0.18757000000000001
26.133333333333333	0.18849
26.15	0.18901
26.166666666666668	0.18929
26.183333333333334	0.18976
26.2	0.19026
26.216666666666665	0.19055
26.233333333333334	0.19081
26.25	0.18549
26.266666666666666	0.18839
26.283333333333335	0.17062
26.3	0.1894
26.316666666666666	0.18979000000000001
26.333333333333332	0.19073
26.35	0.19101
26.366666666666667	0.19112
26.383333333333333	0.19183
26.4	0.19221
26.416666666666668	0.19297
26.433333333333334	0.1936
26.45	0.19361
26.466666666666665	0.19419
26.483333333333334	0.19474
26.5	0.19492
26.516666666666666	0.19498000000000001
26.533333333333335	0.19526
26.55	0.19547
26.566666666666666	0.19638
26.583333333333332	0.19652
26.6	0.19656
26.616666666666667	0.19698000000000002
26.633333333333333	0.19739
26.65	0.19764
26.666666666666668	0.19819
26.683333333333334	0.19835
26.7	0.19823000000000002
26.716666666666665	0.19844
26.733333333333334	0.19891
26.75	0.19909
26.766666666666666	0.19943
26.783333333333335	0.19982
26.8	0.20028
26.816666666666666	0.20058
26.833333333333332	0.2007
26.85	0.20122
26.866666666666667	0.20143
26.883333333333333	0.2018
26.9	0.20199
26.916666666666668	0.20229
26.933333333333334	0.20223000000000002
26.95	0.2026
26.966666666666665	0.20304
26.983333333333334	0.20335
27.0	0.20375000000000001
27.016666666666666	0.2039
27.033333333333335	0.20407
27.05	0.20462
27.066666666666666	0.20399
27.083333333333332	0.20450000000000002
27.1	0.20489000000000002
27.116666666666667	0.20504
27.133333333333333	0.20541
27.15	0.20576
27.166666666666668	0.2064
27.183333333333334	0.20661000000000002
27.2	0.20712
27.216666666666665	0.20752
27.233333333333334	0.20733000000000001
27.25	0.20714
27.266666666666666	0.20784
27.283333333333335	0.20814
27.3	0.20878000000000002
27.316666666666666	0.20923
27.333333333333332	0.20965
27.35	0.21005000000000001
27.366666666666667	0.21036
27.383333333333333	0.21044000000000002
27.4	0.21080000000000002
27.416666666666668	0.21099
27.433333333333334	0.21130000000000002
27.45	0.21169
27.466666666666665	0.21204
27.483333333333334	0.21237
27.5	0.21259
27.516666666666666	0.21318
27.533333333333335	0.21367
27.55	0.21388000000000001
27.566666666666666	0.21416000000000002
27.583333333333332	0.21463000000000002
27.6	0.21466000000000002
27.616666666666667	0.21518
27.633333333333333	0.21531
27.65	0.21556
27.666666666666668	0.21633000000000002
27.683333333333334	0.21677000000000002
27.7	0.21693
27.716666666666665	0.21721000000000001
27.733333333333334	0.21747
27.75	0.21786
27.766666666666666	0.21801
27.783333333333335	0.21814
27.8	0.21847
27.816666666666666	0.21872
27.833333333333332	0.2192
27.85	0.2197
27.866666666666667	0.22042
27.883333333333333	0.22037
27.9	0.2207
27.916666666666668	0.2209
27.933333333333334	0.2218
27.95	0.22166
27.966666666666665	0.22208
27.983333333333334	0.22257
28.0	0.22322
28.016666666666666	0.22317
28.033333333333335	0.22359
28.05	0.22385
28.066666666666666	0.22402
28.083333333333332	0.22438
28.1	0.22486
28.116666666666667	0.22526000000000002
28.133333333333333	0.22595
28.15	0.22639
28.166666666666668	0.22663
28.183333333333334	0.2271
28.2	0.22743000000000002
28.216666666666665	0.22781
28.233333333333334	0.22778
28.25	0.22828
28.266666666666666	0.22856
28.283333333333335	0.22937000000000002
28.3	0.22956000000000001
28.316666666666666	0.22957
28.333333333333332	0.22975
28.35	0.23041
28.366666666666667	0.2309
28.366666666666667	0.23196
28.383333333333333	0.23121
28.4	0.23117000000000001
28.416666666666668	0.23043
28.433333333333334	0.23186
28.45	0.23244
28.466666666666665	0.23296
28.483333333333334	0.23245000000000002
28.5	0.23227
28.516666666666666	0.2308
28.533333333333335	0.23198000000000002
28.55	0.23411
28.566666666666666	0.23164
28.583333333333332	0.2331
28.6	0.23444
28.616666666666667	0.23272
28.633333333333333	0.23569
28.65	0.23161
28.666666666666668	0.22592
28.683333333333334	0.22908
28.7	0.23127
28.716666666666665	0.23085
28.733333333333334	0.2308
28.75	0.22968
28.766666666666666	0.23354
28.783333333333335	0.23651
