0.016666666666666666	-0.43010000000000004
0.03333333333333333	-0.4296
0.05	-0.4293
0.06666666666666667	-0.4294
0.08333333333333333	-0.42979999999999996
0.1	-0.42969999999999997
0.11666666666666667	-0.42979999999999996
0.13333333333333333	-0.42979999999999996
0.15	-0.4296
0.16666666666666666	-0.42910000000000004
0.18333333333333332	-0.42869999999999997
0.2	-0.42869999999999997
0.21666666666666667	-0.4285
0.23333333333333334	-0.42769999999999997
0.25	-0.42779999999999996
0.26666666666666666	-0.4274
0.2833333333333333	-0.4273
0.3	-0.4272
0.31666666666666665	-0.42689999999999995
0.3333333333333333	-0.42669999999999997
0.35	-0.4262
0.36666666666666664	-0.4263
0.38333333333333336	-0.42610000000000003
0.4	-0.4254
0.4166666666666667	-0.4256
0.43333333333333335	-0.42510000000000003
0.45	-0.42500000000000004
0.4666666666666667	-0.42500000000000004
0.48333333333333334	-0.42469999999999997
0.5	-0.4245
0.5166666666666667	-0.4244
0.5333333333333333	-0.42410000000000003
0.55	-0.4236
0.5666666666666667	-0.4235
0.5833333333333334	-0.4234
0.6	-0.42300000000000004
0.6166666666666667	-0.42279999999999995
0.6333333333333333	-0.42279999999999995
0.65	-0.4226
0.6666666666666666	-0.4225
0.6833333333333333	-0.4222
0.7	-0.42210000000000003
0.7166666666666667	-0.42169999999999996
0.7333333333333333	-0.42189999999999994
0.75	-0.4213
0.7666666666666667	-0.42110000000000003
0.7833333333333333	-0.42100000000000004
0.8	-0.42100000000000004
0.8166666666666667	-0.42079999999999995
0.8333333333333334	-0.4206
0.85	-0.4206
0.8666666666666667	-0.4202
0.8833333333333333	-0.4202
0.9	-0.4202
0.9166666666666666	-0.41969999999999996
0.9333333333333333	-0.41969999999999996
0.95	-0.4196
0.9666666666666667	-0.4193
0.9833333333333333	-0.41889999999999994
1.0	-0.41869999999999996
1.0166666666666666	-0.41910000000000003
1.0333333333333334	-0.41879999999999995
1.05	-0.4183
1.0666666666666667	-0.41800000000000004
1.0833333333333333	-0.4181
1.1	-0.41779999999999995
1.1166666666666667	-0.41790000000000005
1.1333333333333333	-0.4174
1.15	-0.41769999999999996
1.1666666666666667	-0.4175
1.1833333333333333	-0.4172
1.2	-0.41700000000000004
1.2166666666666666	-0.41700000000000004
1.2333333333333334	-0.41669999999999996
1.25	-0.41669999999999996
1.2666666666666666	-0.4164
1.2833333333333334	-0.4164
1.3	-0.4163
1.3166666666666667	-0.4161
1.3333333333333333	-0.41590000000000005
1.35	-0.41579999999999995
1.3666666666666667	-0.41590000000000005
1.3833333333333333	-0.41559999999999997
1.4	-0.4155
1.4166666666666667	-0.4152
1.4333333333333333	-0.41500000000000004
1.45	-0.41469999999999996
1.4666666666666666	-0.41490000000000005
1.4833333333333334	-0.41479999999999995
1.5	-0.4143
1.5166666666666666	-0.4145
1.5333333333333334	-0.4145
1.55	-0.4142
1.5666666666666667	-0.4141
1.5833333333333333	-0.4134
1.6	-0.41390000000000005
1.6166666666666667	-0.41359999999999997
1.6333333333333333	-0.41379999999999995
1.65	-0.4133
1.6666666666666667	-0.41300000000000003
1.6833333333333333	-0.4133
1.7	-0.4133
1.7166666666666666	-0.41290000000000004
1.7333333333333334	-0.41290000000000004
1.75	-0.4125
1.7666666666666666	-0.4124
1.7833333333333334	-0.41269999999999996
1.8	-0.41200000000000003
1.8166666666666667	-0.4125
1.8333333333333333	-0.4123
1.85	-0.41179999999999994
1.8666666666666667	-0.41179999999999994
1.8833333333333333	-0.41169999999999995
1.9	-0.41179999999999994
1.9166666666666667	-0.41079999999999994
1.9333333333333333	-0.4111
1.95	-0.41069999999999995
1.9666666666666666	-0.41079999999999994
1.9833333333333334	-0.4111
2.0	-0.4111
2.0166666666666666	-0.41069999999999995
2.033333333333333	-0.4105
2.05	-0.4104
2.066666666666667	-0.4103
2.0833333333333335	-0.4103
2.1	-0.4101
2.1166666666666667	-0.4101
2.1333333333333333	-0.41000000000000003
2.15	-0.4101
2.1666666666666665	-0.40990000000000004
2.183333333333333	-0.40979999999999994
2.2	-0.4095
2.216666666666667	-0.4095
2.2333333333333334	-0.4091
2.25	-0.4093
2.2666666666666666	-0.4091
2.283333333333333	-0.40879999999999994
2.3	-0.40900000000000003
2.316666666666667	-0.40859999999999996
2.3333333333333335	-0.40890000000000004
2.35	-0.4085
2.3666666666666667	-0.4083
2.3833333333333333	-0.4081
2.4	-0.4083
2.4166666666666665	-0.4083
2.433333333333333	-0.4081
2.45	-0.40779999999999994
2.466666666666667	-0.40769999999999995
2.4833333333333334	-0.40769999999999995
2.5	-0.40769999999999995
2.5166666666666666	-0.4073
2.533333333333333	-0.40769999999999995
2.55	-0.4071
2.566666666666667	-0.40690000000000004
2.5833333333333335	-0.4071
2.6	-0.40690000000000004
2.6166666666666667	-0.40700000000000003
2.6333333333333333	-0.40659999999999996
2.65	-0.40659999999999996
2.6666666666666665	-0.4064
2.683333333333333	-0.40690000000000004
2.7	-0.4061
2.716666666666667	-0.4063
2.7333333333333334	-0.406
2.75	-0.406
2.7666666666666666	-0.406
2.783333333333333	-0.4062
2.8	-0.4054
2.816666666666667	-0.406
2.8333333333333335	-0.406
2.85	-0.40549999999999997
2.8666666666666667	-0.4054
2.8833333333333333	-0.4054
2.9	-0.40549999999999997
2.9166666666666665	-0.405
2.933333333333333	-0.4052
2.95	-0.4051
2.966666666666667	-0.4051
2.9833333333333334	-0.40480000000000005
3.0	-0.40480000000000005
3.0166666666666666	-0.4044
3.033333333333333	-0.4044
3.05	-0.40449999999999997
3.066666666666667	-0.4042
3.0833333333333335	-0.4041
3.1	-0.4041
3.1166666666666667	-0.4041
3.1333333333333333	-0.40359999999999996
3.15	-0.40369999999999995
3.1666666666666665	-0.4034
3.183333333333333	-0.40349999999999997
3.2	-0.4034
3.216666666666667	-0.4034
3.2333333333333334	-0.4031
3.25	-0.4033
3.2666666666666666	-0.4032
3.283333333333333	-0.4031
3.3	-0.4032
3.316666666666667	-0.40290000000000004
3.3333333333333335	-0.40269999999999995
3.35	-0.4024
3.3666666666666667	-0.4024
3.3833333333333333	-0.4024
3.4	-0.4024
3.4166666666666665	-0.4024
3.433333333333333	-0.40180000000000005
3.45	-0.40180000000000005
3.466666666666667	-0.402
3.4833333333333334	-0.402
3.5	-0.40169999999999995
3.5166666666666666	-0.40149999999999997
3.533333333333333	-0.40169999999999995
3.55	-0.4013
3.566666666666667	-0.4013
3.5833333333333335	-0.4013
3.6	-0.4012
3.6166666666666667	-0.40090000000000003
3.6333333333333333	-0.4011
3.65	-0.40090000000000003
3.6666666666666665	-0.40049999999999997
3.683333333333333	-0.40049999999999997
3.7	-0.4004
3.716666666666667	-0.40090000000000003
3.7333333333333334	-0.4003
3.75	-0.4004
3.7666666666666666	-0.4001
3.783333333333333	-0.4001
3.8	-0.39980000000000004
3.816666666666667	-0.39959999999999996
3.8333333333333335	-0.39949999999999997
3.85	-0.39949999999999997
3.8666666666666667	-0.39969999999999994
3.8833333333333333	-0.3994
3.9	-0.3992
3.9166666666666665	-0.3992
3.933333333333333	-0.3991
3.95	-0.3991
3.966666666666667	-0.3992
3.9833333333333334	-0.399
4.0	-0.39890000000000003
4.016666666666667	-0.39890000000000003
4.033333333333333	-0.39869999999999994
4.05	-0.39859999999999995
4.066666666666666	-0.39869999999999994
4.083333333333333	-0.3984
4.1	-0.3984
4.116666666666666	-0.3982
4.133333333333334	-0.3982
4.15	-0.39780000000000004
4.166666666666667	-0.3981
4.183333333333334	-0.398
4.2	-0.39749999999999996
4.216666666666667	-0.39759999999999995
4.233333333333333	-0.3974
4.25	-0.39749999999999996
4.266666666666667	-0.3974
4.283333333333333	-0.397
4.3	-0.3974
4.316666666666666	-0.3972
4.333333333333333	-0.397
4.35	-0.39680000000000004
4.366666666666666	-0.3971
4.383333333333334	-0.39680000000000004
4.4	-0.397
4.416666666666667	-0.3963
4.433333333333334	-0.39680000000000004
4.45	-0.3962
4.466666666666667	-0.3962
4.483333333333333	-0.39590000000000003
4.5	-0.396
4.516666666666667	-0.39590000000000003
4.533333333333333	-0.39590000000000003
4.55	-0.39569999999999994
4.566666666666666	-0.39580000000000004
4.583333333333333	-0.3954
4.6	-0.3952
4.616666666666666	-0.3954
4.633333333333334	-0.39549999999999996
4.65	-0.3952
4.666666666666667	-0.3951
4.683333333333334	-0.3951
4.7	-0.39490000000000003
4.716666666666667	-0.395
4.733333333333333	-0.39480000000000004
4.75	-0.3944
4.766666666666667	-0.39449999999999996
4.783333333333333	-0.3943
4.8	-0.39449999999999996
4.816666666666666	-0.3942
4.833333333333333	-0.3941
4.85	-0.394
4.866666666666666	-0.3942
4.883333333333334	-0.394
4.9	-0.39380000000000004
4.916666666666667	-0.39359999999999995
4.933333333333334	-0.39380000000000004
4.95	-0.3932
4.966666666666667	-0.39339999999999997
4.983333333333333	-0.39339999999999997
5.0	-0.3929
5.016666666666667	-0.3929
5.033333333333333	-0.39280000000000004
5.05	-0.39249999999999996
5.066666666666666	-0.3929
5.083333333333333	-0.39270000000000005
5.1	-0.39259999999999995
5.116666666666666	-0.39259999999999995
5.133333333333334	-0.39249999999999996
5.15	-0.3923
5.166666666666667	-0.3922
5.183333333333334	-0.3923
5.2	-0.3919
5.216666666666667	-0.3919
5.233333333333333	-0.3919
5.25	-0.39170000000000005
5.266666666666667	-0.39159999999999995
5.283333333333333	-0.39149999999999996
5.3	-0.39149999999999996
5.316666666666666	-0.39159999999999995
5.333333333333333	-0.3913
5.35	-0.3913
5.366666666666666	-0.3912
5.383333333333334	-0.39080000000000004
5.4	-0.39059999999999995
5.416666666666667	-0.3909
5.433333333333334	-0.39070000000000005
5.45	-0.39039999999999997
5.466666666666667	-0.3903
5.483333333333333	-0.3901
5.5	-0.3902
5.516666666666667	-0.39039999999999997
5.533333333333333	-0.3903
5.55	-0.38980000000000004
5.566666666666666	-0.38980000000000004
5.583333333333333	-0.38970000000000005
5.6	-0.38970000000000005
5.616666666666666	-0.38959999999999995
5.633333333333334	-0.38939999999999997
5.65	-0.38939999999999997
5.666666666666667	-0.3893
5.683333333333334	-0.389
5.7	-0.3892
5.716666666666667	-0.389
5.733333333333333	-0.3889
5.75	-0.38870000000000005
5.766666666666667	-0.38880000000000003
5.783333333333333	-0.38849999999999996
5.8	-0.3882
5.816666666666666	-0.38839999999999997
5.833333333333333	-0.3883
5.85	-0.388
5.866666666666666	-0.38780000000000003
5.883333333333334	-0.388
5.9	-0.3879
5.916666666666667	-0.38759999999999994
5.933333333333334	-0.38770000000000004
5.95	-0.3873
5.966666666666667	-0.38739999999999997
5.983333333333333	-0.3871
6.0	-0.3872
6.016666666666667	-0.38670000000000004
6.033333333333333	-0.3869
6.05	-0.3871
6.066666666666666	-0.38680000000000003
6.083333333333333	-0.38680000000000003
6.1	-0.38670000000000004
6.116666666666666	-0.3861
6.133333333333334	-0.3863
6.15	-0.38649999999999995
6.166666666666667	-0.3861
6.183333333333334	-0.3861
6.2	-0.38559999999999994
6.216666666666667	-0.38580000000000003
6.233333333333333	-0.38570000000000004
6.25	-0.3853
6.266666666666667	-0.38570000000000004
6.283333333333333	-0.3852
6.3	-0.3852
6.316666666666666	-0.3851
6.333333333333333	-0.38480000000000003
6.35	-0.3851
6.366666666666666	-0.3849
6.383333333333334	-0.38470000000000004
6.4	-0.38459999999999994
6.416666666666667	-0.38449999999999995
6.433333333333334	-0.38439999999999996
6.45	-0.38449999999999995
6.466666666666667	-0.38380000000000003
6.483333333333333	-0.3839
6.5	-0.3839
6.516666666666667	-0.3839
6.533333333333333	-0.38339999999999996
6.55	-0.38349999999999995
6.566666666666666	-0.38359999999999994
6.583333333333333	-0.38359999999999994
6.6	-0.383
6.616666666666666	-0.3833
6.633333333333334	-0.3829
6.65	-0.38259999999999994
6.666666666666667	-0.38259999999999994
6.683333333333334	-0.38249999999999995
6.7	-0.38259999999999994
6.716666666666667	-0.38249999999999995
6.733333333333333	-0.38239999999999996
6.75	-0.3822
6.766666666666667	-0.3821
6.783333333333333	-0.3822
6.8	-0.38180000000000003
6.816666666666666	-0.38159999999999994
6.833333333333333	-0.38180000000000003
6.85	-0.3813
6.866666666666666	-0.3812
6.883333333333334	-0.3812
6.9	-0.3811
6.916666666666667	-0.3808
6.933333333333334	-0.3809
6.95	-0.38039999999999996
6.966666666666667	-0.38049999999999995
6.983333333333333	-0.38049999999999995
7.0	-0.38029999999999997
7.016666666666667	-0.38029999999999997
7.033333333333333	-0.38
7.05	-0.3799
7.066666666666666	-0.3798
7.083333333333333	-0.37970000000000004
7.1	-0.37949999999999995
7.116666666666666	-0.37949999999999995
7.133333333333334	-0.37939999999999996
7.15	-0.37929999999999997
7.166666666666667	-0.37929999999999997
7.183333333333334	-0.3789
7.2	-0.37870000000000004
7.216666666666667	-0.37849999999999995
7.233333333333333	-0.37860000000000005
7.25	-0.37849999999999995
7.266666666666667	-0.37829999999999997
7.283333333333333	-0.3781
7.3	-0.37829999999999997
7.316666666666666	-0.3778
7.333333333333333	-0.37760000000000005
7.35	-0.37760000000000005
7.366666666666666	-0.37739999999999996
7.383333333333334	-0.3772
7.4	-0.37739999999999996
7.416666666666667	-0.3771
7.433333333333334	-0.3769
7.45	-0.3768
7.466666666666667	-0.37660000000000005
7.483333333333333	-0.37670000000000003
7.5	-0.37649999999999995
7.516666666666667	-0.37629999999999997
7.533333333333333	-0.3759
7.55	-0.376
7.566666666666666	-0.3758
7.583333333333333	-0.37549999999999994
7.6	-0.3752
7.616666666666666	-0.3758
7.633333333333334	-0.37529999999999997
7.65	-0.3752
7.666666666666667	-0.37470000000000003
7.683333333333334	-0.37470000000000003
7.7	-0.37470000000000003
7.716666666666667	-0.37439999999999996
7.733333333333333	-0.3742
7.75	-0.3741
7.766666666666667	-0.3741
7.783333333333333	-0.3739
7.8	-0.37360000000000004
7.816666666666666	-0.37370000000000003
7.833333333333333	-0.37349999999999994
7.85	-0.37329999999999997
7.866666666666666	-0.3732
7.883333333333334	-0.3731
7.9	-0.37270000000000003
7.916666666666667	-0.3729
7.933333333333334	-0.37260000000000004
7.95	-0.37229999999999996
7.966666666666667	-0.3721
7.983333333333333	-0.372
8.0	-0.3718
8.016666666666667	-0.37149999999999994
8.033333333333333	-0.37149999999999994
8.05	-0.37160000000000004
8.066666666666666	-0.3712
8.083333333333334	-0.3712
8.1	-0.37070000000000003
8.116666666666667	-0.3709
8.133333333333333	-0.3702
8.15	-0.3701
8.166666666666666	-0.37029999999999996
8.183333333333334	-0.37
8.2	-0.3701
8.216666666666667	-0.36970000000000003
8.233333333333333	-0.36960000000000004
8.25	-0.36949999999999994
8.266666666666667	-0.3691
8.283333333333333	-0.3689
8.3	-0.369
8.316666666666666	-0.3687
8.333333333333334	-0.36839999999999995
8.35	-0.36839999999999995
8.366666666666667	-0.3681
8.383333333333333	-0.3677
8.4	-0.368
8.416666666666666	-0.36750000000000005
8.433333333333334	-0.36729999999999996
8.45	-0.36739999999999995
8.466666666666667	-0.36719999999999997
8.483333333333333	-0.367
8.5	-0.3669
8.516666666666667	-0.36650000000000005
8.533333333333333	-0.366
8.55	-0.366
8.566666666666666	-0.36629999999999996
8.583333333333334	-0.36560000000000004
8.6	-0.3658
8.616666666666667	-0.36519999999999997
8.633333333333333	-0.36519999999999997
8.65	-0.3651
8.666666666666666	-0.3649
8.683333333333334	-0.3647
8.7	-0.36439999999999995
8.716666666666667	-0.3641
8.733333333333333	-0.3637
8.75	-0.36360000000000003
8.766666666666667	-0.36339999999999995
8.783333333333333	-0.36339999999999995
8.8	-0.363
8.816666666666666	-0.3629
8.833333333333334	-0.3628
8.85	-0.36239999999999994
8.866666666666667	-0.36219999999999997
8.883333333333333	-0.36219999999999997
8.9	-0.362
8.916666666666666	-0.3618
8.933333333333334	-0.36150000000000004
8.95	-0.36129999999999995
8.966666666666667	-0.361
8.983333333333333	-0.3609
9.0	-0.36060000000000003
9.016666666666667	-0.36060000000000003
9.033333333333333	-0.3601
9.05	-0.3599
9.066666666666666	-0.35950000000000004
9.083333333333334	-0.35939999999999994
9.1	-0.35919999999999996
9.116666666666667	-0.3589
9.133333333333333	-0.3588
9.15	-0.3587
9.166666666666666	-0.35829999999999995
9.183333333333334	-0.35819999999999996
9.2	-0.3579
9.216666666666667	-0.3579
9.233333333333333	-0.35729999999999995
9.25	-0.3571
9.266666666666667	-0.357
9.283333333333333	-0.3567
9.3	-0.35650000000000004
9.316666666666666	-0.35619999999999996
9.333333333333334	-0.35609999999999997
9.35	-0.3557
9.366666666666667	-0.35550000000000004
9.383333333333333	-0.355
9.4	-0.355
9.416666666666666	-0.3547
9.433333333333334	-0.354
9.45	-0.3539
9.466666666666667	-0.3537
9.483333333333333	-0.35350000000000004
9.5	-0.35319999999999996
9.516666666666667	-0.35309999999999997
9.533333333333333	-0.3527
9.55	-0.35229999999999995
9.566666666666666	-0.35209999999999997
9.583333333333334	-0.3517
9.6	-0.35150000000000003
9.616666666666667	-0.35129999999999995
9.633333333333333	-0.3509
9.65	-0.3506
9.666666666666666	-0.35040000000000004
9.683333333333334	-0.35009999999999997
9.7	-0.3497
9.716666666666667	-0.3496
9.733333333333333	-0.34929999999999994
9.75	-0.34850000000000003
9.766666666666667	-0.3489
9.783333333333333	-0.3487
9.8	-0.34809999999999997
9.816666666666666	-0.3477
9.833333333333334	-0.34750000000000003
9.85	-0.3469
9.866666666666667	-0.347
9.883333333333333	-0.3466
9.9	-0.346
9.916666666666666	-0.3458
9.933333333333334	-0.3456
9.95	-0.34509999999999996
9.966666666666667	-0.3448
9.983333333333333	-0.34450000000000003
10.0	-0.34429999999999994
10.016666666666667	-0.344
10.033333333333333	-0.3437
10.05	-0.34319999999999995
10.066666666666666	-0.34309999999999996
10.083333333333334	-0.3425
10.1	-0.34219999999999995
10.116666666666667	-0.3418
10.133333333333333	-0.34130000000000005
10.15	-0.34130000000000005
10.166666666666666	-0.34099999999999997
10.183333333333334	-0.3405
10.2	-0.34009999999999996
10.216666666666667	-0.3397
10.233333333333333	-0.3396
10.25	-0.33899999999999997
10.266666666666667	-0.3387
10.283333333333333	-0.3385
10.3	-0.33809999999999996
10.316666666666666	-0.3378
10.333333333333334	-0.33719999999999994
10.35	-0.33709999999999996
10.366666666666667	-0.3367
10.383333333333333	-0.33609999999999995
10.4	-0.3357
10.416666666666666	-0.3358
10.433333333333334	-0.33519999999999994
10.45	-0.33499999999999996
10.466666666666667	-0.3346
10.483333333333333	-0.33399999999999996
10.5	-0.3337
10.516666666666667	-0.33330000000000004
10.533333333333333	-0.33309999999999995
10.55	-0.3329
10.566666666666666	-0.33240000000000003
10.583333333333334	-0.33199999999999996
10.6	-0.3316
10.616666666666667	-0.33130000000000004
10.633333333333333	-0.33109999999999995
10.65	-0.3305
10.666666666666666	-0.33030000000000004
10.683333333333334	-0.3296
10.7	-0.32930000000000004
10.716666666666667	-0.3288
10.733333333333333	-0.3286
10.75	-0.32820000000000005
10.766666666666667	-0.3278
10.783333333333333	-0.3275
10.8	-0.32720000000000005
10.816666666666666	-0.32689999999999997
10.833333333333334	-0.32630000000000003
10.85	-0.32599999999999996
10.866666666666667	-0.3254
10.883333333333333	-0.32530000000000003
10.9	-0.32499999999999996
10.916666666666666	-0.3247
10.933333333333334	-0.32389999999999997
10.95	-0.3236
10.966666666666667	-0.32320000000000004
10.983333333333333	-0.32320000000000004
11.0	-0.3228
11.016666666666667	-0.32230000000000003
11.033333333333333	-0.32209999999999994
11.05	-0.3217
11.066666666666666	-0.3215
11.083333333333334	-0.3208
11.1	-0.3208
11.116666666666667	-0.3204
11.133333333333333	-0.3195
11.15	-0.3196
11.166666666666666	-0.31909999999999994
11.183333333333334	-0.31889999999999996
11.2	-0.3186
11.216666666666667	-0.31799999999999995
11.233333333333333	-0.31789999999999996
11.25	-0.3177
11.266666666666667	-0.31710000000000005
11.283333333333333	-0.3167
11.3	-0.3164
11.316666666666666	-0.31610000000000005
11.333333333333334	-0.31579999999999997
11.35	-0.3153
11.366666666666667	-0.3147
11.383333333333333	-0.3146
11.4	-0.3143
11.416666666666666	-0.3137
11.433333333333334	-0.31389999999999996
11.45	-0.3137
11.466666666666667	-0.31289999999999996
11.483333333333333	-0.3127
11.5	-0.3124
11.516666666666667	-0.3123
11.533333333333333	-0.3113
11.55	-0.31120000000000003
11.566666666666666	-0.31099999999999994
11.583333333333334	-0.31079999999999997
11.6	-0.3105
11.616666666666667	-0.31010000000000004
11.633333333333333	-0.3097
11.65	-0.3094
11.666666666666666	-0.30910000000000004
11.683333333333334	-0.30899999999999994
11.7	-0.3084
11.716666666666667	-0.30820000000000003
11.733333333333333	-0.30779999999999996
11.75	-0.3076
11.766666666666667	-0.3074
11.783333333333333	-0.30699999999999994
11.8	-0.3066
11.816666666666666	-0.3066
11.833333333333334	-0.30610000000000004
11.85	-0.30589999999999995
11.866666666666667	-0.30569999999999997
11.883333333333333	-0.30510000000000004
11.9	-0.30469999999999997
11.916666666666666	-0.3046
11.933333333333334	-0.3043
11.95	-0.30400000000000005
11.966666666666667	-0.30379999999999996
11.983333333333333	-0.3033
12.0	-0.3033
12.016666666666667	-0.30289999999999995
12.033333333333333	-0.3024
12.05	-0.3023
12.066666666666666	-0.30200000000000005
12.083333333333334	-0.30189999999999995
12.1	-0.3013
12.116666666666667	-0.3012
12.133333333333333	-0.30089999999999995
12.15	-0.30069999999999997
12.166666666666666	-0.3002
12.183333333333334	-0.30000000000000004
12.2	-0.29979999999999996
12.216666666666667	-0.2994
12.233333333333333	-0.2994
12.25	-0.29889999999999994
12.266666666666667	-0.29879999999999995
12.283333333333333	-0.2983
12.3	-0.29789999999999994
12.316666666666666	-0.29779999999999995
12.333333333333334	-0.2974
12.35	-0.2973
12.366666666666667	-0.29689999999999994
12.383333333333333	-0.2964
12.4	-0.2965
12.416666666666666	-0.29610000000000003
12.433333333333334	-0.29600000000000004
12.45	-0.29569999999999996
12.466666666666667	-0.2954
12.483333333333333	-0.29510000000000003
12.5	-0.29489999999999994
12.516666666666667	-0.2945
12.533333333333333	-0.2942
12.55	-0.29400000000000004
12.566666666666666	-0.29389999999999994
12.583333333333334	-0.29359999999999997
12.6	-0.2933
12.616666666666667	-0.29300000000000004
12.633333333333333	-0.29269999999999996
12.65	-0.29259999999999997
12.666666666666666	-0.2924
12.683333333333334	-0.29200000000000004
12.7	-0.29190000000000005
12.716666666666667	-0.29159999999999997
12.733333333333333	-0.2911
12.75	-0.2911
12.766666666666667	-0.29079999999999995
12.783333333333333	-0.2905
12.8	-0.2904
12.816666666666666	-0.2902
12.833333333333334	-0.29000000000000004
12.85	-0.28969999999999996
12.866666666666667	-0.2893
12.883333333333333	-0.2892
12.9	-0.28869999999999996
12.916666666666666	-0.28869999999999996
12.933333333333334	-0.2884
12.95	-0.2883
12.966666666666667	-0.28779999999999994
12.983333333333333	-0.28759999999999997
13.0	-0.2872
13.016666666666667	-0.2874
13.033333333333333	-0.28690000000000004
13.05	-0.28679999999999994
13.066666666666666	-0.2864
13.083333333333334	-0.2864
13.1	-0.28579999999999994
13.116666666666667	-0.28600000000000003
13.133333333333333	-0.2853
13.15	-0.2855
13.166666666666666	-0.28500000000000003
13.183333333333334	-0.28479999999999994
13.2	-0.2845
13.216666666666667	-0.2843
13.233333333333333	-0.2841
13.25	-0.28390000000000004
13.266666666666667	-0.28359999999999996
13.283333333333333	-0.2835
13.3	-0.2831
13.316666666666666	-0.28290000000000004
13.333333333333334	-0.28290000000000004
13.35	-0.2823
13.366666666666667	-0.2824
13.383333333333333	-0.2822
13.4	-0.28200000000000003
13.416666666666666	-0.2815
13.433333333333334	-0.2812
13.45	-0.2812
13.466666666666667	-0.28079999999999994
13.483333333333333	-0.28069999999999995
13.5	-0.28069999999999995
13.516666666666667	-0.2801
13.533333333333333	-0.28
13.55	-0.28
13.566666666666666	-0.27980000000000005
13.583333333333334	-0.2793
13.6	-0.2794
13.616666666666667	-0.27890000000000004
13.633333333333333	-0.27859999999999996
13.65	-0.2783
13.666666666666666	-0.2784
13.683333333333334	-0.2781
13.7	-0.27759999999999996
13.716666666666667	-0.27759999999999996
13.733333333333333	-0.27769999999999995
13.75	-0.2771
13.766666666666667	-0.27669999999999995
13.783333333333333	-0.27659999999999996
13.8	-0.2764
13.816666666666666	-0.2762
13.833333333333334	-0.276
13.85	-0.2753
13.866666666666667	-0.27580000000000005
13.883333333333333	-0.27549999999999997
13.9	-0.2754
13.916666666666666	-0.27490000000000003
13.933333333333334	-0.27469999999999994
13.95	-0.27449999999999997
13.966666666666667	-0.2744
13.983333333333333	-0.2742
14.0	-0.27390000000000003
14.016666666666667	-0.27349999999999997
14.033333333333333	-0.27369999999999994
14.05	-0.2733
14.066666666666666	-0.2731
14.083333333333334	-0.27280000000000004
14.1	-0.2722
14.116666666666667	-0.27259999999999995
14.133333333333333	-0.2722
14.15	-0.2721
14.166666666666666	-0.27180000000000004
14.183333333333334	-0.27159999999999995
14.2	-0.2713
14.216666666666667	-0.2712
14.233333333333333	-0.2711
14.25	-0.27059999999999995
14.266666666666667	-0.27049999999999996
14.283333333333333	-0.27049999999999996
14.3	-0.27
14.316666666666666	-0.27
14.333333333333334	-0.26980000000000004
14.35	-0.2694
14.366666666666667	-0.2691
14.383333333333333	-0.269
14.4	-0.26869999999999994
14.416666666666666	-0.26880000000000004
14.433333333333334	-0.2682
14.45	-0.2682
14.466666666666667	-0.268
14.483333333333333	-0.26780000000000004
14.5	-0.26770000000000005
14.516666666666667	-0.26749999999999996
14.533333333333333	-0.2672
14.55	-0.267
14.566666666666666	-0.26659999999999995
14.583333333333334	-0.26659999999999995
14.6	-0.26670000000000005
14.616666666666667	-0.26649999999999996
14.633333333333333	-0.266
14.65	-0.26580000000000004
14.666666666666666	-0.26539999999999997
14.683333333333334	-0.2652
14.7	-0.2653
14.716666666666667	-0.265
14.733333333333333	-0.26480000000000004
14.75	-0.26459999999999995
14.766666666666667	-0.2643
14.783333333333333	-0.264
14.8	-0.2642
14.816666666666666	-0.26380000000000003
14.833333333333334	-0.26380000000000003
14.85	-0.26339999999999997
14.866666666666667	-0.2633
14.883333333333333	-0.263
14.9	-0.263
14.916666666666666	-0.26239999999999997
14.933333333333334	-0.2623
14.95	-0.2619
14.966666666666667	-0.2621
14.983333333333333	-0.2619
15.0	-0.26159999999999994
15.016666666666667	-0.2613
15.033333333333333	-0.2612
15.05	-0.26070000000000004
15.066666666666666	-0.2609
15.083333333333334	-0.26059999999999994
15.1	-0.26039999999999996
15.116666666666667	-0.2602
15.133333333333333	-0.2599
15.15	-0.25970000000000004
15.166666666666666	-0.25949999999999995
15.183333333333334	-0.25939999999999996
15.2	-0.2592
15.216666666666667	-0.2589
15.233333333333333	-0.259
15.25	-0.25870000000000004
15.266666666666667	-0.25849999999999995
15.283333333333333	-0.2582
15.3	-0.258
15.316666666666666	-0.25770000000000004
15.333333333333334	-0.25759999999999994
15.35	-0.25749999999999995
15.366666666666667	-0.2571
15.383333333333333	-0.2571
15.4	-0.25680000000000003
15.416666666666666	-0.25659999999999994
15.433333333333334	-0.25649999999999995
15.45	-0.2563
15.466666666666667	-0.2562
15.483333333333333	-0.256
15.5	-0.25559999999999994
15.516666666666667	-0.25529999999999997
15.533333333333333	-0.2551
15.55	-0.2551
15.566666666666666	-0.25449999999999995
15.583333333333334	-0.25439999999999996
15.6	-0.25429999999999997
15.616666666666667	-0.25429999999999997
15.633333333333333	-0.254
15.65	-0.2539
15.666666666666666	-0.25349999999999995
15.683333333333334	-0.253
15.7	-0.2532
15.716666666666667	-0.253
15.733333333333333	-0.2529
15.75	-0.25260000000000005
15.766666666666667	-0.25249999999999995
15.783333333333333	-0.252
15.8	-0.2518
15.816666666666666	-0.2519
15.833333333333334	-0.25160000000000005
15.85	-0.25160000000000005
15.866666666666667	-0.25139999999999996
15.883333333333333	-0.2511
15.9	-0.25070000000000003
15.916666666666666	-0.25070000000000003
15.933333333333334	-0.2502
15.95	-0.2502
15.966666666666667	-0.25
15.983333333333333	-0.24970000000000003
16.0	-0.24949999999999994
16.016666666666666	-0.24919999999999998
16.033333333333335	-0.24919999999999998
16.05	-0.2489
16.066666666666666	-0.24880000000000002
16.083333333333332	-0.24839999999999995
16.1	-0.24839999999999995
16.116666666666667	-0.2481
16.133333333333333	-0.248
16.15	-0.24749999999999994
16.166666666666668	-0.24749999999999994
16.183333333333334	-0.24729999999999996
16.2	-0.247
16.216666666666665	-0.247
16.233333333333334	-0.24670000000000003
16.25	-0.24649999999999994
16.266666666666666	-0.24629999999999996
16.283333333333335	-0.24629999999999996
16.3	-0.24609999999999999
16.316666666666666	-0.24570000000000003
16.333333333333332	-0.24549999999999994
16.35	-0.24519999999999997
16.366666666666667	-0.24519999999999997
16.383333333333333	-0.24480000000000002
16.4	-0.24449999999999994
16.416666666666668	-0.24449999999999994
16.433333333333334	-0.24419999999999997
16.45	-0.24419999999999997
16.466666666666665	-0.2439
16.483333333333334	-0.24380000000000002
16.5	-0.24360000000000004
16.516666666666666	-0.24339999999999995
16.533333333333335	-0.243
16.55	-0.24319999999999997
16.566666666666666	-0.243
16.583333333333332	-0.24259999999999998
16.6	-0.24219999999999997
16.616666666666667	-0.24219999999999997
16.633333333333333	-0.24180000000000001
16.65	-0.2414
16.666666666666668	-0.24130000000000001
16.683333333333334	-0.24119999999999997
16.7	-0.241
16.716666666666665	-0.24069999999999997
16.733333333333334	-0.2409
16.75	-0.24080000000000001
16.766666666666666	-0.24059999999999998
16.783333333333335	-0.2403
16.8	-0.2399
16.816666666666666	-0.2394
16.833333333333332	-0.2394
16.85	-0.2394
16.866666666666667	-0.2389
16.883333333333333	-0.23859999999999998
16.9	-0.2383
16.916666666666668	-0.23859999999999998
16.933333333333334	-0.2383
16.95	-0.23819999999999997
16.966666666666665	-0.2378
16.983333333333334	-0.2378
17.0	-0.2374
17.016666666666666	-0.23709999999999998
17.033333333333335	-0.2369
17.05	-0.2368
17.066666666666666	-0.236
17.083333333333332	-0.23620000000000002
17.1	-0.2364
17.116666666666667	-0.2358
17.133333333333333	-0.2355
17.15	-0.2353
17.166666666666668	-0.235
17.183333333333334	-0.235
17.2	-0.23470000000000002
17.216666666666665	-0.23459999999999998
17.233333333333334	-0.23409999999999997
17.25	-0.2339
17.266666666666666	-0.23420000000000002
17.283333333333335	-0.23359999999999997
17.3	-0.23359999999999997
17.316666666666666	-0.23320000000000002
17.333333333333332	-0.23299999999999998
17.35	-0.2329
17.366666666666667	-0.23270000000000002
17.383333333333333	-0.2323
17.4	-0.23199999999999998
17.416666666666668	-0.23199999999999998
17.433333333333334	-0.2318
17.45	-0.23149999999999998
17.466666666666665	-0.2314
17.483333333333334	-0.2314
17.5	-0.23109999999999997
17.516666666666666	-0.2304
17.533333333333335	-0.2304
17.55	-0.2303
17.566666666666666	-0.23020000000000002
17.583333333333332	-0.22970000000000002
17.6	-0.2294
17.616666666666667	-0.2293
17.633333333333333	-0.22909999999999997
17.65	-0.2288
17.666666666666668	-0.22870000000000001
17.683333333333334	-0.2289
17.7	-0.2284
17.716666666666665	-0.22799999999999998
17.733333333333334	-0.22759999999999997
17.75	-0.2277
17.766666666666666	-0.2274
17.783333333333335	-0.22709999999999997
17.8	-0.22699999999999998
17.816666666666666	-0.2268
17.833333333333332	-0.2263
17.85	-0.2264
17.866666666666667	-0.2259
17.883333333333333	-0.2258
17.9	-0.22559999999999997
17.916666666666668	-0.2254
17.933333333333334	-0.2248
17.95	-0.2247
17.966666666666665	-0.2247
17.983333333333334	-0.2244
18.0	-0.22410000000000002
18.016666666666666	-0.22399999999999998
18.033333333333335	-0.2233
18.05	-0.22349999999999998
18.066666666666666	-0.22299999999999998
18.083333333333332	-0.2228
18.1	-0.22260000000000002
18.116666666666667	-0.22249999999999998
18.133333333333333	-0.2224
18.15	-0.2219
18.166666666666668	-0.22210000000000002
18.183333333333334	-0.2217
18.2	-0.22139999999999999
18.216666666666665	-0.2212
18.233333333333334	-0.22089999999999999
18.25	-0.22049999999999997
18.266666666666666	-0.22039999999999998
18.283333333333335	-0.22010000000000002
18.3	-0.21989999999999998
18.316666666666666	-0.21960000000000002
18.333333333333332	-0.21939999999999998
18.35	-0.2192
18.366666666666667	-0.21899999999999997
18.383333333333333	-0.21810000000000002
18.4	-0.2183
18.416666666666668	-0.21810000000000002
18.433333333333334	-0.2178
18.45	-0.21739999999999998
18.466666666666665	-0.2173
18.483333333333334	-0.21689999999999998
18.5	-0.2168
18.516666666666666	-0.21649999999999997
18.533333333333335	-0.2163
18.55	-0.21610000000000001
18.566666666666666	-0.21589999999999998
18.583333333333332	-0.21549999999999997
18.6	-0.2151
18.616666666666667	-0.2147
18.633333333333333	-0.2147
18.65	-0.21439999999999998
18.666666666666668	-0.21399999999999997
18.683333333333334	-0.2137
18.7	-0.2137
18.716666666666665	-0.21299999999999997
18.733333333333334	-0.2131
18.75	-0.2128
18.766666666666666	-0.2126
18.783333333333335	-0.2123
18.8	-0.2118
18.816666666666666	-0.2116
18.833333333333332	-0.21139999999999998
18.85	-0.2112
18.866666666666667	-0.2107
18.883333333333333	-0.2106
18.9	-0.21039999999999998
18.916666666666668	-0.20989999999999998
18.933333333333334	-0.2092
18.95	-0.20929999999999999
18.966666666666665	-0.2091
18.983333333333334	-0.20879999999999999
19.0	-0.2082
19.016666666666666	-0.2082
19.033333333333335	-0.20779999999999998
19.05	-0.20729999999999998
19.066666666666666	-0.2071
19.083333333333332	-0.20689999999999997
19.1	-0.20650000000000002
19.116666666666667	-0.20629999999999998
19.133333333333333	-0.20600000000000002
19.15	-0.20539999999999997
19.166666666666668	-0.20529999999999998
19.183333333333334	-0.20489999999999997
19.2	-0.20439999999999997
19.216666666666665	-0.20429999999999998
19.233333333333334	-0.20389999999999997
19.25	-0.2031
19.266666666666666	-0.20329999999999998
19.283333333333335	-0.20279999999999998
19.3	-0.2027
19.316666666666666	-0.20239999999999997
19.333333333333332	-0.20179999999999998
19.35	-0.20129999999999998
19.366666666666667	-0.20089999999999997
19.383333333333333	-0.20079999999999998
19.4	-0.2001
19.416666666666668	-0.2
19.433333333333334	-0.19929999999999998
19.45	-0.1991
19.466666666666665	-0.19890000000000002
19.483333333333334	-0.19840000000000002
19.5	-0.19779999999999998
19.516666666666666	-0.1977
19.533333333333335	-0.1975
19.55	-0.19640000000000002
19.566666666666666	-0.1966
19.583333333333332	-0.19619999999999999
19.6	-0.19579999999999997
19.616666666666667	-0.19529999999999997
19.633333333333333	-0.19469999999999998
19.65	-0.194
19.666666666666668	-0.1941
19.683333333333334	-0.19340000000000002
19.7	-0.1931
19.716666666666665	-0.1926
19.733333333333334	-0.1921
19.75	-0.19140000000000001
19.766666666666666	-0.19129999999999997
19.783333333333335	-0.1906
19.8	-0.19029999999999997
19.816666666666666	-0.18969999999999998
19.833333333333332	-0.1894
19.85	-0.18869999999999998
19.866666666666667	-0.18829999999999997
19.883333333333333	-0.1876
19.9	-0.18719999999999998
19.916666666666668	-0.18630000000000002
19.933333333333334	-0.18630000000000002
19.95	-0.1855
19.966666666666665	-0.185
19.983333333333334	-0.18409999999999999
20.0	-0.184
20.016666666666666	-0.18330000000000002
20.033333333333335	-0.18259999999999998
20.05	-0.182
20.066666666666666	-0.1815
20.083333333333332	-0.18080000000000002
20.1	-0.18019999999999997
20.116666666666667	-0.17930000000000001
20.133333333333333	-0.1789
20.15	-0.178
20.166666666666668	-0.1773
20.183333333333334	-0.1763
20.2	-0.176
20.216666666666665	-0.1753
20.233333333333334	-0.17459999999999998
20.25	-0.17359999999999998
20.266666666666666	-0.1729
20.283333333333335	-0.172
20.3	-0.17120000000000002
20.316666666666666	-0.17009999999999997
20.333333333333332	-0.1693
20.35	-0.1683
20.366666666666667	-0.1678
20.383333333333333	-0.1668
20.4	-0.16599999999999998
20.416666666666668	-0.1654
20.433333333333334	-0.1638
20.45	-0.1628
20.466666666666665	-0.16149999999999998
20.483333333333334	-0.16060000000000002
20.5	-0.15949999999999998
20.516666666666666	-0.15860000000000002
20.533333333333335	-0.1572
20.55	-0.15599999999999997
20.566666666666666	-0.1548
20.583333333333332	-0.1538
20.6	-0.1523
20.616666666666667	-0.15099999999999997
20.633333333333333	-0.1498
20.65	-0.1481
20.666666666666668	-0.14650000000000002
20.683333333333334	-0.14500000000000002
20.7	-0.1436
20.716666666666665	-0.1417
20.733333333333334	-0.14
20.75	-0.1381
20.766666666666666	-0.1365
20.783333333333335	-0.1345
20.8	-0.1325
20.816666666666666	-0.13069999999999998
20.833333333333332	-0.1286
20.85	-0.12669999999999998
20.866666666666667	-0.124
20.883333333333333	-0.12130000000000002
20.9	-0.119
20.916666666666668	-0.11630000000000001
20.933333333333334	-0.11380000000000001
20.95	-0.11109999999999998
20.966666666666665	-0.10880000000000001
20.983333333333334	-0.10620000000000002
21.0	-0.10349999999999998
21.016666666666666	-0.10049999999999998
21.033333333333335	-0.09720000000000001
21.05	-0.0942
21.066666666666666	-0.0917
21.083333333333332	-0.0882
21.1	-0.08539999999999998
21.116666666666667	-0.0827
21.133333333333333	-0.0797
21.15	-0.07719999999999999
21.166666666666668	-0.07419999999999999
21.183333333333334	-0.07079999999999997
21.2	-0.068
21.216666666666665	-0.06479999999999997
21.233333333333334	-0.062299999999999967
21.25	-0.059699999999999975
21.266666666666666	-0.05680000000000002
21.283333333333335	-0.0539
21.3	-0.0509
21.316666666666666	-0.0484
21.333333333333332	-0.045399999999999996
21.35	-0.042700000000000016
21.366666666666667	-0.0403
21.383333333333333	-0.03770000000000001
21.4	-0.03570000000000001
21.416666666666668	-0.03360000000000002
21.433333333333334	-0.031200000000000006
21.45	-0.02889999999999998
21.466666666666665	-0.027100000000000013
21.483333333333334	-0.024899999999999978
21.5	-0.022699999999999998
21.516666666666666	-0.020699999999999996
21.533333333333335	-0.019100000000000006
21.55	-0.017299999999999982
21.566666666666666	-0.01539999999999997
21.583333333333332	-0.01369999999999999
21.6	-0.01200000000000001
21.616666666666667	-0.01050000000000001
21.633333333333333	-0.008699999999999986
21.65	-0.007400000000000018
21.666666666666668	-0.005699999999999983
21.683333333333334	-0.0042999999999999705
21.7	-0.0030999999999999917
21.716666666666665	-0.0012999999999999678
21.733333333333334	0.0
21.75	0.0014000000000000123
21.766666666666666	0.0028000000000000247
21.783333333333335	0.0038000000000000256
21.8	0.005099999999999993
21.816666666666666	0.006300000000000028
21.833333333333332	0.007500000000000007
21.85	0.008700000000000013
21.866666666666667	0.009700000000000014
21.883333333333333	0.010800000000000004
21.9	0.01200000000000001
21.916666666666668	0.012800000000000006
21.933333333333334	0.014200000000000018
21.95	0.015399999999999997
21.966666666666665	0.015899999999999997
21.983333333333334	0.017000000000000015
22.0	0.0179
22.016666666666666	0.019000000000000017
22.033333333333335	0.019699999999999995
22.05	0.021199999999999997
22.066666666666666	0.021699999999999997
22.083333333333332	0.022800000000000015
22.1	0.02360000000000001
22.116666666666667	0.024400000000000005
22.133333333333333	0.0252
22.15	0.026300000000000018
22.166666666666668	0.026900000000000007
22.183333333333334	0.02780000000000002
22.2	0.02840000000000001
22.216666666666665	0.029200000000000004
22.233333333333334	0.030200000000000005
22.25	0.030700000000000005
22.266666666666666	0.031799999999999995
22.283333333333335	0.032299999999999995
22.3	0.03320000000000001
22.316666666666666	0.0335
22.333333333333332	0.034
22.35	0.03520000000000001
22.366666666666667	0.0358
22.383333333333333	0.0363
22.4	0.0368
22.416666666666668	0.0373
22.433333333333334	0.038000000000000006
22.45	0.038599999999999995
22.466666666666665	0.0393
22.483333333333334	0.039599999999999996
22.5	0.04000000000000001
22.516666666666666	0.04050000000000001
22.533333333333335	0.04100000000000001
22.55	0.04150000000000001
22.566666666666666	0.042200000000000015
22.583333333333332	0.042700000000000016
22.6	0.0431
22.616666666666667	0.0436
22.633333333333333	0.044300000000000006
22.65	0.044899999999999995
22.666666666666668	0.045399999999999996
22.683333333333334	0.0456
22.7	0.0464
22.716666666666665	0.0469
22.733333333333334	0.047500000000000014
22.75	0.04769999999999999
22.766666666666666	0.048500000000000015
22.783333333333335	0.049100000000000005
22.8	0.050100000000000006
22.816666666666666	0.05050000000000002
22.833333333333332	0.05050000000000002
22.85	0.05130000000000001
22.866666666666667	0.05150000000000002
22.883333333333333	0.0519
22.9	0.05230000000000001
22.916666666666668	0.052800000000000014
22.933333333333334	0.0532
22.95	0.05360000000000001
22.966666666666665	0.054300000000000015
22.983333333333334	0.05460000000000001
23.0	0.054900000000000004
23.016666666666666	0.055400000000000005
23.033333333333335	0.0562
23.05	0.056400000000000006
23.066666666666666	0.056499999999999995
23.083333333333332	0.05730000000000002
23.1	0.057499999999999996
23.116666666666667	0.05790000000000001
23.133333333333333	0.05830000000000002
23.15	0.059100000000000014
23.166666666666668	0.061200000000000004
23.183333333333334	0.06140000000000001
23.2	0.0627
23.216666666666665	0.06460000000000002
23.233333333333334	0.056999999999999995
23.25	0.056999999999999995
23.266666666666666	0.06040000000000001
23.283333333333335	0.061
23.3	0.0532
23.316666666666666	0.060600000000000015
23.333333333333332	0.062200000000000005
23.35	0.0625
23.366666666666667	0.063
23.383333333333333	0.0633
23.4	0.0635
23.416666666666668	0.06390000000000001
23.433333333333334	0.06460000000000002
23.45	0.06490000000000001
23.466666666666665	0.06520000000000001
23.483333333333334	0.06570000000000001
23.5	0.06590000000000001
23.516666666666666	0.06659999999999999
23.533333333333335	0.06709999999999999
23.55	0.06720000000000001
23.566666666666666	0.06770000000000001
23.583333333333332	0.0678
23.6	0.0683
23.616666666666667	0.0685
23.633333333333333	0.0691
23.65	0.0695
23.666666666666668	0.06970000000000001
23.683333333333334	0.07050000000000001
23.7	0.0708
23.716666666666665	0.0708
23.733333333333334	0.07120000000000001
23.75	0.0716
23.766666666666666	0.0723
23.783333333333335	0.0723
23.8	0.07270000000000001
23.816666666666666	0.07289999999999999
23.833333333333332	0.07339999999999999
23.85	0.07339999999999999
23.866666666666667	0.07400000000000001
23.883333333333333	0.07400000000000001
23.9	0.07470000000000002
23.916666666666668	0.0748
23.933333333333334	0.0751
23.95	0.0758
23.966666666666665	0.0761
23.983333333333334	0.07650000000000001
24.0	0.0766
24.016666666666666	0.07700000000000001
24.033333333333335	0.0774
24.05	0.07750000000000001
24.066666666666666	0.07780000000000001
24.083333333333332	0.0784
24.1	0.0786
24.116666666666667	0.07919999999999999
24.133333333333333	0.0794
24.15	0.07980000000000001
24.166666666666668	0.0801
24.183333333333334	0.0807
24.2	0.0806
24.216666666666665	0.0811
24.233333333333334	0.08150000000000002
24.25	0.08150000000000002
24.266666666666666	0.0821
24.283333333333335	0.08250000000000002
24.3	0.08280000000000001
24.316666666666666	0.08310000000000001
24.333333333333332	0.0834
24.35	0.08360000000000001
24.366666666666667	0.0839
24.383333333333333	0.0844
24.4	0.0847
24.416666666666668	0.08510000000000001
24.433333333333334	0.0852
24.45	0.08549999999999999
24.466666666666665	0.0859
24.483333333333334	0.08610000000000001
24.5	0.0865
24.516666666666666	0.08660000000000001
24.533333333333335	0.08710000000000001
24.55	0.0875
24.566666666666666	0.08760000000000001
24.583333333333332	0.088
24.6	0.0884
24.616666666666667	0.08860000000000001
24.633333333333333	0.0887
24.65	0.08930000000000002
24.666666666666668	0.08940000000000001
24.683333333333334	0.08960000000000001
24.7	0.09
24.716666666666665	0.09030000000000002
24.733333333333334	0.0907
24.75	0.09110000000000001
24.766666666666666	0.09130000000000002
24.783333333333335	0.09140000000000001
24.8	0.092
24.816666666666666	0.09210000000000002
24.833333333333332	0.0925
24.85	0.09290000000000001
24.866666666666667	0.0932
24.883333333333333	0.09340000000000001
24.9	0.0938
24.916666666666668	0.094
24.933333333333334	0.0943
24.95	0.09490000000000001
24.966666666666665	0.09490000000000001
24.983333333333334	0.09540000000000001
25.0	0.0955
25.016666666666666	0.09590000000000001
25.033333333333335	0.09620000000000001
25.05	0.09660000000000002
25.066666666666666	0.097
25.083333333333332	0.0973
25.1	0.097
25.116666666666667	0.09620000000000001
25.133333333333333	0.0965
25.15	0.09690000000000001
25.166666666666668	0.09710000000000002
25.183333333333334	0.09740000000000001
25.2	0.0988
25.216666666666665	0.0996
25.233333333333334	0.09990000000000002
25.25	0.10020000000000001
25.266666666666666	0.09990000000000002
25.283333333333335	0.09990000000000002
25.3	0.10040000000000002
25.316666666666666	0.1006
25.333333333333332	0.10140000000000002
25.35	0.10190000000000002
25.366666666666667	0.10200000000000001
25.383333333333333	0.1028
25.4	0.10290000000000002
25.416666666666668	0.10320000000000001
25.433333333333334	0.10340000000000002
25.45	0.10500000000000001
25.466666666666665	0.1059
25.483333333333334	0.10700000000000001
25.5	0.10820000000000002
25.516666666666666	0.10920000000000002
25.533333333333335	0.10970000000000002
25.55	0.11030000000000001
25.566666666666666	0.1109
25.583333333333332	0.1114
25.6	0.1117
25.616666666666667	0.11200000000000002
25.633333333333333	0.11230000000000001
25.65	0.11250000000000002
25.666666666666668	0.1129
25.683333333333334	0.1131
25.7	0.1137
25.716666666666665	0.11280000000000001
25.733333333333334	0.1131
25.75	0.11350000000000002
25.766666666666666	0.1132
25.783333333333335	0.11380000000000001
25.8	0.1142
25.816666666666666	0.1139
25.833333333333332	0.11430000000000001
25.85	0.1147
25.866666666666667	0.11500000000000002
25.883333333333333	0.11530000000000001
25.9	0.1157
25.916666666666668	0.11600000000000002
25.933333333333334	0.11610000000000001
25.95	0.11660000000000001
25.966666666666665	0.11680000000000001
25.983333333333334	0.1172
26.0	0.11760000000000001
26.016666666666666	0.11730000000000002
26.033333333333335	0.11780000000000002
26.05	0.118
26.066666666666666	0.11830000000000002
26.083333333333332	0.11880000000000002
26.1	0.11930000000000002
26.116666666666667	0.1194
26.133333333333333	0.1194
26.15	0.12010000000000001
26.166666666666668	0.12
26.183333333333334	0.1207
26.2	0.12060000000000001
26.216666666666665	0.1205
26.233333333333334	0.12130000000000002
26.25	0.12110000000000001
26.266666666666666	0.1217
26.283333333333335	0.12190000000000001
26.3	0.1222
26.316666666666666	0.1227
26.333333333333332	0.12160000000000001
26.35	0.12360000000000002
26.366666666666667	0.12460000000000002
26.383333333333333	0.12510000000000002
26.4	0.125
26.416666666666668	0.1254
26.433333333333334	0.1258
26.45	0.1264
26.466666666666665	0.1267
26.483333333333334	0.12710000000000002
26.5	0.12710000000000002
26.516666666666666	0.1274
26.533333333333335	0.1279
26.55	0.12810000000000002
26.566666666666666	0.12860000000000002
26.583333333333332	0.12890000000000001
26.6	0.12860000000000002
26.616666666666667	0.12940000000000002
26.633333333333333	0.12940000000000002
26.65	0.1297
26.666666666666668	0.13
26.683333333333334	0.1303
26.7	0.1306
26.716666666666665	0.1308
26.733333333333334	0.1313
26.75	0.1318
26.766666666666666	0.13190000000000002
26.783333333333335	0.1322
26.8	0.1325
26.816666666666666	0.1332
26.833333333333332	0.1333
26.85	0.13340000000000002
26.866666666666667	0.13390000000000002
26.883333333333333	0.134
26.9	0.1346
26.916666666666668	0.1346
26.933333333333334	0.1348
26.95	0.13540000000000002
26.966666666666665	0.1356
26.983333333333334	0.1361
27.0	0.1363
27.016666666666666	0.13640000000000002
27.033333333333335	0.1366
27.05	0.1371
27.066666666666666	0.1373
27.083333333333332	0.13740000000000002
27.1	0.1378
27.116666666666667	0.13790000000000002
27.133333333333333	0.1385
27.15	0.1387
27.166666666666668	0.1393
27.183333333333334	0.1396
27.2	0.1396
27.216666666666665	0.1398
27.233333333333334	0.1403
27.25	0.1405
27.266666666666666	0.1407
27.283333333333335	0.1412
27.3	0.1416
27.316666666666666	0.14150000000000001
27.333333333333332	0.14200000000000002
27.35	0.1422
27.366666666666667	0.1426
27.383333333333333	0.1428
27.4	0.14200000000000002
27.416666666666668	0.1427
27.433333333333334	0.1437
27.45	0.1441
27.466666666666665	0.1442
27.483333333333334	0.1448
27.5	0.1452
27.516666666666666	0.1452
27.533333333333335	0.1457
27.55	0.14600000000000002
27.566666666666666	0.1462
27.583333333333332	0.1466
27.6	0.1469
27.616666666666667	0.14750000000000002
27.633333333333333	0.1476
27.65	0.14800000000000002
27.666666666666668	0.1481
27.683333333333334	0.14850000000000002
27.7	0.1488
27.716666666666665	0.1494
27.733333333333334	0.1497
27.75	0.14950000000000002
27.766666666666666	0.15000000000000002
27.783333333333335	0.15050000000000002
27.8	0.1509
27.816666666666666	0.15100000000000002
27.833333333333332	0.1513
27.85	0.1517
27.866666666666667	0.1518
27.883333333333333	0.1521
27.9	0.1523
27.916666666666668	0.15300000000000002
27.933333333333334	0.1533
27.95	0.1533
27.966666666666665	0.15360000000000001
27.983333333333334	0.15410000000000001
28.0	0.1544
28.016666666666666	0.1547
28.033333333333335	0.15510000000000002
28.05	0.1555
28.066666666666666	0.1557
28.083333333333332	0.156
28.1	0.1562
28.116666666666667	0.1565
28.133333333333333	0.1572
28.15	0.15736
28.166666666666668	0.15771000000000002
28.183333333333334	0.15801
28.2	0.15885
28.216666666666665	0.15849000000000002
28.233333333333334	0.15924
28.25	0.1594
28.266666666666666	0.15941
28.283333333333335	0.16016000000000002
28.3	0.16044
28.316666666666666	0.1607
28.333333333333332	0.1613
28.35	0.1613
28.366666666666667	0.16173
28.383333333333333	0.16192
28.4	0.16245
28.416666666666668	0.16257
28.433333333333334	0.16302
28.45	0.16328
28.466666666666665	0.16359
28.483333333333334	0.16354000000000002
28.5	0.16433999999999999
28.516666666666666	0.16489
28.533333333333335	0.16494999999999999
28.55	0.16546
28.566666666666666	0.1659
28.583333333333332	0.16612
28.6	0.1664
28.616666666666667	0.16710000000000003
28.633333333333333	0.16732000000000002
28.65	0.16779
28.666666666666668	0.16817
28.683333333333334	0.16842000000000001
28.7	0.16876000000000002
28.716666666666665	0.16932000000000003
28.733333333333334	0.16965000000000002
28.75	0.17006
28.766666666666666	0.17036
28.783333333333335	0.17071
28.8	0.17083
28.816666666666666	0.16996
28.833333333333332	0.17073
28.85	0.17192000000000002
28.866666666666667	0.17254000000000003
28.883333333333333	0.17285
28.9	0.1729
28.916666666666668	0.17362
28.933333333333334	0.17432
28.95	0.17478
28.966666666666665	0.17473
28.983333333333334	0.17521
29.0	0.17585
29.016666666666666	0.17605
29.033333333333335	0.17661
29.05	0.17694
29.066666666666666	0.17759000000000003
29.083333333333332	0.17769000000000001
29.1	0.17836000000000002
29.116666666666667	0.17905
29.133333333333333	0.17945
29.15	0.17976
29.166666666666668	0.18033
29.183333333333334	0.18076
29.2	0.18167
29.216666666666665	0.1816
29.233333333333334	0.18217
29.25	0.18294
29.266666666666666	0.18271
29.283333333333335	0.18339
29.3	0.18393
29.316666666666666	0.18435
29.333333333333332	0.1849
29.35	0.18541000000000002
29.366666666666667	0.18597000000000002
29.383333333333333	0.18676
29.4	0.18706
29.416666666666668	0.18745
29.433333333333334	0.18805
29.45	0.18903999999999999
29.466666666666665	0.18711
29.483333333333334	0.18863000000000002
29.5	0.18987
29.516666666666666	0.19076
29.533333333333335	0.19196000000000002
