0.016666666666666666	-0.1689
0.03333333333333333	-0.1357
0.05	-0.12889999999999996
0.06666666666666667	-0.12589999999999996
0.08333333333333333	-0.12389999999999995
0.1	-0.12230000000000002
0.11666666666666667	-0.12079999999999996
0.13333333333333333	-0.1194
0.15	-0.11779999999999996
0.16666666666666666	-0.11620000000000003
0.18333333333333332	-0.11459999999999998
0.2	-0.11290000000000006
0.21666666666666667	-0.11120000000000002
0.23333333333333334	-0.10949999999999999
0.25	-0.10790000000000005
0.26666666666666666	-0.1063
0.2833333333333333	-0.10510000000000003
0.3	-0.10369999999999996
0.31666666666666665	-0.1023
0.3333333333333333	-0.10120000000000001
0.35	-0.10000000000000003
0.36666666666666664	-0.09869999999999995
0.38333333333333336	-0.09759999999999996
0.4	-0.09639999999999999
0.4166666666666667	-0.0952
0.43333333333333335	-0.09410000000000002
0.45	-0.0932
0.4666666666666667	-0.09210000000000002
0.48333333333333334	-0.0912
0.5	-0.0902
0.5166666666666667	-0.08910000000000001
0.5333333333333333	-0.0882
0.55	-0.0872
0.5666666666666667	-0.08639999999999998
0.5833333333333334	-0.08549999999999996
0.6	-0.08470000000000005
0.6166666666666667	-0.08390000000000003
0.6333333333333333	-0.08300000000000002
0.65	-0.0822
0.6666666666666666	-0.08129999999999998
0.6833333333333333	-0.08059999999999995
0.7	-0.07980000000000004
0.7166666666666667	-0.07890000000000003
0.7333333333333333	-0.07819999999999999
0.75	-0.07729999999999998
0.7666666666666667	-0.07670000000000005
0.7833333333333333	-0.0761
0.8	-0.07529999999999998
0.8166666666666667	-0.07460000000000006
0.8333333333333334	-0.07390000000000002
0.85	-0.07319999999999999
0.8666666666666667	-0.07249999999999995
0.8833333333333333	-0.07190000000000002
0.9	-0.07129999999999997
0.9166666666666666	-0.07070000000000004
0.9333333333333333	-0.0701
0.95	-0.06939999999999996
0.9666666666666667	-0.06870000000000004
0.9833333333333333	-0.06829999999999997
1.0	-0.06770000000000004
1.0166666666666666	-0.06719999999999998
1.0333333333333334	-0.06660000000000005
1.05	-0.06590000000000001
1.0666666666666667	-0.06539999999999996
1.0833333333333333	-0.065
1.1	-0.06439999999999996
1.1166666666666667	-0.06390000000000001
1.1333333333333333	-0.06329999999999997
1.15	-0.06280000000000002
1.1666666666666667	-0.062399999999999956
1.1833333333333333	-0.06190000000000001
1.2	-0.061399999999999955
1.2166666666666666	-0.06080000000000002
1.2333333333333334	-0.060299999999999965
1.25	-0.05980000000000002
1.2666666666666666	-0.05939999999999995
1.2833333333333334	-0.05890000000000001
1.3	-0.05850000000000005
1.3166666666666667	-0.058099999999999985
1.3333333333333333	-0.05770000000000003
1.35	-0.05719999999999997
1.3666666666666667	-0.05670000000000003
1.3833333333333333	-0.05639999999999995
1.4	-0.055900000000000005
1.4166666666666667	-0.05540000000000006
1.4333333333333333	-0.054900000000000004
1.45	-0.05460000000000004
1.4666666666666666	-0.05419999999999997
1.4833333333333334	-0.053800000000000014
1.5	-0.05340000000000006
1.5166666666666666	-0.05299999999999999
1.5333333333333334	-0.052600000000000036
1.55	-0.05209999999999998
1.5666666666666667	-0.051700000000000024
1.5833333333333333	-0.051500000000000046
1.6	-0.05109999999999998
1.6166666666666667	-0.05070000000000002
1.6333333333333333	-0.050299999999999956
1.65	-0.04999999999999999
1.6666666666666667	-0.04960000000000003
1.6833333333333333	-0.049400000000000055
1.7	-0.04899999999999999
1.7166666666666666	-0.04860000000000003
1.7333333333333334	-0.048400000000000054
1.75	-0.04799999999999999
1.7666666666666666	-0.04760000000000003
1.7833333333333334	-0.04740000000000005
1.8	-0.046999999999999986
1.8166666666666667	-0.04670000000000002
1.8333333333333333	-0.04629999999999995
1.85	-0.045999999999999985
1.8666666666666667	-0.04560000000000003
1.8833333333333333	-0.04529999999999995
1.9	-0.044999999999999984
1.9166666666666667	-0.04460000000000003
1.9333333333333333	-0.04429999999999995
1.95	-0.043999999999999984
1.9666666666666666	-0.04360000000000003
1.9833333333333334	-0.04340000000000005
2.0	-0.04299999999999998
2.0166666666666666	-0.042800000000000005
2.033333333333333	-0.04240000000000005
2.05	-0.04219999999999996
2.066666666666667	-0.04189999999999999
2.0833333333333335	-0.041600000000000026
2.1	-0.04130000000000006
2.1166666666666667	-0.04099999999999998
2.1333333333333333	-0.0408
2.15	-0.04040000000000005
2.1666666666666665	-0.04019999999999996
2.183333333333333	-0.03999999999999998
2.2	-0.03970000000000001
2.216666666666667	-0.039400000000000046
2.2333333333333334	-0.03909999999999997
2.25	-0.03889999999999999
2.2666666666666666	-0.038500000000000034
2.283333333333333	-0.038300000000000056
2.3	-0.03799999999999998
2.316666666666667	-0.03770000000000001
2.3333333333333335	-0.03750000000000003
2.35	-0.037300000000000055
2.3666666666666667	-0.03689999999999999
2.3833333333333333	-0.03670000000000001
2.4	-0.03650000000000003
2.4166666666666665	-0.036199999999999954
2.433333333333333	-0.035999999999999976
2.45	-0.03560000000000002
2.466666666666667	-0.035300000000000054
2.4833333333333334	-0.035099999999999965
2.5	-0.0348
2.5166666666666666	-0.03450000000000003
2.533333333333333	-0.03440000000000004
2.55	-0.034099999999999964
2.566666666666667	-0.0338
2.5833333333333335	-0.03360000000000002
2.6	-0.03330000000000005
2.6166666666666667	-0.03309999999999996
2.6333333333333333	-0.032899999999999985
2.65	-0.03270000000000001
2.6666666666666665	-0.03240000000000004
2.683333333333333	-0.03219999999999995
2.7	-0.03199999999999997
2.716666666666667	-0.031700000000000006
2.7333333333333334	-0.03150000000000003
2.75	-0.03130000000000005
2.7666666666666666	-0.030899999999999983
2.783333333333333	-0.030799999999999994
2.8	-0.030500000000000027
2.816666666666667	-0.03020000000000006
2.8333333333333335	-0.02999999999999997
2.85	-0.029700000000000004
2.8666666666666667	-0.029500000000000026
2.8833333333333333	-0.029300000000000048
2.9	-0.02909999999999996
2.9166666666666665	-0.028799999999999992
2.933333333333333	-0.028700000000000003
2.95	-0.028400000000000036
2.966666666666667	-0.02809999999999996
2.9833333333333334	-0.02799999999999997
3.0	-0.027700000000000002
3.0166666666666666	-0.027400000000000035
3.033333333333333	-0.027200000000000057
3.05	-0.027099999999999957
3.066666666666667	-0.02689999999999998
3.0833333333333335	-0.0267
3.1	-0.026400000000000035
3.1166666666666667	-0.026200000000000057
3.1333333333333333	-0.025999999999999968
3.15	-0.02579999999999999
3.1666666666666665	-0.025500000000000023
3.183333333333333	-0.025400000000000034
3.2	-0.025200000000000056
3.216666666666667	-0.024999999999999967
3.2333333333333334	-0.024899999999999978
3.25	-0.02460000000000001
3.2666666666666666	-0.024300000000000044
3.283333333333333	-0.024200000000000055
3.3	-0.023999999999999966
3.316666666666667	-0.023799999999999988
3.3333333333333335	-0.02360000000000001
3.35	-0.023400000000000032
3.3666666666666667	-0.023200000000000054
3.3833333333333333	-0.022999999999999965
3.4	-0.022699999999999998
3.4166666666666665	-0.02240000000000003
3.433333333333333	-0.022300000000000042
3.45	-0.022099999999999953
3.466666666666667	-0.021899999999999975
3.4833333333333334	-0.021799999999999986
3.5	-0.021600000000000008
3.5166666666666666	-0.02130000000000004
3.533333333333333	-0.021200000000000052
3.55	-0.020899999999999974
3.566666666666667	-0.020699999999999996
3.5833333333333335	-0.020500000000000018
3.6	-0.02030000000000004
3.6166666666666667	-0.02020000000000005
3.6333333333333333	-0.02009999999999995
3.65	-0.019899999999999973
3.6666666666666665	-0.019600000000000006
3.683333333333333	-0.019500000000000017
3.7	-0.01920000000000005
3.716666666666667	-0.018899999999999972
3.7333333333333334	-0.018799999999999983
3.75	-0.018600000000000005
3.7666666666666666	-0.018500000000000016
3.783333333333333	-0.01830000000000004
3.8	-0.01799999999999996
3.816666666666667	-0.017799999999999983
3.8333333333333335	-0.017699999999999994
3.85	-0.017500000000000016
3.8666666666666667	-0.01720000000000005
3.8833333333333333	-0.01710000000000006
3.9	-0.01689999999999997
3.9166666666666665	-0.016600000000000004
3.933333333333333	-0.016500000000000015
3.95	-0.016400000000000026
3.966666666666667	-0.016200000000000048
3.9833333333333334	-0.01610000000000006
4.0	-0.01579999999999998
4.016666666666667	-0.015600000000000003
4.033333333333333	-0.015500000000000014
4.05	-0.015300000000000036
4.066666666666666	-0.014999999999999958
4.083333333333333	-0.014899999999999969
4.1	-0.01479999999999998
4.116666666666666	-0.014600000000000002
4.133333333333334	-0.014500000000000013
4.15	-0.014100000000000057
4.166666666666667	-0.013999999999999957
4.183333333333334	-0.013899999999999968
4.2	-0.01369999999999999
4.216666666666667	-0.013400000000000023
4.233333333333333	-0.013200000000000045
4.25	-0.013100000000000056
4.266666666666667	-0.012999999999999956
4.283333333333333	-0.012799999999999978
4.3	-0.0126
4.316666666666666	-0.012300000000000033
4.333333333333333	-0.012200000000000044
4.35	-0.011999999999999955
4.366666666666666	-0.011899999999999966
4.383333333333334	-0.011799999999999977
4.4	-0.0116
4.416666666666667	-0.011300000000000032
4.433333333333334	-0.011200000000000043
4.45	-0.010999999999999954
4.466666666666667	-0.010899999999999965
4.483333333333333	-0.010699999999999987
4.5	-0.010599999999999998
4.516666666666667	-0.01040000000000002
4.533333333333333	-0.010200000000000042
4.55	-0.009999999999999953
4.566666666666666	-0.009799999999999975
4.583333333333333	-0.009699999999999986
4.6	-0.009500000000000008
4.616666666666666	-0.00930000000000003
4.633333333333334	-0.009200000000000041
4.65	-0.008999999999999952
4.666666666666667	-0.008799999999999975
4.683333333333334	-0.008699999999999986
4.7	-0.008500000000000008
4.716666666666667	-0.008400000000000019
4.733333333333333	-0.00820000000000004
4.75	-0.007999999999999952
4.766666666666667	-0.007699999999999985
4.783333333333333	-0.007699999999999985
4.8	-0.007500000000000007
4.816666666666666	-0.007300000000000029
4.833333333333333	-0.007300000000000029
4.85	-0.007100000000000051
4.866666666666666	-0.006899999999999962
4.883333333333334	-0.006799999999999973
4.9	-0.006500000000000006
4.916666666666667	-0.006300000000000028
4.933333333333334	-0.006200000000000039
4.95	-0.00599999999999995
4.966666666666667	-0.005799999999999972
4.983333333333333	-0.005699999999999983
5.0	-0.005599999999999994
5.016666666666667	-0.005400000000000016
5.033333333333333	-0.005200000000000038
5.05	-0.005100000000000049
5.066666666666666	-0.00489999999999996
5.083333333333333	-0.004799999999999971
5.1	-0.004599999999999993
5.116666666666666	-0.004400000000000015
5.133333333333334	-0.004300000000000026
5.15	-0.004200000000000037
5.166666666666667	-0.003899999999999959
5.183333333333334	-0.003899999999999959
5.2	-0.003699999999999981
5.216666666666667	-0.003500000000000003
5.233333333333333	-0.003400000000000014
5.25	-0.003200000000000036
5.266666666666667	-0.003000000000000058
5.283333333333333	-0.002899999999999958
5.3	-0.002799999999999969
5.316666666666666	-0.0025000000000000022
5.333333333333333	-0.0024000000000000132
5.35	-0.0022000000000000353
5.366666666666666	-0.0020000000000000573
5.383333333333334	-0.0020000000000000573
5.4	-0.0017999999999999683
5.416666666666667	-0.0015999999999999903
5.433333333333334	-0.0015000000000000013
5.45	-0.0014000000000000123
5.466666666666667	-0.0011000000000000454
5.483333333333333	-0.0010000000000000564
5.5	-0.0007999999999999674
5.516666666666667	-0.0005999999999999894
5.533333333333333	-0.00040000000000001146
5.55	-0.00030000000000002247
5.566666666666666	-0.00020000000000003348
5.583333333333333	-0.0001000000000000445
5.6	0.0001000000000000445
5.616666666666666	0.00020000000000003348
5.633333333333334	0.00030000000000002247
5.65	0.0005000000000000004
5.666666666666667	0.0007999999999999674
5.683333333333334	0.0009999999999999454
5.7	0.0012000000000000344
5.716666666666667	0.0013000000000000234
5.733333333333333	0.0014000000000000123
5.75	0.0015999999999999903
5.766666666666667	0.0016999999999999793
5.783333333333333	0.0017999999999999683
5.8	0.0019999999999999463
5.816666666666666	0.0021000000000000463
5.833333333333333	0.0022000000000000353
5.85	0.0024000000000000132
5.866666666666666	0.002599999999999991
5.883333333333334	0.00269999999999998
5.9	0.002899999999999958
5.916666666666667	0.003100000000000047
5.933333333333334	0.003200000000000036
5.95	0.003300000000000025
5.966666666666667	0.003500000000000003
5.983333333333333	0.003599999999999992
6.0	0.00379999999999997
6.016666666666667	0.003999999999999948
6.033333333333333	0.004200000000000037
6.05	0.004300000000000026
6.066666666666666	0.004400000000000015
6.083333333333333	0.004500000000000004
6.1	0.004599999999999993
6.116666666666666	0.00489999999999996
6.133333333333334	0.004999999999999949
6.15	0.005100000000000049
6.166666666666667	0.005300000000000027
6.183333333333334	0.005300000000000027
6.2	0.005599999999999994
6.216666666666667	0.005799999999999972
6.233333333333333	0.005799999999999972
6.25	0.00599999999999995
6.266666666666667	0.006200000000000039
6.283333333333333	0.006400000000000017
6.3	0.006500000000000006
6.316666666666666	0.006599999999999995
6.333333333333333	0.006799999999999973
6.35	0.006999999999999951
6.366666666666666	0.00720000000000004
6.383333333333334	0.00720000000000004
6.4	0.007300000000000029
6.416666666666667	0.007500000000000007
6.433333333333334	0.007699999999999985
6.45	0.007899999999999963
6.466666666666667	0.007999999999999952
6.483333333333333	0.00809999999999994
6.5	0.00820000000000004
6.516666666666667	0.00830000000000003
6.533333333333333	0.008500000000000008
6.55	0.008699999999999986
6.566666666666666	0.008899999999999963
6.583333333333333	0.008999999999999952
6.6	0.009099999999999941
6.616666666666666	0.00930000000000003
6.633333333333334	0.00940000000000002
6.65	0.009599999999999997
6.666666666666667	0.009699999999999986
6.683333333333334	0.009899999999999964
6.7	0.009999999999999953
6.716666666666667	0.010099999999999942
6.733333333333333	0.010300000000000031
6.75	0.01050000000000001
6.766666666666667	0.01050000000000001
6.783333333333333	0.010599999999999998
6.8	0.010799999999999976
6.816666666666666	0.010999999999999954
6.833333333333333	0.011099999999999943
6.85	0.011300000000000032
6.866666666666666	0.01150000000000001
6.883333333333334	0.0116
6.9	0.011799999999999977
6.916666666666667	0.011999999999999955
6.933333333333334	0.011999999999999955
6.95	0.012099999999999944
6.966666666666667	0.012300000000000033
6.983333333333333	0.012400000000000022
7.0	0.012500000000000011
7.016666666666667	0.012699999999999989
7.033333333333333	0.012799999999999978
7.05	0.012899999999999967
7.066666666666666	0.013099999999999945
7.083333333333333	0.013200000000000045
7.1	0.013500000000000012
7.116666666666666	0.013600000000000001
7.133333333333334	0.01369999999999999
7.15	0.013799999999999979
7.166666666666667	0.013999999999999957
7.183333333333334	0.014099999999999946
7.2	0.014200000000000046
7.216666666666667	0.014400000000000024
7.233333333333333	0.014600000000000002
7.25	0.01479999999999998
7.266666666666667	0.014899999999999969
7.283333333333333	0.015099999999999947
7.3	0.015200000000000047
7.316666666666666	0.015300000000000036
7.333333333333333	0.015400000000000025
7.35	0.015500000000000014
7.366666666666666	0.015699999999999992
7.383333333333334	0.015699999999999992
7.4	0.01599999999999996
7.416666666666667	0.01599999999999996
7.433333333333334	0.016200000000000048
7.45	0.016300000000000037
7.466666666666667	0.016500000000000015
7.483333333333333	0.016600000000000004
7.5	0.01679999999999998
7.516666666666667	0.01689999999999997
7.533333333333333	0.01699999999999996
7.55	0.01709999999999995
7.566666666666666	0.017400000000000027
7.583333333333333	0.017400000000000027
7.6	0.017500000000000016
7.616666666666666	0.017600000000000005
7.633333333333334	0.017799999999999983
7.65	0.01799999999999996
7.666666666666667	0.01820000000000005
7.683333333333334	0.01830000000000004
7.7	0.018400000000000027
7.716666666666667	0.018699999999999994
7.733333333333333	0.018799999999999983
7.75	0.018899999999999972
7.766666666666667	0.01909999999999995
7.783333333333333	0.01930000000000004
7.8	0.01930000000000004
7.816666666666666	0.019600000000000006
7.833333333333333	0.019600000000000006
7.85	0.019600000000000006
7.866666666666666	0.019699999999999995
7.883333333333334	0.019799999999999984
7.9	0.02009999999999995
7.916666666666667	0.02019999999999994
7.933333333333334	0.02040000000000003
7.95	0.020500000000000018
7.966666666666667	0.020699999999999996
7.983333333333333	0.020699999999999996
8.0	0.020899999999999974
8.016666666666667	0.02119999999999994
8.033333333333333	0.02140000000000003
8.05	0.021600000000000008
8.066666666666666	0.021699999999999997
8.083333333333334	0.02150000000000002
8.1	0.02150000000000002
8.116666666666667	0.021799999999999986
8.133333333333333	0.021999999999999964
8.15	0.021999999999999964
8.166666666666666	0.022099999999999953
8.183333333333334	0.022199999999999942
8.2	0.02250000000000002
8.216666666666667	0.022699999999999998
8.233333333333333	0.022699999999999998
8.25	0.022799999999999987
8.266666666666667	0.022999999999999965
8.283333333333333	0.023199999999999943
8.3	0.023300000000000043
8.316666666666666	0.02350000000000002
8.333333333333334	0.02360000000000001
8.35	0.0237
8.366666666666667	0.023999999999999966
8.383333333333333	0.024099999999999955
8.4	0.024199999999999944
8.416666666666666	0.024400000000000033
8.433333333333334	0.02460000000000001
8.45	0.0247
8.466666666666667	0.024899999999999978
8.483333333333333	0.024999999999999967
8.5	0.025099999999999956
8.516666666666667	0.025199999999999945
8.533333333333333	0.025199999999999945
8.55	0.025400000000000034
8.566666666666666	0.0257
8.583333333333334	0.02579999999999999
8.6	0.02589999999999998
8.616666666666667	0.026099999999999957
8.633333333333333	0.026199999999999946
8.65	0.026300000000000046
8.666666666666666	0.026400000000000035
8.683333333333334	0.026500000000000024
8.7	0.0267
8.716666666666667	0.02689999999999998
8.733333333333333	0.027099999999999957
8.75	0.027300000000000046
8.766666666666667	0.027400000000000035
8.783333333333333	0.027600000000000013
8.8	0.027700000000000002
8.816666666666666	0.02779999999999999
8.833333333333334	0.02789999999999998
8.85	0.02799999999999997
8.866666666666667	0.02809999999999996
8.883333333333333	0.028199999999999947
8.9	0.028500000000000025
8.916666666666666	0.028500000000000025
8.933333333333334	0.028600000000000014
8.95	0.028799999999999992
8.966666666666667	0.02889999999999998
8.983333333333333	0.02899999999999997
9.0	0.029199999999999948
9.016666666666667	0.029400000000000037
9.033333333333333	0.029600000000000015
9.05	0.029700000000000004
9.066666666666666	0.029799999999999993
9.083333333333334	0.02999999999999997
9.1	0.02999999999999997
9.116666666666667	0.03019999999999995
9.133333333333333	0.030400000000000038
9.15	0.030600000000000016
9.166666666666666	0.030700000000000005
9.183333333333334	0.030799999999999994
9.2	0.030899999999999983
9.216666666666667	0.030999999999999972
9.233333333333333	0.03119999999999995
9.25	0.03130000000000005
9.266666666666667	0.03160000000000002
9.283333333333333	0.03160000000000002
9.3	0.031799999999999995
9.316666666666666	0.031899999999999984
9.333333333333334	0.03199999999999997
9.35	0.03219999999999995
9.366666666666667	0.03240000000000004
9.383333333333333	0.03250000000000003
9.4	0.03240000000000004
9.416666666666666	0.03260000000000002
9.433333333333334	0.03270000000000001
9.45	0.032899999999999985
9.466666666666667	0.03309999999999996
9.483333333333333	0.03329999999999994
9.5	0.03340000000000004
9.516666666666667	0.03360000000000002
9.533333333333333	0.03360000000000002
9.55	0.0338
9.566666666666666	0.033899999999999986
9.583333333333334	0.034099999999999964
9.6	0.034099999999999964
9.616666666666667	0.03440000000000004
9.633333333333333	0.03450000000000003
9.65	0.03460000000000002
9.666666666666666	0.0348
9.683333333333334	0.034999999999999976
9.7	0.035099999999999965
9.716666666666667	0.03529999999999994
9.733333333333333	0.03560000000000002
9.75	0.03560000000000002
9.766666666666667	0.03570000000000001
9.783333333333333	0.03560000000000002
9.8	0.0358
9.816666666666666	0.035999999999999976
9.833333333333334	0.036099999999999965
9.85	0.036199999999999954
9.866666666666667	0.03650000000000003
9.883333333333333	0.03650000000000003
9.9	0.03660000000000002
9.916666666666666	0.0368
9.933333333333334	0.03689999999999999
9.95	0.037099999999999966
9.966666666666667	0.037299999999999944
9.983333333333333	0.03750000000000003
10.0	0.03750000000000003
10.016666666666667	0.0378
10.033333333333333	0.038500000000000034
10.05	0.04419999999999996
10.066666666666666	0.03809999999999997
10.083333333333334	0.038199999999999956
10.1	0.038400000000000045
10.116666666666667	0.03860000000000002
10.133333333333333	0.03860000000000002
10.15	0.0388
10.166666666666666	0.03899999999999998
10.183333333333334	0.03909999999999997
10.2	0.03909999999999997
10.216666666666667	0.039400000000000046
10.233333333333333	0.039400000000000046
10.25	0.039500000000000035
10.266666666666667	0.03970000000000001
10.283333333333333	0.0398
10.3	0.03989999999999999
10.316666666666666	0.04009999999999997
10.333333333333334	0.04019999999999996
10.35	0.04029999999999995
10.366666666666667	0.040500000000000036
10.383333333333333	0.040600000000000025
10.4	0.0408
10.416666666666666	0.04129999999999995
10.433333333333334	0.04099999999999998
10.45	0.04119999999999996
10.466666666666667	0.04140000000000005
10.483333333333333	0.04150000000000004
10.5	0.041600000000000026
10.516666666666667	0.041800000000000004
10.533333333333333	0.04189999999999999
10.55	0.04199999999999998
10.566666666666666	0.04219999999999996
10.583333333333334	0.04240000000000005
10.6	0.042700000000000016
10.616666666666667	0.042800000000000005
10.633333333333333	0.042800000000000005
10.65	0.04309999999999997
10.666666666666666	0.04319999999999996
10.683333333333334	0.04329999999999995
10.7	0.04329999999999995
10.716666666666667	0.04350000000000004
10.733333333333333	0.04360000000000003
10.75	0.043800000000000006
10.766666666666667	0.043899999999999995
10.783333333333333	0.043999999999999984
10.8	0.04419999999999996
10.816666666666666	0.04440000000000005
10.833333333333334	0.04460000000000003
10.85	0.04560000000000003
10.866666666666667	0.047199999999999964
10.883333333333333	0.04519999999999996
10.9	0.04519999999999996
10.916666666666666	0.04539999999999994
10.933333333333334	0.04550000000000004
10.95	0.04560000000000003
10.966666666666667	0.048099999999999976
10.983333333333333	0.04909999999999998
11.0	0.04639999999999994
11.016666666666667	0.04660000000000003
11.033333333333333	0.047099999999999975
11.05	0.04980000000000001
11.066666666666666	0.04739999999999994
11.083333333333334	0.04739999999999994
11.1	0.04750000000000004
11.116666666666667	0.04770000000000002
11.133333333333333	0.04770000000000002
11.15	0.0479
11.166666666666666	0.048299999999999954
11.183333333333334	0.04839999999999994
11.2	0.04880000000000001
11.216666666666667	0.04880000000000001
11.233333333333333	0.04870000000000002
11.25	0.04880000000000001
11.266666666666667	0.04899999999999999
11.283333333333333	0.04909999999999998
11.3	0.04970000000000002
11.316666666666666	0.049500000000000044
11.333333333333334	0.04970000000000002
11.35	0.04980000000000001
11.366666666666667	0.05009999999999998
11.383333333333333	0.05019999999999997
11.4	0.05019999999999997
11.416666666666666	0.05529999999999996
11.433333333333334	0.0509
11.45	0.05080000000000001
11.466666666666667	0.0509
11.483333333333333	0.05109999999999998
11.5	0.05129999999999996
11.516666666666667	0.05319999999999997
11.533333333333333	0.051500000000000046
11.55	0.05219999999999997
11.566666666666666	0.05180000000000001
11.583333333333334	0.053600000000000037
11.6	0.0519
11.616666666666667	0.051500000000000046
11.633333333333333	0.05199999999999999
11.65	0.05180000000000001
11.666666666666666	0.05219999999999997
11.683333333333334	0.05209999999999998
11.7	0.05229999999999996
11.716666666666667	0.05239999999999995
11.733333333333333	0.05250000000000005
11.75	0.052600000000000036
11.766666666666667	0.0529
11.783333333333333	0.0539
11.8	0.05539999999999995
11.816666666666666	0.053700000000000025
11.833333333333334	0.053700000000000025
11.85	0.053800000000000014
11.866666666666667	0.05409999999999998
11.883333333333333	0.05409999999999998
11.9	0.05419999999999997
11.916666666666666	0.05439999999999995
11.933333333333334	0.05439999999999995
11.95	0.05460000000000004
11.966666666666667	0.054700000000000026
11.983333333333333	0.054900000000000004
12.0	0.05499999999999999
12.016666666666667	0.05519999999999997
12.033333333333333	0.05529999999999996
12.05	0.05560000000000004
12.066666666666666	0.05570000000000003
12.083333333333334	0.055999999999999994
12.1	0.058199999999999974
12.116666666666667	0.05609999999999998
12.133333333333333	0.05609999999999998
12.15	0.05629999999999996
12.166666666666666	0.05639999999999995
12.183333333333334	0.05670000000000003
12.2	0.056900000000000006
12.216666666666667	0.13179999999999997
12.233333333333333	0.17619999999999997
12.25	0.03570000000000001
12.266666666666667	0.05129999999999996
12.283333333333333	0.05180000000000001
12.3	0.05209999999999998
12.316666666666666	0.05229999999999996
12.333333333333334	0.05250000000000005
12.35	0.052600000000000036
12.366666666666667	0.05309999999999998
12.383333333333333	0.05350000000000005
12.4	0.053800000000000014
12.416666666666666	0.05399999999999999
12.433333333333334	0.05409999999999998
12.45	0.05429999999999996
12.466666666666667	0.05509999999999998
12.483333333333333	0.05539999999999995
12.5	0.05560000000000004
12.516666666666667	0.055800000000000016
12.533333333333333	0.055999999999999994
12.55	0.05629999999999996
12.566666666666666	0.05650000000000005
12.583333333333334	0.05670000000000003
12.6	0.05670000000000003
12.616666666666667	0.056900000000000006
12.633333333333333	0.057099999999999984
12.65	0.05719999999999997
12.666666666666666	0.057499999999999996
12.683333333333334	0.057599999999999985
12.7	0.057699999999999974
12.716666666666667	0.057999999999999996
12.733333333333333	0.058099999999999985
12.75	0.05830000000000002
12.766666666666667	0.05840000000000001
12.783333333333333	0.058599999999999985
12.8	0.05880000000000002
12.816666666666666	0.059
12.833333333333334	0.059099999999999986
12.85	0.059199999999999975
12.866666666666667	0.05940000000000001
12.883333333333333	0.0595
12.9	0.059699999999999975
12.916666666666666	0.05990000000000001
12.933333333333334	0.05990000000000001
12.95	0.060199999999999976
12.966666666666667	0.06030000000000002
12.983333333333333	0.0605
13.0	0.060699999999999976
13.016666666666667	0.06080000000000002
13.033333333333333	0.06090000000000001
13.05	0.06140000000000001
13.066666666666666	0.06169999999999998
13.083333333333334	0.06219999999999998
13.1	0.06190000000000001
13.116666666666667	0.06180000000000002
13.133333333333333	0.06190000000000001
13.15	0.062
13.166666666666666	0.06219999999999998
13.183333333333334	0.06230000000000002
13.2	0.06259999999999999
13.216666666666667	0.0635
13.233333333333333	0.06319999999999998
13.25	0.06319999999999998
13.266666666666667	0.063
13.283333333333333	0.06340000000000001
13.3	0.0635
13.316666666666666	0.06359999999999999
13.333333333333334	0.0635
13.35	0.06369999999999998
13.366666666666667	0.06390000000000001
13.383333333333333	0.064
13.4	0.06419999999999998
13.416666666666666	0.06440000000000001
13.433333333333334	0.06469999999999998
13.45	0.06469999999999998
13.466666666666667	0.065
13.483333333333333	0.06509999999999999
13.5	0.06519999999999998
13.516666666666667	0.06540000000000001
13.533333333333333	0.06559999999999999
13.55	0.06559999999999999
13.566666666666666	0.06569999999999998
13.583333333333334	0.06590000000000001
13.6	0.066
13.616666666666667	0.06629999999999997
13.633333333333333	0.06659999999999999
13.65	0.06669999999999998
13.666666666666666	0.06690000000000002
13.683333333333334	0.067
13.7	0.06779999999999997
13.716666666666667	0.06769999999999998
13.733333333333333	0.068
13.75	0.0681
13.766666666666667	0.06790000000000002
13.783333333333333	0.06790000000000002
13.8	0.068
13.816666666666666	0.06819999999999998
13.833333333333334	0.06829999999999997
13.85	0.06840000000000002
13.866666666666667	0.06869999999999998
13.883333333333333	0.06879999999999997
13.9	0.069
13.916666666666666	0.06929999999999997
13.933333333333334	0.0695
13.95	0.0696
13.966666666666667	0.06979999999999997
13.983333333333333	0.07
14.0	0.07029999999999997
14.016666666666667	0.07040000000000002
14.033333333333333	0.07050000000000001
14.05	0.07069999999999999
14.066666666666666	0.07079999999999997
14.083333333333334	0.07100000000000001
14.1	0.0711
14.116666666666667	0.07129999999999997
14.133333333333333	0.0716
14.15	0.0736
14.166666666666666	0.07190000000000002
14.183333333333334	0.07200000000000001
14.2	0.0721
14.216666666666667	0.07240000000000002
14.233333333333333	0.07250000000000001
14.25	0.07269999999999999
14.266666666666667	0.07290000000000002
14.283333333333333	0.07300000000000001
14.3	0.0731
14.316666666666666	0.07340000000000002
14.333333333333334	0.07369999999999999
14.35	0.07379999999999998
14.366666666666667	0.0741
14.383333333333333	0.0741
14.4	0.07429999999999998
14.416666666666666	0.07440000000000002
14.433333333333334	0.07450000000000001
14.45	0.07469999999999999
14.466666666666667	0.07479999999999998
14.483333333333333	0.07490000000000002
14.5	0.0751
14.516666666666667	0.07540000000000002
14.533333333333333	0.07550000000000001
14.55	0.0756
14.566666666666666	0.07579999999999998
14.583333333333334	0.07639999999999997
14.6	0.0781
14.616666666666667	0.07639999999999997
14.633333333333333	0.07769999999999999
14.65	0.07800000000000001
14.666666666666666	0.07700000000000001
14.683333333333334	0.07729999999999998
14.7	0.07729999999999998
14.716666666666667	0.07750000000000001
14.733333333333333	0.07769999999999999
14.75	0.07979999999999998
14.766666666666667	0.07939999999999997
14.783333333333333	0.0817
14.8	0.07939999999999997
14.816666666666666	0.07889999999999997
14.833333333333334	0.07929999999999998
14.85	0.07950000000000002
14.866666666666667	0.07939999999999997
14.883333333333333	0.08000000000000002
14.9	0.08000000000000002
14.916666666666666	0.07950000000000002
14.933333333333334	0.0796
14.95	0.0797
14.966666666666667	0.07989999999999997
14.983333333333333	0.08000000000000002
15.0	0.0801
15.016666666666667	0.08039999999999997
15.033333333333333	0.08050000000000002
15.05	0.08089999999999997
15.066666666666666	0.08100000000000002
15.083333333333334	0.08100000000000002
15.1	0.0811
15.116666666666667	0.08129999999999998
15.133333333333333	0.08150000000000002
15.15	0.0817
15.166666666666666	0.08200000000000002
15.183333333333334	0.0822
15.2	0.08229999999999998
15.216666666666667	0.08250000000000002
15.233333333333333	0.08250000000000002
15.25	0.0827
15.266666666666667	0.08360000000000001
15.283333333333333	0.0832
15.3	0.08389999999999997
15.316666666666666	0.08379999999999999
15.333333333333334	0.0837
15.35	0.08389999999999997
15.366666666666667	0.08410000000000001
15.383333333333333	0.08429999999999999
15.4	0.08460000000000001
15.416666666666666	0.0897
15.433333333333334	0.16959999999999997
15.45	0.1738
15.466666666666667	-0.014400000000000024
15.483333333333333	0.08289999999999997
15.5	0.08329999999999999
15.516666666666667	0.07850000000000001
15.533333333333333	0.054800000000000015
15.55	0.07129999999999997
15.566666666666666	0.07950000000000002
15.583333333333334	0.0771
15.6	0.08389999999999997
15.616666666666667	0.07369999999999999
15.633333333333333	0.0655
15.65	0.08579999999999999
15.666666666666666	0.08579999999999999
15.683333333333334	0.08600000000000002
15.7	0.08600000000000002
15.716666666666667	0.08629999999999999
15.733333333333333	0.08639999999999998
15.75	0.067
15.766666666666667	0.08310000000000001
15.783333333333333	0.08360000000000001
15.8	0.08379999999999999
15.816666666666666	0.0842
15.833333333333334	0.08450000000000002
15.85	0.08560000000000001
15.866666666666667	0.08700000000000002
15.883333333333333	0.08710000000000001
15.9	0.08729999999999999
15.916666666666666	0.08739999999999998
15.933333333333334	0.08760000000000001
15.95	0.08779999999999999
15.966666666666667	0.08789999999999998
15.983333333333333	0.08839999999999998
16.0	0.0887
16.016666666666666	0.08410000000000001
16.033333333333335	0.07879999999999998
16.05	0.08989999999999998
16.066666666666666	0.09010000000000001
16.083333333333332	0.09039999999999998
16.1	0.09079999999999999
16.116666666666667	0.0912
16.133333333333333	0.09129999999999999
16.15	0.09139999999999998
16.166666666666668	0.09179999999999999
16.183333333333334	0.09189999999999998
16.2	0.09189999999999998
16.216666666666665	0.09210000000000002
16.233333333333334	0.09010000000000001
16.25	0.08560000000000001
16.266666666666666	0.09239999999999998
16.283333333333335	0.09289999999999998
16.3	0.0928
16.316666666666666	0.09310000000000002
16.333333333333332	0.0932
16.35	0.09349999999999997
16.366666666666667	0.0937
16.383333333333333	0.0938
16.4	0.09389999999999998
16.416666666666668	0.09410000000000002
16.433333333333334	0.0943
16.45	0.09439999999999998
16.466666666666665	0.09460000000000002
16.483333333333334	0.0948
16.5	0.09499999999999997
16.516666666666666	0.09510000000000002
16.533333333333335	0.0953
16.55	0.09560000000000002
16.566666666666666	0.0958
16.583333333333332	0.0958
16.6	0.09599999999999997
16.616666666666667	0.0963
16.633333333333333	0.09639999999999999
16.65	0.09660000000000002
16.666666666666668	0.09670000000000001
16.683333333333334	0.0968
16.7	0.09720000000000001
16.716666666666665	0.0973
16.733333333333334	0.09739999999999999
16.75	0.09770000000000001
16.766666666666666	0.0978
16.783333333333335	0.09799999999999998
16.8	0.09810000000000002
16.816666666666666	0.09839999999999999
16.833333333333332	0.09870000000000001
16.85	0.0988
16.866666666666667	0.09899999999999998
16.883333333333333	0.0993
16.9	0.09949999999999998
16.916666666666668	0.09970000000000001
16.933333333333334	0.09989999999999999
16.95	0.10010000000000002
16.966666666666665	0.10020000000000001
16.983333333333334	0.1003
17.0	0.10039999999999999
17.016666666666666	0.10070000000000001
17.033333333333335	0.10089999999999999
17.05	0.10089999999999999
17.066666666666666	0.10199999999999998
17.083333333333332	0.10139999999999999
17.1	0.10149999999999998
17.116666666666667	0.10170000000000001
17.133333333333333	0.10189999999999999
17.15	0.10209999999999997
17.166666666666668	0.1023
17.183333333333334	0.10239999999999999
17.2	0.10249999999999998
17.216666666666665	0.10270000000000001
17.233333333333334	0.10289999999999999
17.25	0.10299999999999998
17.266666666666666	0.10320000000000001
17.283333333333335	0.10349999999999998
17.3	0.10370000000000001
17.316666666666666	0.10389999999999999
17.333333333333332	0.10389999999999999
17.35	0.10420000000000001
17.366666666666667	0.10470000000000002
17.383333333333333	0.10499999999999998
17.4	0.10470000000000002
17.416666666666668	0.10499999999999998
17.433333333333334	0.10520000000000002
17.45	0.1053
17.466666666666665	0.10549999999999998
17.483333333333334	0.10559999999999997
17.5	0.1059
17.516666666666666	0.1063
17.533333333333335	0.10620000000000002
17.55	0.1063
17.566666666666666	0.10670000000000002
17.583333333333332	0.10670000000000002
17.6	0.1069
17.616666666666667	0.10720000000000002
17.633333333333333	0.1073
17.65	0.1074
17.666666666666668	0.1078
17.683333333333334	0.1079
17.7	0.10799999999999998
17.716666666666665	0.10899999999999999
17.733333333333334	0.10909999999999997
17.75	0.1089
17.766666666666666	0.1089
17.783333333333335	0.1089
17.8	0.10899999999999999
17.816666666666666	0.10920000000000002
17.833333333333332	0.1094
17.85	0.10949999999999999
17.866666666666667	0.10999999999999999
17.883333333333333	0.11009999999999998
17.9	0.1104
17.916666666666668	0.1104
17.933333333333334	0.1033
17.95	0.10720000000000002
17.966666666666665	0.1089
17.983333333333334	0.10849999999999999
18.0	0.10870000000000002
18.016666666666666	0.1089
18.033333333333335	0.10920000000000002
18.05	0.10959999999999998
18.066666666666666	0.1119
18.083333333333332	0.11220000000000002
18.1	0.11220000000000002
18.116666666666667	0.11270000000000002
18.133333333333333	0.11249999999999999
18.15	0.11270000000000002
18.166666666666668	0.11299999999999999
18.183333333333334	0.11359999999999998
18.2	0.11359999999999998
18.216666666666665	0.11409999999999998
18.233333333333334	0.19829999999999998
18.25	0.05339999999999995
18.266666666666666	0.09860000000000002
18.283333333333335	0.09410000000000002
18.3	0.11030000000000001
18.316666666666666	0.11059999999999998
18.333333333333332	0.11080000000000001
18.35	0.11109999999999998
18.366666666666667	0.1114
18.383333333333333	0.11149999999999999
18.4	0.11180000000000001
18.416666666666668	0.11209999999999998
18.433333333333334	0.10060000000000002
18.45	0.11080000000000001
18.466666666666665	0.11130000000000001
18.483333333333334	0.11159999999999998
18.5	0.1119
18.516666666666666	0.11220000000000002
18.533333333333335	0.1124
18.55	0.11249999999999999
18.566666666666666	0.11280000000000001
18.583333333333332	0.11299999999999999
18.6	0.11309999999999998
18.616666666666667	0.1134
18.633333333333333	0.11330000000000001
18.65	0.09589999999999999
18.666666666666668	0.11180000000000001
18.683333333333334	0.11230000000000001
18.7	0.11259999999999998
18.716666666666665	0.11299999999999999
18.733333333333334	0.11330000000000001
18.75	0.11359999999999998
18.766666666666666	0.11380000000000001
18.783333333333335	0.11399999999999999
18.8	0.11430000000000001
18.816666666666666	0.11449999999999999
18.833333333333332	0.11480000000000001
18.85	0.11499999999999999
18.866666666666667	0.11530000000000001
18.883333333333333	0.11549999999999999
18.9	0.11559999999999998
18.916666666666668	0.11599999999999999
18.933333333333334	0.11619999999999997
18.95	0.1164
18.966666666666665	0.11669999999999997
18.983333333333334	0.11699999999999999
19.0	0.11719999999999997
19.016666666666666	0.11830000000000002
19.033333333333335	0.11859999999999998
19.05	0.11880000000000002
19.066666666666666	0.11909999999999998
19.083333333333332	0.11959999999999998
19.1	0.12109999999999999
19.116666666666667	0.12209999999999999
19.133333333333333	0.12180000000000002
19.15	0.122
19.166666666666668	0.12219999999999998
19.183333333333334	0.1225
19.2	0.12259999999999999
19.216666666666665	0.12290000000000001
19.233333333333334	0.1235
19.25	0.12419999999999998
19.266666666666666	0.1235
19.283333333333335	0.12369999999999998
19.3	0.12390000000000001
19.316666666666666	0.12409999999999999
19.333333333333332	0.12440000000000001
19.35	0.1245
19.366666666666667	0.12480000000000002
19.383333333333333	0.12530000000000002
19.4	0.1251
19.416666666666668	0.1254
19.433333333333334	0.12569999999999998
19.45	0.1261
19.466666666666665	0.12669999999999998
19.483333333333334	0.1271
19.5	0.12679999999999997
19.516666666666666	0.12679999999999997
19.533333333333335	0.1274
19.55	0.12829999999999997
19.566666666666666	0.12769999999999998
19.583333333333332	0.1275
19.6	0.12769999999999998
19.616666666666667	0.1279
19.633333333333333	0.1281
19.65	0.12829999999999997
19.666666666666668	0.1286
19.683333333333334	0.12879999999999997
19.7	0.12890000000000001
19.716666666666665	0.1291
19.733333333333334	0.1301
19.75	0.12929999999999997
19.766666666666666	0.13029999999999997
19.783333333333335	0.12990000000000002
19.8	0.13040000000000002
19.816666666666666	0.13019999999999998
19.833333333333332	0.1305
19.85	0.1261
19.866666666666667	0.1276
19.883333333333333	0.1286
19.9	0.129
19.916666666666668	0.12919999999999998
19.933333333333334	0.12940000000000002
19.95	0.12969999999999998
19.966666666666665	0.131
19.983333333333334	0.13119999999999998
20.0	0.1316
20.016666666666666	0.1316
20.033333333333335	0.1321
20.05	0.13190000000000002
20.066666666666666	0.1325
20.083333333333332	0.1325
20.1	0.13279999999999997
20.116666666666667	0.133
20.133333333333333	0.1331
20.15	0.13329999999999997
20.166666666666668	0.1336
20.183333333333334	0.13390000000000002
20.2	0.1341
20.216666666666665	0.1347
20.233333333333334	0.13479999999999998
20.25	0.1351
20.266666666666666	0.1355
20.283333333333335	0.13640000000000002
20.3	0.13579999999999998
20.316666666666666	0.13590000000000002
20.333333333333332	0.136
20.35	0.13829999999999998
20.366666666666667	0.1427
20.383333333333333	0.1392
20.4	0.14
20.416666666666668	0.1377
20.433333333333334	0.1291
20.45	0.13229999999999997
20.466666666666665	0.13440000000000002
20.483333333333334	0.13479999999999998
20.5	0.13579999999999998
20.516666666666666	0.1361
20.533333333333335	0.12729999999999997
20.55	0.1391
20.566666666666666	0.13939999999999997
20.583333333333332	0.13939999999999997
20.6	0.1397
20.616666666666667	0.1401
20.633333333333333	0.14029999999999998
20.65	0.1405
20.666666666666668	0.1407
20.683333333333334	0.14079999999999998
20.7	0.14079999999999998
20.716666666666665	0.14129999999999998
20.733333333333334	0.14129999999999998
20.75	0.14129999999999998
20.766666666666666	0.1416
20.783333333333335	0.14179999999999998
20.8	0.1421
20.816666666666666	0.1426
20.833333333333332	0.1426
20.85	0.1427
20.866666666666667	0.14289999999999997
20.883333333333333	0.1431
20.9	0.14329999999999998
20.916666666666668	0.1441
20.933333333333334	0.1441
20.95	0.1311
20.966666666666665	0.14179999999999998
20.983333333333334	0.14500000000000002
21.0	0.14500000000000002
21.016666666666666	0.1451
21.033333333333335	0.14529999999999998
21.05	0.14550000000000002
21.066666666666666	0.1456
21.083333333333332	0.14579999999999999
21.1	0.14600000000000002
21.116666666666667	0.14639999999999997
21.133333333333333	0.14650000000000002
21.15	0.1467
21.166666666666668	0.14750000000000002
21.183333333333334	0.19329999999999997
21.2	0.23459999999999998
21.216666666666665	0.0826
21.233333333333334	0.11619999999999997
21.25	0.11530000000000001
21.266666666666666	0.1461
21.283333333333335	0.14629999999999999
21.3	0.14650000000000002
21.316666666666666	0.14689999999999998
21.333333333333332	0.1472
21.35	0.14750000000000002
21.366666666666667	0.1478
21.383333333333333	0.14800000000000002
21.4	0.1482
21.416666666666668	0.14839999999999998
21.433333333333334	0.1486
21.45	0.1488
21.466666666666665	0.1491
21.483333333333334	0.1492
21.5	0.14950000000000002
21.516666666666666	0.1497
21.533333333333335	0.14989999999999998
21.55	0.1501
21.566666666666666	0.15039999999999998
21.583333333333332	0.15050000000000002
21.6	0.1508
21.616666666666667	0.15099999999999997
21.633333333333333	0.15050000000000002
21.65	0.13340000000000002
21.666666666666668	0.11599999999999999
21.683333333333334	0.14689999999999998
21.7	0.1512
21.716666666666665	0.1517
21.733333333333334	0.1521
21.75	0.15249999999999997
21.766666666666666	0.1528
21.783333333333335	0.1531
21.8	0.1533
21.816666666666666	0.15360000000000001
21.833333333333332	0.15389999999999998
21.85	0.15410000000000001
21.866666666666667	0.15439999999999998
21.883333333333333	0.15449999999999997
21.9	0.1548
21.916666666666668	0.1552
21.933333333333334	0.1553
21.95	0.15539999999999998
21.966666666666665	0.1557
21.983333333333334	0.15599999999999997
22.0	0.1562
22.016666666666666	0.15649999999999997
22.033333333333335	0.15660000000000002
22.05	0.1568
22.066666666666666	0.1572
22.083333333333332	0.15749999999999997
22.1	0.15760000000000002
22.116666666666667	0.1578
22.133333333333333	0.15799999999999997
22.15	0.1582
22.166666666666668	0.1587
22.183333333333334	0.1588
22.2	0.15889999999999999
22.216666666666665	0.1592
22.233333333333334	0.15949999999999998
22.25	0.1597
22.266666666666666	0.16010000000000002
22.283333333333335	0.1603
22.3	0.16049999999999998
22.316666666666666	0.1607
22.333333333333332	0.1609
22.35	0.1614
22.366666666666667	0.1617
22.383333333333333	0.1619
22.4	0.16210000000000002
22.416666666666668	0.1624
22.433333333333334	0.1628
22.45	0.1629
22.466666666666665	0.1633
22.483333333333334	0.1634
22.5	0.16349999999999998
22.516666666666666	0.1638
22.533333333333335	0.16409999999999997
22.55	0.1643
22.566666666666666	0.16459999999999997
22.583333333333332	0.1648
22.6	0.16499999999999998
22.616666666666667	0.1653
22.633333333333333	0.16549999999999998
22.65	0.16559999999999997
22.666666666666668	0.16599999999999998
22.683333333333334	0.16620000000000001
22.7	0.1664
22.716666666666665	0.16670000000000001
22.733333333333334	0.1669
22.75	0.16709999999999997
22.766666666666666	0.1674
22.783333333333335	0.1684
22.8	0.16820000000000002
22.816666666666666	0.1684
22.833333333333332	0.16859999999999997
22.85	0.1688
22.866666666666667	0.1689
22.883333333333333	0.16909999999999997
22.9	0.1694
22.916666666666668	0.1698
22.933333333333334	0.17049999999999998
22.95	0.17070000000000002
22.966666666666665	0.1719
22.983333333333334	0.17149999999999999
23.0	0.17120000000000002
23.016666666666666	0.17149999999999999
23.033333333333335	0.17159999999999997
23.05	0.17170000000000002
23.066666666666666	0.1728
23.083333333333332	0.17259999999999998
23.1	0.17270000000000002
23.116666666666667	0.1728
23.133333333333333	0.17320000000000002
23.15	0.17309999999999998
23.166666666666668	0.1735
23.183333333333334	0.17370000000000002
23.2	0.1739
23.216666666666665	0.17459999999999998
23.233333333333334	0.1745
23.25	0.17470000000000002
23.266666666666666	0.1754
23.283333333333335	0.1759
23.3	0.17570000000000002
23.316666666666666	0.176
23.333333333333332	0.17609999999999998
23.35	0.17619999999999997
23.366666666666667	0.17669999999999997
23.383333333333333	0.1768
23.4	0.17709999999999998
23.416666666666668	0.1773
23.433333333333334	0.17759999999999998
23.45	0.17759999999999998
23.466666666666665	0.1779
23.483333333333334	0.17819999999999997
23.5	0.1784
23.516666666666666	0.17869999999999997
23.533333333333335	0.17909999999999998
23.55	0.17909999999999998
23.566666666666666	0.17930000000000001
23.583333333333332	0.17959999999999998
23.6	0.1799
23.616666666666667	0.18019999999999997
23.633333333333333	0.18030000000000002
23.65	0.1805
23.666666666666668	0.1809
23.683333333333334	0.1814
23.7	0.1814
23.716666666666665	0.18159999999999998
23.733333333333334	0.18209999999999998
23.75	0.182
23.766666666666666	0.1825
23.783333333333335	0.18280000000000002
23.8	0.1829
23.816666666666666	0.1835
23.833333333333332	0.18359999999999999
23.85	0.18369999999999997
23.866666666666667	0.184
23.883333333333333	0.18430000000000002
23.9	0.1849
23.916666666666668	0.1855
23.933333333333334	0.18530000000000002
23.95	0.1855
23.966666666666665	0.1861
23.983333333333334	0.1864
24.0	0.18630000000000002
24.016666666666666	0.18669999999999998
24.033333333333335	0.18680000000000002
24.05	0.187
24.066666666666666	0.18730000000000002
24.083333333333332	0.1875
24.1	0.18769999999999998
24.116666666666667	0.1881
24.133333333333333	0.18869999999999998
24.15	0.18979999999999997
24.166666666666668	0.1894
24.183333333333334	0.1896
24.2	0.18979999999999997
24.216666666666665	0.18979999999999997
24.233333333333334	0.1905
24.25	0.1901
24.266666666666666	0.1905
24.283333333333335	0.19090000000000001
24.3	0.1911
24.316666666666666	0.19179999999999997
24.333333333333332	0.19240000000000002
24.35	0.19219999999999998
24.366666666666667	0.19219999999999998
24.383333333333333	0.1925
24.4	0.19279999999999997
24.416666666666668	0.1936
24.433333333333334	0.19329999999999997
24.45	0.194
24.466666666666665	0.21989999999999998
24.483333333333334	0.2801
24.5	0.1205
24.516666666666666	0.1629
24.533333333333335	0.183
24.55	0.19079999999999997
24.566666666666666	0.19129999999999997
24.583333333333332	0.19029999999999997
24.6	0.188
24.616666666666667	0.19390000000000002
24.633333333333333	0.19429999999999997
24.65	0.1946
24.666666666666668	0.195
24.683333333333334	0.19529999999999997
24.7	0.19569999999999999
24.716666666666665	0.196
24.733333333333334	0.19619999999999999
24.75	0.1965
24.766666666666666	0.197
24.783333333333335	0.19729999999999998
24.8	0.19740000000000002
24.816666666666666	0.1977
24.833333333333332	0.1981
24.85	0.19829999999999998
24.866666666666667	0.1987
24.883333333333333	0.1936
24.9	0.19829999999999998
24.916666666666668	0.1991
24.933333333333334	0.19979999999999998
24.95	0.20029999999999998
24.966666666666665	0.2006
24.983333333333334	0.2006
25.0	0.20079999999999998
25.016666666666666	0.2012
25.033333333333335	0.2015
25.05	0.20179999999999998
25.066666666666666	0.20229999999999998
25.083333333333332	0.2026
25.1	0.2027
25.116666666666667	0.2031
25.133333333333333	0.20350000000000001
25.15	0.20350000000000001
25.166666666666668	0.20389999999999997
25.183333333333334	0.2041
25.2	0.20439999999999997
25.216666666666665	0.20479999999999998
25.233333333333334	0.2051
25.25	0.20539999999999997
25.266666666666666	0.20579999999999998
25.283333333333335	0.2061
25.3	0.20639999999999997
25.316666666666666	0.20679999999999998
25.333333333333332	0.2072
25.35	0.20750000000000002
25.366666666666667	0.20779999999999998
25.383333333333333	0.20839999999999997
25.4	0.20839999999999997
25.416666666666668	0.2091
25.433333333333334	0.20950000000000002
25.45	0.2096
25.466666666666665	0.2097
25.483333333333334	0.21000000000000002
25.5	0.2102
25.516666666666666	0.2107
25.533333333333335	0.21089999999999998
25.55	0.2113
25.566666666666666	0.2118
25.583333333333332	0.2121
25.6	0.2122
25.616666666666667	0.2126
25.633333333333333	0.21300000000000002
25.65	0.2131
25.666666666666668	0.2137
25.683333333333334	0.2146
25.7	0.2142
25.716666666666665	0.21449999999999997
25.733333333333334	0.2148
25.75	0.21499999999999997
25.766666666666666	0.2156
25.783333333333335	0.2158
25.8	0.21599999999999997
25.816666666666666	0.2163
25.833333333333332	0.2167
25.85	0.21699999999999997
25.866666666666667	0.21739999999999998
25.883333333333333	0.21760000000000002
25.9	0.21789999999999998
25.916666666666668	0.21849999999999997
25.933333333333334	0.2188
25.95	0.21899999999999997
25.966666666666665	0.21949999999999997
25.983333333333334	0.21989999999999998
26.0	0.22039999999999998
26.016666666666666	0.2212
26.033333333333335	0.2218
26.05	0.2222
26.066666666666666	0.22310000000000002
26.083333333333332	0.22260000000000002
26.1	0.2223
26.116666666666667	0.22310000000000002
26.133333333333333	0.22299999999999998
26.15	0.22310000000000002
26.166666666666668	0.2237
26.183333333333334	0.22399999999999998
26.2	0.2248
26.216666666666665	0.2259
26.233333333333334	0.22599999999999998
26.25	0.2264
26.266666666666666	0.22659999999999997
26.283333333333335	0.22870000000000001
26.3	0.2274
26.316666666666666	0.22909999999999997
26.333333333333332	0.2278
26.35	0.2279
26.366666666666667	0.22820000000000001
26.383333333333333	0.2283
26.4	0.2288
26.416666666666668	0.2294
26.433333333333334	0.22949999999999998
26.45	0.22959999999999997
26.466666666666665	0.23020000000000002
26.483333333333334	0.2304
26.5	0.23070000000000002
26.516666666666666	0.23109999999999997
26.533333333333335	0.23149999999999998
26.55	0.2319
26.566666666666666	0.2254
26.583333333333332	0.22849999999999998
26.6	0.23099999999999998
26.616666666666667	0.2323
26.633333333333333	0.2329
26.65	0.2333
26.666666666666668	0.2339
26.683333333333334	0.2343
26.7	0.2348
26.716666666666665	0.2355
26.733333333333334	0.2358
26.75	0.236
26.766666666666666	0.2363
26.783333333333335	0.23670000000000002
26.8	0.23709999999999998
26.816666666666666	0.23759999999999998
26.833333333333332	0.238
26.85	0.2384
26.866666666666667	0.23919999999999997
26.883333333333333	0.2393
26.9	0.23959999999999998
26.916666666666668	0.2403
26.933333333333334	0.24080000000000001
26.95	0.24209999999999998
26.966666666666665	0.2424
26.983333333333334	0.2429
27.0	0.24280000000000002
27.016666666666666	0.24380000000000002
27.033333333333335	0.24330000000000002
27.05	0.24359999999999998
27.066666666666666	0.2444
27.083333333333332	0.2445
27.1	0.24480000000000002
27.116666666666667	0.2454
27.133333333333333	0.246
27.15	0.24280000000000002
27.166666666666668	0.24409999999999998
27.183333333333334	0.24730000000000002
27.2	0.24780000000000002
27.216666666666665	0.2481
27.233333333333334	0.2484
27.25	0.24880000000000002
27.266666666666666	0.24930000000000002
27.283333333333335	0.2502
27.3	0.2511
27.316666666666666	0.2514
27.333333333333332	0.2522
27.35	0.2535
27.366666666666667	0.2535
27.383333333333333	0.2544
27.4	0.2554
27.416666666666668	0.25379999999999997
27.433333333333334	0.2549
27.45	0.2557
27.466666666666665	0.2566
27.483333333333334	0.2556
27.5	0.2562
27.516666666666666	0.2567
27.533333333333335	0.2571
27.55	0.2505
27.566666666666666	0.2544
27.583333333333332	0.25579999999999997
27.6	0.2563
27.616666666666667	0.2572
27.633333333333333	0.2577
27.65	0.2585
27.666666666666668	0.2591
27.683333333333334	0.2595
27.7	0.2598
27.716666666666665	0.2604
27.733333333333334	0.2614
27.75	0.2618
27.766666666666666	0.2625
27.783333333333335	0.263
27.8	0.2635
27.816666666666666	0.2642
27.833333333333332	0.265
27.85	0.2946
27.866666666666667	0.295
27.883333333333333	0.26439999999999997
27.9	0.2223
27.916666666666668	0.2657
27.933333333333334	0.267
27.95	0.26739999999999997
27.966666666666665	0.26839999999999997
27.983333333333334	0.2687
28.0	0.26589999999999997
28.016666666666666	0.2703
28.033333333333335	0.2712
28.05	0.2713
28.066666666666666	0.2615
28.083333333333332	0.2693
28.1	0.2704
28.116666666666667	0.2716
28.133333333333333	0.2725
28.15	0.2731
28.166666666666668	0.2741
28.183333333333334	0.2748
28.2	0.2755
28.216666666666665	0.27649999999999997
28.233333333333334	0.2771
28.25	0.2776
28.266666666666666	0.27849999999999997
28.283333333333335	0.2791
28.3	0.2797
28.316666666666666	0.2806
28.333333333333332	0.2813
28.35	0.2818
28.366666666666667	0.2827
28.383333333333333	0.2835
28.4	0.284
28.416666666666668	0.2851
28.433333333333334	0.2859
28.45	0.2867
28.466666666666665	0.2875
28.483333333333334	0.2882
28.5	0.289
28.516666666666666	0.2897
28.533333333333335	0.2905
28.55	0.2914
28.566666666666666	0.2925
28.583333333333332	0.2935
28.6	0.2943
28.616666666666667	0.2953
28.633333333333333	0.2959
28.65	0.2965
28.666666666666668	0.2975
28.683333333333334	0.2985
28.7	0.2993
28.716666666666665	0.3003
28.733333333333334	0.30119999999999997
28.75	0.3021
28.766666666666666	0.30369999999999997
28.783333333333335	0.3058
28.8	0.3053
28.816666666666666	0.3064
28.833333333333332	0.3075
28.85	0.3084
28.866666666666667	0.3096
28.883333333333333	0.31079999999999997
28.9	0.31179999999999997
28.916666666666668	0.3131
28.933333333333334	0.3144
28.95	0.3155
28.966666666666665	0.31689999999999996
28.983333333333334	0.3183
29.0	0.32
29.016666666666666	0.3217
29.033333333333335	0.3231
29.05	0.32489999999999997
29.066666666666666	0.3271
29.083333333333332	0.3287
29.1	0.3304
29.116666666666667	0.3326
29.133333333333333	0.3346
29.15	0.3368
29.166666666666668	0.3393
29.183333333333334	0.3415
29.2	0.3438
29.216666666666665	0.3466
29.233333333333334	0.3489
29.25	0.35109999999999997
29.266666666666666	0.35319999999999996
29.283333333333335	0.3556
29.3	0.3577
29.316666666666666	0.36019999999999996
29.333333333333332	0.3624
29.35	0.36429999999999996
29.366666666666667	0.3665
29.383333333333333	0.3684
29.4	0.3701
29.416666666666668	0.3722
29.433333333333334	0.3739
29.45	0.3755
29.466666666666665	0.3776
29.483333333333334	0.3792
29.5	0.3805
