XY					
	CURVE1 (new-5mmolar-14btmapaq-CV-nitrogen-300mvps.DTA)[BKS]		CURVE2 (new-5mmolar-14btmapaq-CV-nitrogen-300mvps.DTA)[BKS]		
0.6979	4.63E-05	0.6978	3.54E-05		
0.6938	3.92E-05				
0.6898	3.37E-05				
0.6858	2.97E-05				
0.6818	2.61E-05				
0.6778	2.47E-05				
0.6739	2.27E-05				
0.6698	2.05E-05				
0.6657	1.86E-05				
0.6616	1.68E-05				
0.6578	1.66E-05				
0.6537	1.56E-05				
0.6499	1.42E-05				
0.6458	1.32E-05				
0.6418	1.18E-05				
0.6378	1.21E-05				
0.6339	1.15E-05				
0.6298	1.04E-05				
0.6259	9.77E-06				
0.6219	8.67E-06				
0.6179	9.21E-06				
0.6138	8.86E-06				
0.6099	8.02E-06				
0.6059	7.59E-06				
0.6019	6.68E-06				
0.5979	7.42E-06				
0.5939	7.29E-06				
0.5899	6.62E-06				
0.5859	6.33E-06				
0.5819	5.61E-06				
0.5779	6.49E-06				
0.5739	6.43E-06				
0.5699	5.89E-06				
0.5659	5.69E-06				
0.5619	5.03E-06				
0.5579	5.95E-06				
0.5539	5.93E-06				
0.5499	5.41E-06				
0.546	5.20E-06				
0.5419	4.60E-06				
0.5379	5.49E-06				
0.5339	5.46E-06				
0.5299	4.95E-06				
0.526	4.75E-06				
0.522	4.09E-06				
0.5179	5.00E-06				
0.5139	4.98E-06				
0.5099	4.40E-06				
0.5059	4.23E-06				
0.502	3.54E-06				
0.498	4.44E-06				
0.494	4.40E-06				
0.49	3.85E-06				
0.4859	3.65E-06				
0.482	2.97E-06				
0.478	3.87E-06				
0.474	3.83E-06				
0.4701	3.27E-06				
0.466	3.09E-06				
0.462	2.42E-06				
0.458	3.32E-06				
0.4541	3.24E-06				
0.4501	2.75E-06				
0.4461	2.52E-06				
0.442	1.88E-06				
0.438	2.80E-06				
0.434	2.74E-06				
0.43	2.27E-06				
0.4261	2.02E-06				
0.4221	1.38E-06				
0.4181	2.32E-06				
0.4141	2.25E-06				
0.4101	1.78E-06				
0.4061	1.54E-06				
0.4021	9.31E-07				
0.3982	1.87E-06				
0.3941	1.80E-06				
0.3901	1.31E-06				
0.3862	1.13E-06				
0.3822	4.64E-07				
0.3782	1.43E-06				
0.3742	1.37E-06				
0.3701	8.70E-07				
0.3661	6.93E-07				
0.3622	7.33E-08				
0.3582	1.03E-06				
0.3542	9.42E-07				
0.3502	4.78E-07				
0.3462	2.70E-07				
0.3422	-3.55E-07				
0.3382	6.18E-07				
0.3342	5.79E-07				
0.3302	1.06E-07				
0.3262	-1.17E-07				
0.3222	-7.23E-07				
0.3182	2.62E-07				
0.3142	1.92E-07				
0.3103	-3.07E-07				
0.3062	-5.21E-07				
0.3023	-1.08E-06				
0.29824	-1.26E-07				
0.29428	-1.95E-07				
0.29023	-6.61E-07				
0.28627	-8.87E-07				
0.28226	-1.49E-06				
0.27829	-4.99E-07				
0.27426	-5.82E-07				
0.27033	-1.05E-06				
0.26625	-1.24E-06				
0.26229	-1.85E-06				
0.25827	-8.71E-07				
0.25429	-9.39E-07				
0.25026	-1.40E-06				
0.24634	-1.60E-06				
0.24227	-2.20E-06				
0.23841	-1.24E-06				
0.23428	-1.32E-06				
0.23031	-1.78E-06				
0.22627	-1.93E-06				
0.22235	-2.57E-06				
0.21826	-1.57E-06				
0.21445	-1.66E-06				
0.2103	-2.11E-06				
0.206362	-2.30E-06				
0.202283	-2.88E-06				
0.1983895	-1.90E-06				
0.194283	-1.99E-06				
0.190437	-2.45E-06				
0.18634	-2.63E-06				
0.18236	-3.22E-06				
0.17831	-2.22E-06				
0.1744	-2.35E-06				
0.17029	-2.79E-06				
0.16645	-2.97E-06				
0.16229	-3.55E-06				
0.15841	-2.59E-06				
0.15433	-2.68E-06				
0.15043	-3.10E-06				
0.14632	-3.27E-06				
0.14251	-3.87E-06				
0.13832	-2.89E-06				
0.13444	-3.01E-06				
0.13036	-3.46E-06				
0.12646	-3.64E-06				
0.12233	-4.15E-06				
0.11853	-3.21E-06				
0.11435	-3.30E-06				
0.11061	-3.75E-06				
0.10642	-3.92E-06				
0.10248	-4.46E-06				
0.0984	-3.49E-06				
0.0946	-3.57E-06				
0.0904	-4.00E-06				
0.0866	-4.18E-06				
0.0824	-4.74E-06				
0.0785	-3.75E-06				
0.0744	-3.84E-06				
0.0706	-4.23E-06				
0.0664	-4.44E-06				
0.0626	-4.95E-06				
0.0586	-3.97E-06				
0.0545	-4.05E-06				
0.0505	-4.44E-06				
0.0466	-4.63E-06				
0.0425	-5.16E-06				
0.0386	-4.13E-06				
0.0345	-4.24E-06				
0.0306	-4.62E-06				
0.0265	-4.78E-06				
0.0226	-5.32E-06				
0.0185	-4.30E-06				
0.0146	-4.42E-06				
0.0105	-4.79E-06				
0.0066	-4.95E-06				
0.0026	-5.48E-06				
-0.0014	-4.45E-06				
-0.0054	-4.53E-06				
-0.0093	-4.95E-06				
-0.0134	-5.10E-06				
-0.0173	-5.57E-06				
-0.0214	-4.57E-06				
-0.0254	-4.66E-06				
-0.0294	-5.01E-06				
-0.0333	-5.17E-06				
-0.0373	-5.68E-06				
-0.0413	-4.61E-06				
-0.0453	-4.75E-06				
-0.0493	-5.10E-06				
-0.0534	-5.23E-06				
-0.0573	-5.73E-06				
-0.0613	-4.66E-06				
-0.0653	-4.75E-06				
-0.0693	-5.12E-06				
-0.0733	-5.20E-06				
-0.0773	-5.69E-06				
-0.0813	-4.62E-06				
-0.0853	-4.70E-06				
-0.0893	-5.00E-06				
-0.0933	-5.17E-06				
-0.0973	-5.61E-06				
-0.1013	-4.55E-06				
-0.1053	-4.60E-06				
-0.1093	-4.93E-06				
-0.1133	-5.08E-06				
-0.1173	-5.52E-06				
-0.1213	-4.46E-06				
-0.1253	-4.59E-06				
-0.1293	-4.94E-06				
-0.1333	-5.10E-06				
-0.1373	-5.61E-06				
-0.1413	-4.60E-06				
-0.1452	-4.77E-06				
-0.1493	-5.16E-06				
-0.1533	-5.39E-06				
-0.1573	-5.94E-06				
-0.1613	-4.97E-06				
-0.1652	-5.18E-06				
-0.1692	-5.62E-06				
-0.1733	-5.89E-06				
-0.1773	-6.52E-06				
-0.1813	-5.57E-06				
-0.1852	-5.85E-06				
-0.1892	-6.33E-06				
-0.1932	-6.64E-06				
-0.1972	-7.25E-06				
-0.2012	-6.36E-06				
-0.2052	-6.65E-06				
-0.2092	-7.13E-06				
-0.2132	-7.43E-06				
-0.2171	-8.05E-06				
-0.2211	-7.15E-06				
-0.2251	-7.43E-06				
-0.2292	-7.92E-06				
-0.2331	-8.22E-06				
-0.2371	-8.84E-06				
-0.2411	-7.92E-06				
-0.2451	-8.21E-06				
-0.2491	-8.71E-06				
-0.2531	-9.01E-06				
-0.2571	-9.64E-06				
-0.2611	-8.76E-06				
-0.265	-9.09E-06				
-0.269	-9.67E-06				
-0.273	-1.01E-05				
-0.277	-1.08E-05				
-0.281	-1.01E-05				
-0.285	-1.07E-05				
-0.2889	-1.15E-05				
-0.2929	-1.22E-05				
-0.297	-1.33E-05				
-0.3009	-1.31E-05				
-0.3053	-1.45E-05				
-0.3093	-1.58E-05				
-0.3133	-1.74E-05				
-0.3173	-1.95E-05				
-0.3213	-2.04E-05				
-0.3253	-2.28E-05				
-0.3293	-2.58E-05				
-0.3333	-2.90E-05				
-0.3373	-3.29E-05				
-0.3413	-3.56E-05				
-0.3452	-4.00E-05				
-0.3492	-4.50E-05				
-0.3532	-5.02E-05				
-0.3572	-5.61E-05				
-0.3612	-6.08E-05				
-0.3652	-6.70E-05				
-0.3692	-7.38E-05				
-0.3731	-8.06E-05				
-0.3771	-8.81E-05				
-0.3812	-9.43E-05				
-0.3851	-1.02E-04				
-0.3891	-1.10E-04				
-0.3931	-1.19E-04				
-0.397	-1.28E-04				
-0.4011	-1.36E-04				
-0.405	-1.46E-04				
-0.409	-1.57E-04				
-0.413	-1.68E-04				
-0.417	-1.80E-04				
-0.4209	-1.92E-04				
-0.425	-2.05E-04				
-0.4289	-2.20E-04				
-0.433	-2.35E-04				
-0.4368	-2.51E-04				
-0.4411	-2.69E-04				
-0.4451	-2.85E-04				
-0.4491	-3.02E-04				
-0.4532	-3.17E-04				
-0.4571	-3.33E-04				
-0.4611	-3.47E-04				
-0.4651	-3.60E-04				
-0.4691	-3.72E-04				
-0.4731	-3.82E-04				
-0.4771	-3.91E-04				
-0.4811	-3.96E-04				
-0.4851	-3.99E-04				
-0.4891	-4.01E-04				
-0.493	-4.01E-04				
-0.4971	-4.00E-04				
-0.5011	-3.95E-04				
-0.5051	-3.90E-04				
-0.5091	-3.85E-04				
-0.5131	-3.79E-04				
-0.5171	-3.73E-04				
-0.5211	-3.65E-04				
-0.525	-3.58E-04				
-0.5291	-3.52E-04				
-0.533	-3.45E-04				
-0.537	-3.39E-04				
-0.5411	-3.32E-04				
-0.545	-3.26E-04				
-0.549	-3.21E-04				
-0.553	-3.16E-04				
-0.557	-3.12E-04				
-0.561	-3.06E-04				
-0.565	-3.02E-04				
-0.569	-2.98E-04				
-0.573	-2.94E-04				
-0.577	-2.91E-04				
-0.581	-2.86E-04				
-0.585	-2.83E-04				
-0.589	-2.79E-04				
-0.593	-2.76E-04				
-0.597	-2.73E-04				
-0.601	-2.69E-04				
-0.605	-2.66E-04				
-0.609	-2.64E-04				
-0.613	-2.61E-04				
-0.617	-2.58E-04				
-0.6209	-2.55E-04				
-0.625	-2.52E-04				
-0.6289	-2.50E-04				
-0.6329	-2.48E-04				
-0.6369	-2.45E-04				
-0.641	-2.42E-04				
-0.6449	-2.40E-04				
-0.649	-2.38E-04				
-0.6529	-2.36E-04				
-0.657	-2.34E-04				
-0.6609	-2.31E-04				
-0.665	-2.30E-04				
-0.6689	-2.28E-04				
-0.6729	-2.26E-04				
-0.6766	-2.23E-04				
-0.6807	-2.21E-04				
-0.6846	-2.19E-04				
-0.6887	-2.18E-04				
-0.6926	-2.17E-04				
-0.6966	-2.15E-04				
-0.7006	-2.13E-04				
-0.7046	-2.12E-04				
-0.7086	-2.10E-04				
-0.7127	-2.09E-04				
-0.7166	-2.08E-04				
-0.7207	-2.06E-04				
-0.7246	-2.05E-04				
-0.7286	-2.04E-04				
-0.7326	-2.03E-04				
-0.7366	-2.02E-04				
-0.7406	-2.00E-04				
-0.7446	-1.99E-04				
-0.7486	-1.98E-04				
-0.7526	-1.97E-04				
-0.7566	-1.97E-04				
-0.7606	-1.95E-04				
-0.7646	-1.94E-04				
-0.7686	-1.93E-04				
-0.7726	-1.93E-04				
-0.7766	-1.92E-04				
-0.7806	-1.90E-04				
-0.7846	-1.90E-04				
-0.7886	-1.89E-04				
-0.7926	-1.88E-04				
-0.7966	-1.88E-04				
-0.8006	-1.86E-04				
-0.7966	-1.79E-04				
-0.7926	-1.74E-04				
-0.7886	-1.71E-04				
-0.7847	-1.69E-04				
-0.7806	-1.66E-04				
-0.7766	-1.64E-04				
-0.7726	-1.62E-04				
-0.7687	-1.61E-04				
-0.7646	-1.59E-04				
-0.7606	-1.57E-04				
-0.7566	-1.56E-04				
-0.7527	-1.55E-04				
-0.7486	-1.54E-04				
-0.7447	-1.53E-04				
-0.7407	-1.51E-04				
-0.7367	-1.50E-04				
-0.7326	-1.49E-04				
-0.7287	-1.48E-04				
-0.7246	-1.47E-04				
-0.7207	-1.45E-04				
-0.7167	-1.45E-04				
-0.7128	-1.44E-04				
-0.7086	-1.43E-04				
-0.7048	-1.43E-04				
-0.7006	-1.41E-04				
-0.6968	-1.40E-04				
-0.6927	-1.40E-04				
-0.6888	-1.39E-04				
-0.6847	-1.39E-04				
-0.6809	-1.37E-04				
-0.6767	-1.36E-04				
-0.6728	-1.36E-04				
-0.6687	-1.36E-04				
-0.6648	-1.35E-04				
-0.6608	-1.34E-04				
-0.6569	-1.33E-04				
-0.6527	-1.32E-04				
-0.6489	-1.32E-04				
-0.6448	-1.31E-04				
-0.6409	-1.29E-04				
-0.6368	-1.29E-04				
-0.6329	-1.28E-04				
-0.6287	-1.27E-04				
-0.6249	-1.27E-04				
-0.6208	-1.25E-04				
-0.617	-1.24E-04				
-0.6129	-1.24E-04				
-0.6089	-1.23E-04				
-0.6048	-1.23E-04				
-0.601	-1.20E-04				
-0.5969	-1.20E-04				
-0.593	-1.19E-04				
-0.5889	-1.18E-04				
-0.585	-1.17E-04				
-0.5808	-1.15E-04				
-0.577	-1.14E-04				
-0.5729	-1.13E-04				
-0.569	-1.12E-04				
-0.565	-1.11E-04				
-0.561	-1.08E-04				
-0.557	-1.07E-04				
-0.553	-1.06E-04				
-0.5489	-1.05E-04				
-0.545	-1.04E-04				
-0.541	-1.01E-04				
-0.537	-9.92E-05				
-0.533	-9.74E-05				
-0.529	-9.55E-05				
-0.525	-9.33E-05				
-0.521	-8.95E-05				
-0.517	-8.68E-05				
-0.513	-8.37E-05				
-0.509	-8.00E-05				
-0.505	-7.59E-05				
-0.5011	-6.99E-05				
-0.4971	-6.46E-05				
-0.493	-5.85E-05				
-0.4891	-5.15E-05				
-0.4851	-4.39E-05				
-0.4811	-3.39E-05				
-0.4771	-2.45E-05				
-0.4731	-1.42E-05				
-0.469	-1.91E-06				
-0.4652	9.02E-06				
-0.4613	2.21E-05				
-0.4574	3.40E-05				
-0.4532	4.87E-05				
-0.4493	6.17E-05				
-0.4453	7.47E-05				
-0.4413	8.91E-05				
-0.4374	1.02E-04				
-0.4334	1.14E-04				
-0.4294	1.26E-04				
-0.4254	1.37E-04				
-0.4214	1.49E-04				
-0.4174	1.59E-04				
-0.4134	1.68E-04				
-0.4094	1.77E-04				
-0.4055	1.84E-04				
-0.4014	1.93E-04				
-0.3975	1.99E-04				
-0.3934	2.04E-04				
-0.3895	2.08E-04				
-0.3855	2.12E-04				
-0.3815	2.16E-04				
-0.3775	2.18E-04				
-0.3736	2.19E-04				
-0.3694	2.20E-04				
-0.3656	2.19E-04				
-0.3615	2.20E-04				
-0.3576	2.18E-04				
-0.3535	2.16E-04				
-0.3496	2.14E-04				
-0.3454	2.11E-04				
-0.3416	2.09E-04				
-0.3375	2.05E-04				
-0.3336	2.02E-04				
-0.3295	1.98E-04				
-0.3255	1.94E-04				
-0.3214	1.92E-04				
-0.3176	1.88E-04				
-0.3134	1.84E-04				
-0.3096	1.81E-04				
-0.3055	1.77E-04				
-0.3016	1.75E-04				
-0.2974	1.71E-04				
-0.2936	1.68E-04				
-0.2895	1.65E-04				
-0.2855	1.62E-04				
-0.2815	1.60E-04				
-0.2775	1.57E-04				
-0.2734	1.55E-04				
-0.2696	1.52E-04				
-0.2654	1.50E-04				
-0.2616	1.48E-04				
-0.2575	1.46E-04				
-0.2536	1.44E-04				
-0.2495	1.42E-04				
-0.2456	1.40E-04				
-0.2415	1.39E-04				
-0.2376	1.37E-04				
-0.2335	1.35E-04				
-0.2296	1.33E-04				
-0.2255	1.31E-04				
-0.2217	1.31E-04				
-0.2174	1.29E-04				
-0.2136	1.28E-04				
-0.2095	1.26E-04				
-0.2056	1.24E-04				
-0.2015	1.24E-04				
-0.1975	1.22E-04				
-0.1934	1.21E-04				
-0.1896	1.20E-04				
-0.1855	1.18E-04				
-0.1816	1.18E-04				
-0.1775	1.16E-04				
-0.1736	1.15E-04				
-0.1694	1.14E-04				
-0.1656	1.12E-04				
-0.1615	1.12E-04				
-0.1577	1.10E-04				
-0.1536	1.09E-04				
-0.1496	1.08E-04				
-0.1454	1.06E-04				
-0.1417	1.06E-04				
-0.1375	1.05E-04				
-0.1336	1.04E-04				
-0.1296	1.02E-04				
-0.1256	1.01E-04				
-0.1216	1.01E-04				
-0.1177	9.94E-05				
-0.1135	9.81E-05				
-0.1097	9.69E-05				
-0.1056	9.56E-05				
-0.1017	9.57E-05				
-0.0976	9.43E-05				
-0.0937	9.31E-05				
-0.0895	9.20E-05				
-0.0857	9.08E-05				
-0.0816	9.10E-05				
-0.0777	8.96E-05				
-0.0736	8.85E-05				
-0.0697	8.74E-05				
-0.0655	8.63E-05				
-0.0617	8.66E-05				
-0.0576	8.53E-05				
-0.0537	8.44E-05				
-0.0496	8.34E-05				
-0.0457	8.23E-05				
-0.0415	8.27E-05				
-0.0377	8.15E-05				
-0.0336	8.07E-05				
-0.0298	7.98E-05				
-0.0256	7.88E-05				
-0.0217	7.93E-05				
-0.0175	7.82E-05				
-0.0137	7.74E-05				
-0.0096	7.66E-05				
-0.0057	7.58E-05				
-0.0017	7.63E-05				
0.0022	7.54E-05				
0.0063	7.47E-05				
0.0102	7.40E-05				
0.0144	7.32E-05				
0.0182	7.39E-05				
0.0223	7.30E-05				
0.0262	7.24E-05				
0.0303	7.18E-05				
0.0342	7.12E-05				
0.0383	7.20E-05				
0.0422	7.13E-05				
0.0463	7.08E-05				
0.0502	7.02E-05				
0.0542	6.96E-05				
0.0582	7.04E-05				
0.0623	6.96E-05				
0.0662	6.92E-05				
0.0703	6.87E-05				
0.0742	6.82E-05				
0.0783	6.90E-05				
0.0822	6.83E-05				
0.0863	6.79E-05				
0.0902	6.75E-05				
0.0943	6.70E-05				
0.0982	6.79E-05				
0.10222	6.72E-05				
0.10622	6.68E-05				
0.11031	6.64E-05				
0.1142	6.59E-05				
0.11824	6.68E-05				
0.1222	6.62E-05				
0.12622	6.58E-05				
0.13021	6.54E-05				
0.13421	6.49E-05				
0.13817	6.58E-05				
0.14222	6.51E-05				
0.14619	6.48E-05				
0.1502	6.44E-05				
0.15419	6.39E-05				
0.1582	6.48E-05				
0.16215	6.42E-05				
0.16622	6.38E-05				
0.17018	6.34E-05				
0.17419	6.30E-05				
0.17818	6.39E-05				
0.18218	6.33E-05				
0.18618	6.29E-05				
0.190151	6.25E-05				
0.194172	6.21E-05				
0.1981875	6.30E-05				
0.202174	6.23E-05				
0.206172	6.19E-05				
0.21018	6.15E-05				
0.21412	6.10E-05				
0.21815	6.19E-05				
0.22217	6.12E-05				
0.22613	6.07E-05				
0.23014	6.02E-05				
0.23414	5.97E-05				
0.23811	6.05E-05				
0.24213	5.97E-05				
0.24616	5.92E-05				
0.25014	5.86E-05				
0.25414	5.80E-05				
0.25812	5.87E-05				
0.26215	5.79E-05				
0.26609	5.73E-05				
0.27011	5.67E-05				
0.27412	5.61E-05				
0.2781	5.68E-05				
0.28212	5.59E-05				
0.28613	5.53E-05				
0.29009	5.47E-05				
0.29407	5.40E-05				
0.29809	5.48E-05				
0.3021	5.39E-05				
0.3061	5.34E-05				
0.3101	5.28E-05				
0.3141	5.21E-05				
0.3181	5.28E-05				
0.3221	5.20E-05				
0.3261	5.14E-05				
0.33	5.08E-05				
0.3341	5.02E-05				
0.3381	5.10E-05				
0.3421	5.02E-05				
0.3461	4.97E-05				
0.3501	4.91E-05				
0.3541	4.85E-05				
0.358	4.93E-05				
0.362	4.85E-05				
0.366	4.80E-05				
0.3701	4.75E-05				
0.374	4.69E-05				
0.378	4.77E-05				
0.382	4.70E-05				
0.386	4.65E-05				
0.39	4.60E-05				
0.394	4.55E-05				
0.398	4.63E-05				
0.402	4.56E-05				
0.406	4.52E-05				
0.41	4.47E-05				
0.4139	4.42E-05				
0.418	4.50E-05				
0.422	4.43E-05				
0.426	4.39E-05				
0.4299	4.35E-05				
0.4339	4.30E-05				
0.4379	4.39E-05				
0.4419	4.32E-05				
0.446	4.28E-05				
0.45	4.24E-05				
0.4539	4.19E-05				
0.4579	4.29E-05				
0.4619	4.22E-05				
0.4659	4.18E-05				
0.47	4.15E-05				
0.4739	4.10E-05				
0.4779	4.20E-05				
0.4819	4.13E-05				
0.4859	4.10E-05				
0.4899	4.06E-05				
0.4939	4.02E-05				
0.4979	4.12E-05				
0.5019	4.06E-05				
0.5059	4.03E-05				
0.5099	4.00E-05				
0.5139	3.96E-05				
0.5179	4.06E-05				
0.5219	4.01E-05				
0.5259	3.98E-05				
0.5299	3.95E-05				
0.5339	3.91E-05				
0.5378	4.01E-05				
0.5418	3.96E-05				
0.5459	3.94E-05				
0.5498	3.91E-05				
0.5538	3.87E-05				
0.5578	3.98E-05				
0.5618	3.93E-05				
0.5658	3.91E-05				
0.5699	3.88E-05				
0.5739	3.84E-05				
0.5778	3.95E-05				
0.5818	3.90E-05				
0.5858	3.88E-05				
0.5898	3.85E-05				
0.5938	3.83E-05				
0.5978	3.93E-05				
0.6018	3.88E-05				
0.6058	3.86E-05				
0.6098	3.84E-05				
0.6138	3.80E-05				
0.6178	3.91E-05				
0.6219	3.86E-05				
0.6258	3.84E-05				
0.6298	3.81E-05				
0.6338	3.78E-05				
0.6378	3.88E-05				
0.6418	3.82E-05				
0.6458	3.79E-05				
0.6498	3.76E-05				
0.6538	3.73E-05				
0.6578	3.82E-05				
0.6618	3.77E-05				
0.6658	3.74E-05				
0.6698	3.71E-05				
0.6738	3.67E-05				
0.6778	3.76E-05				
0.6818	3.70E-05				
0.6858	3.67E-05				
0.6898	3.63E-05				
0.6938	3.59E-05				
0.6978	3.69E-05				
					
-1.54E-01	-4.02E-05				
-1.55E-01	-3.94E-05				
-1.56E-01	-3.98E-05				
-1.57E-01	-4.13E-05				
-1.58E-01	-4.09E-05				
-1.59E-01	-4.25E-05				
-1.60E-01	-4.28E-05				
-1.61E-01	-4.14E-05				
-1.62E-01	-4.20E-05				
-1.63E-01	-4.40E-05				
-1.64E-01	-4.46E-05				
-1.65E-01	-4.51E-05				
-1.66E-01	-4.36E-05				
-1.67E-01	-4.55E-05				
-1.68E-01	-4.75E-05				
-1.69E-01	-4.66E-05				
-1.70E-01	-4.65E-05				
-1.71E-01	-4.62E-05				
-1.72E-01	-4.73E-05				
-1.73E-01	-4.84E-05				
-1.74E-01	-4.91E-05				
-1.75E-01	-4.86E-05				
-1.76E-01	-4.93E-05				
-1.77E-01	-5.07E-05				
-1.78E-01	-5.13E-05				
-1.79E-01	-4.96E-05				
-1.80E-01	-5.10E-05				
-1.81E-01	-5.28E-05				
-1.82E-01	-5.28E-05				
-1.83E-01	-5.24E-05				
-1.84E-01	-5.31E-05				
-1.85E-01	-5.50E-05				
-1.86E-01	-5.46E-05				
-1.87E-01	-5.46E-05				
-1.88E-01	-5.51E-05				
-1.89E-01	-5.62E-05				
-1.90E-01	-5.41E-05				
-1.91E-01	-5.63E-05				
-1.92E-01	-5.78E-05				
-1.93E-01	-5.56E-05				
-1.94E-01	-5.86E-05				
-1.95E-01	-5.77E-05				
-1.96E-01	-5.73E-05				
-1.97E-01	-5.87E-05				
-1.98E-01	-5.94E-05				
-1.99E-01	-5.98E-05				
-2.00E-01	-5.88E-05				
-2.01E-01	-5.87E-05				
-2.02E-01	-6.03E-05				
-2.03E-01	-6.08E-05				
-2.04E-01	-6.02E-05				
-2.05E-01	-6.13E-05				
-2.06E-01	-6.19E-05				
-2.07E-01	-6.11E-05				
-2.08E-01	-6.13E-05				
-2.09E-01	-6.15E-05				
-2.10E-01	-6.36E-05				
-2.11E-01	-6.36E-05				
-2.12E-01	-6.39E-05				
-2.13E-01	-6.53E-05				
-2.14E-01	-6.43E-05				
-2.15E-01	-6.38E-05				
-2.16E-01	-6.41E-05				
-2.17E-01	-6.41E-05				
-2.18E-01	-6.68E-05				
-2.19E-01	-6.71E-05				
-2.20E-01	-6.59E-05				
-2.21E-01	-6.84E-05				
-2.22E-01	-6.78E-05				
-2.23E-01	-6.91E-05				
-2.24E-01	-6.83E-05				
-2.25E-01	-7.02E-05				
-2.26E-01	-6.78E-05				
-2.27E-01	-7.11E-05				
-2.28E-01	-7.02E-05				
-2.29E-01	-6.87E-05				
-2.30E-01	-7.11E-05				
-2.31E-01	-7.07E-05				
-2.32E-01	-7.25E-05				
-2.33E-01	-6.99E-05				
-2.34E-01	-7.04E-05				
-2.35E-01	-7.29E-05				
-2.36E-01	-7.37E-05				
-2.37E-01	-7.21E-05				
-2.38E-01	-7.14E-05				
-2.39E-01	-7.21E-05				
-2.40E-01	-7.39E-05				
-2.41E-01	-7.40E-05				
-2.42E-01	-7.31E-05				
-2.43E-01	-7.44E-05				
-2.44E-01	-7.30E-05				
-2.45E-01	-7.53E-05				
-2.46E-01	-7.44E-05				
-2.47E-01	-7.51E-05				
-2.48E-01	-7.64E-05				
-2.49E-01	-7.43E-05				
-2.50E-01	-7.53E-05				
-2.51E-01	-7.71E-05				
-2.52E-01	-7.77E-05				
-2.53E-01	-7.56E-05				
-2.54E-01	-7.75E-05				
-2.55E-01	-7.80E-05				
-2.56E-01	-7.81E-05				
-2.57E-01	-7.82E-05				
-2.58E-01	-7.68E-05				
-2.59E-01	-7.72E-05				
-2.60E-01	-7.72E-05				
-2.61E-01	-7.77E-05				
-2.62E-01	-7.84E-05				
-2.63E-01	-7.93E-05				
-2.64E-01	-7.96E-05				
-2.65E-01	-8.00E-05				
-2.66E-01	-8.05E-05				
-2.67E-01	-7.91E-05				
-2.68E-01	-8.04E-05				
-2.69E-01	-8.09E-05				
-2.70E-01	-8.02E-05				
-2.71E-01	-8.02E-05				
-2.72E-01	-8.36E-05				
-2.73E-01	-8.12E-05				
-2.74E-01	-7.96E-05				
-2.75E-01	-8.07E-05				
-2.76E-01	-8.17E-05				
-2.77E-01	-8.29E-05				
-2.78E-01	-8.21E-05				
-2.79E-01	-8.17E-05				
-2.80E-01	-8.34E-05				
-2.81E-01	-8.61E-05				
-2.82E-01	-8.26E-05				
-2.83E-01	-8.26E-05				
-2.84E-01	-8.39E-05				
-2.85E-01	-8.32E-05				
-2.86E-01	-8.39E-05				
-2.87E-01	-8.39E-05				
-2.88E-01	-8.57E-05				
-2.89E-01	-8.57E-05				
-2.90E-01	-8.46E-05				
-2.91E-01	-8.45E-05				
-2.92E-01	-8.50E-05				
-2.93E-01	-8.74E-05				
-2.94E-01	-8.72E-05				
-2.95E-01	-8.73E-05				
-2.96E-01	-8.76E-05				
-2.97E-01	-8.92E-05				
-2.98E-01	-9.10E-05				
-2.99E-01	-8.84E-05				
-3.00E-01	-9.12E-05				
-3.01E-01	-9.09E-05				
-3.02E-01	-9.17E-05				
-3.03E-01	-9.38E-05				
-3.04E-01	-9.27E-05				
-3.05E-01	-9.41E-05				
-3.06E-01	-9.57E-05				
-3.07E-01	-9.65E-05				
-3.08E-01	-9.60E-05				
-3.09E-01	-9.98E-05				
-3.10E-01	-9.90E-05				
-3.11E-01	-9.91E-05				
-3.12E-01	-1.00E-04				
-3.13E-01	-1.03E-04				
-3.14E-01	-1.03E-04				
-3.15E-01	-1.03E-04				
-3.16E-01	-1.04E-04				
-3.17E-01	-1.06E-04				
-3.18E-01	-1.06E-04				
-3.19E-01	-1.08E-04				
-3.20E-01	-1.10E-04				
-3.21E-01	-1.10E-04				
-3.22E-01	-1.12E-04				
-3.23E-01	-1.13E-04				
-3.24E-01	-1.18E-04				
-3.25E-01	-1.19E-04				
-3.26E-01	-1.20E-04				
-3.27E-01	-1.20E-04				
-3.28E-01	-1.23E-04				
-3.29E-01	-1.25E-04				
-3.30E-01	-1.26E-04				
-3.31E-01	-1.28E-04				
-3.32E-01	-1.33E-04				
-3.33E-01	-1.34E-04				
-3.34E-01	-1.37E-04				
-3.35E-01	-1.39E-04				
-3.36E-01	-1.39E-04				
-3.37E-01	-1.45E-04				
-3.38E-01	-1.46E-04				
-3.39E-01	-1.50E-04				
-3.40E-01	-1.51E-04				
-3.41E-01	-1.56E-04				
-3.42E-01	-1.58E-04				
-3.43E-01	-1.60E-04				
-3.44E-01	-1.65E-04				
-3.45E-01	-1.68E-04				
-3.46E-01	-1.71E-04				
-3.47E-01	-1.74E-04				
-3.48E-01	-1.81E-04				
-3.49E-01	-1.83E-04				
-3.50E-01	-1.87E-04				
-3.51E-01	-1.91E-04				
-3.52E-01	-1.97E-04				
-3.53E-01	-2.00E-04				
-3.54E-01	-2.03E-04				
-3.55E-01	-2.08E-04				
-3.56E-01	-2.12E-04				
-3.57E-01	-2.14E-04				
-3.58E-01	-2.23E-04				
-3.59E-01	-2.26E-04				
-3.60E-01	-2.31E-04				
-3.61E-01	-2.36E-04				
-3.62E-01	-2.37E-04				
-3.63E-01	-2.44E-04				
-3.64E-01	-2.49E-04				
-3.65E-01	-2.53E-04				
-3.66E-01	-2.60E-04				
-3.67E-01	-2.63E-04				
-3.68E-01	-2.69E-04				
-3.69E-01	-2.74E-04				
-3.70E-01	-2.79E-04				
-3.71E-01	-2.85E-04				
-3.72E-01	-2.89E-04				
-3.73E-01	-2.96E-04				
-3.74E-01	-3.00E-04				
-3.75E-01	-3.06E-04				
-3.76E-01	-3.11E-04				
-3.77E-01	-3.17E-04				
-3.78E-01	-3.22E-04				
-3.79E-01	-3.26E-04				
-3.80E-01	-3.33E-04				
-3.81E-01	-3.37E-04				
-3.82E-01	-3.45E-04				
-3.83E-01	-3.49E-04				
-3.84E-01	-3.55E-04				
-3.85E-01	-3.60E-04				
-3.86E-01	-3.64E-04				
-3.87E-01	-3.70E-04				
-3.88E-01	-3.76E-04				
-3.89E-01	-3.82E-04				
-3.90E-01	-3.87E-04				
-3.91E-01	-3.93E-04				
-3.92E-01	-3.98E-04				
-3.93E-01	-4.04E-04				
-3.94E-01	-4.11E-04				
-3.95E-01	-4.14E-04				
-3.96E-01	-4.21E-04				
-3.97E-01	-4.28E-04				
-3.98E-01	-4.31E-04				
-3.99E-01	-4.39E-04				
-4.00E-01	-4.42E-04				
-4.01E-01	-4.49E-04				
-4.02E-01	-4.56E-04				
-4.03E-01	-4.62E-04				
-4.04E-01	-4.66E-04				
-4.05E-01	-4.75E-04				
-4.06E-01	-4.80E-04				
-4.07E-01	-4.85E-04				
-4.08E-01	-4.90E-04				
-4.09E-01	-4.95E-04				
-4.10E-01	-5.03E-04				
-4.11E-01	-5.11E-04				
-4.12E-01	-5.15E-04				
-4.13E-01	-5.22E-04				
-4.14E-01	-5.27E-04				
-4.15E-01	-5.35E-04				
-4.16E-01	-5.41E-04				
-4.17E-01	-5.45E-04				
-4.18E-01	-5.53E-04				
-4.19E-01	-5.61E-04				
-4.20E-01	-5.65E-04				
-4.21E-01	-5.72E-04				
-4.22E-01	-5.79E-04				
-4.23E-01	-5.85E-04				
-4.24E-01	-5.93E-04				
-4.25E-01	-5.98E-04				
-4.26E-01	-6.05E-04				
-4.27E-01	-6.12E-04				
-4.28E-01	-6.21E-04				
-4.29E-01	-6.26E-04				
-4.30E-01	-6.35E-04				
-4.31E-01	-6.40E-04				
-4.32E-01	-6.48E-04				
-4.33E-01	-6.54E-04				
-4.34E-01	-6.59E-04				
-4.35E-01	-6.68E-04				
-4.36E-01	-6.73E-04				
-4.37E-01	-6.82E-04				
-4.38E-01	-6.88E-04				
-4.39E-01	-6.94E-04				
-4.40E-01	-7.02E-04				
-4.41E-01	-7.08E-04				
-4.42E-01	-7.16E-04				
-4.43E-01	-7.20E-04				
-4.44E-01	-7.28E-04				
-4.45E-01	-7.34E-04				
-4.46E-01	-7.42E-04				
-4.47E-01	-7.50E-04				
-4.48E-01	-7.53E-04				
-4.49E-01	-7.61E-04				
-4.50E-01	-7.68E-04				
-4.51E-01	-7.72E-04				
-4.52E-01	-7.80E-04				
-4.53E-01	-7.85E-04				
-4.54E-01	-7.91E-04				
-4.55E-01	-7.99E-04				
-4.56E-01	-8.02E-04				
-4.57E-01	-8.08E-04				
-4.58E-01	-8.14E-04				
-4.59E-01	-8.17E-04				
-4.60E-01	-8.22E-04				
-4.61E-01	-8.30E-04				
-4.62E-01	-8.34E-04				
-4.63E-01	-8.39E-04				
-4.64E-01	-8.42E-04				
-4.65E-01	-8.48E-04				
-4.66E-01	-8.50E-04				
-4.67E-01	-8.55E-04				
-4.68E-01	-8.57E-04				
-4.69E-01	-8.62E-04				
-4.70E-01	-8.64E-04				
-4.71E-01	-8.67E-04				
-4.72E-01	-8.70E-04				
-4.73E-01	-8.74E-04				
-4.74E-01	-8.76E-04				
-4.75E-01	-8.78E-04				
-4.76E-01	-8.77E-04				
-4.77E-01	-8.80E-04				
-4.78E-01	-8.80E-04				
-4.79E-01	-8.81E-04				
-4.80E-01	-8.82E-04				
-4.81E-01	-8.82E-04				
-4.82E-01	-8.83E-04				
-4.83E-01	-8.82E-04				
-4.84E-01	-8.84E-04				
-4.85E-01	-8.82E-04				
-4.86E-01	-8.80E-04				
-4.87E-01	-8.79E-04				
-4.88E-01	-8.79E-04				
-4.89E-01	-8.76E-04				
-4.90E-01	-8.75E-04				
-4.91E-01	-8.72E-04				
-4.92E-01	-8.68E-04				
-4.93E-01	-8.67E-04				
-4.94E-01	-8.64E-04				
-4.95E-01	-8.61E-04				
-4.96E-01	-8.60E-04				
-4.97E-01	-8.55E-04				
-4.98E-01	-8.51E-04				
-4.99E-01	-8.52E-04				
-5.00E-01	-8.45E-04				
-5.01E-01	-8.41E-04				
-5.02E-01	-8.39E-04				
-5.03E-01	-8.34E-04				
-5.04E-01	-8.31E-04				
-5.05E-01	-8.26E-04				
-5.06E-01	-8.23E-04				
-5.07E-01	-8.18E-04				
-5.08E-01	-8.14E-04				
-5.09E-01	-8.09E-04				
-5.10E-01	-8.05E-04				
-5.11E-01	-8.01E-04				
-5.12E-01	-7.97E-04				
-5.13E-01	-7.92E-04				
-5.14E-01	-7.88E-04				
-5.15E-01	-7.84E-04				
-5.16E-01	-7.79E-04				
-5.17E-01	-7.73E-04				
-5.18E-01	-7.71E-04				
-5.19E-01	-7.66E-04				
-5.20E-01	-7.63E-04				
-5.21E-01	-7.58E-04				
-5.22E-01	-7.54E-04				
-5.23E-01	-7.49E-04				
-5.24E-01	-7.45E-04				
-5.25E-01	-7.40E-04				
-5.26E-01	-7.36E-04				
-5.27E-01	-7.31E-04				
-5.28E-01	-7.28E-04				
-5.29E-01	-7.23E-04				
-5.30E-01	-7.19E-04				
-5.31E-01	-7.15E-04				
-5.32E-01	-7.12E-04				
-5.33E-01	-7.07E-04				
-5.34E-01	-7.03E-04				
-5.35E-01	-7.02E-04				
-5.36E-01	-6.96E-04				
-5.37E-01	-6.91E-04				
-5.38E-01	-6.90E-04				
-5.39E-01	-6.85E-04				
-5.40E-01	-6.82E-04				
-5.41E-01	-6.77E-04				
-5.42E-01	-6.75E-04				
-5.43E-01	-6.71E-04				
-5.44E-01	-6.67E-04				
-5.45E-01	-6.65E-04				
-5.46E-01	-6.60E-04				
-5.47E-01	-6.58E-04				
-5.48E-01	-6.55E-04				
-5.49E-01	-6.50E-04				
-5.50E-01	-6.47E-04				
-5.51E-01	-6.45E-04				
-5.52E-01	-6.42E-04				
-5.53E-01	-6.39E-04				
-5.54E-01	-6.37E-04				
-5.55E-01	-6.34E-04				
-5.56E-01	-6.31E-04				
-5.57E-01	-6.27E-04				
-5.58E-01	-6.25E-04				
-5.59E-01	-6.23E-04				
-5.60E-01	-6.19E-04				
-5.61E-01	-6.15E-04				
-5.62E-01	-6.14E-04				
-5.63E-01	-6.09E-04				
-5.64E-01	-6.07E-04				
-5.65E-01	-6.03E-04				
-5.66E-01	-6.01E-04				
-5.67E-01	-5.99E-04				
-5.68E-01	-5.94E-04				
-5.69E-01	-5.93E-04				
-5.70E-01	-5.92E-04				
-5.71E-01	-5.89E-04				
-5.72E-01	-5.85E-04				
-5.73E-01	-5.83E-04				
-5.74E-01	-5.81E-04				
-5.75E-01	-5.79E-04				
-5.76E-01	-5.75E-04				
-5.77E-01	-5.75E-04				
-5.78E-01	-5.70E-04				
-5.79E-01	-5.69E-04				
-5.80E-01	-5.67E-04				
-5.81E-01	-5.64E-04				
-5.82E-01	-5.61E-04				
-5.83E-01	-5.60E-04				
-5.84E-01	-5.57E-04				
-5.85E-01	-5.55E-04				
-5.86E-01	-5.56E-04				
-5.87E-01	-5.50E-04				
-5.88E-01	-5.48E-04				
-5.89E-01	-5.46E-04				
-5.90E-01	-5.44E-04				
-5.91E-01	-5.40E-04				
-5.92E-01	-5.41E-04				
-5.93E-01	-5.36E-04				
-5.94E-01	-5.34E-04				
-5.95E-01	-5.34E-04				
-5.96E-01	-5.30E-04				
-5.97E-01	-5.27E-04				
-5.98E-01	-5.28E-04				
-5.99E-01	-5.24E-04				
-6.00E-01	-5.21E-04				
-6.01E-01	-5.22E-04				
-6.02E-01	-5.17E-04				
-6.03E-01	-5.16E-04				
-6.04E-01	-5.15E-04				
-6.05E-01	-5.14E-04				
-6.06E-01	-5.10E-04				
-6.07E-01	-5.08E-04				
-6.08E-01	-5.08E-04				
-6.09E-01	-5.06E-04				
-6.10E-01	-5.03E-04				
-6.11E-01	-5.01E-04				
-6.12E-01	-5.00E-04				
-6.13E-01	-4.98E-04				
-6.14E-01	-4.97E-04				
-6.15E-01	-4.94E-04				
-6.16E-01	-4.92E-04				
-6.17E-01	-4.89E-04				
-6.18E-01	-4.86E-04				
-6.19E-01	-4.87E-04				
-6.20E-01	-4.84E-04				
-6.21E-01	-4.82E-04				
-6.22E-01	-4.81E-04				
-6.23E-01	-4.81E-04				
-6.24E-01	-4.79E-04				
-6.25E-01	-4.77E-04				
-6.26E-01	-4.73E-04				
-6.27E-01	-4.73E-04				
-6.28E-01	-4.70E-04				
-6.29E-01	-4.70E-04				
-6.30E-01	-4.68E-04				
-6.31E-01	-4.66E-04				
-6.32E-01	-4.65E-04				
-6.33E-01	-4.63E-04				
-6.34E-01	-4.61E-04				
-6.35E-01	-4.60E-04				
-6.36E-01	-4.58E-04				
-6.37E-01	-4.55E-04				
-6.38E-01	-4.55E-04				
-6.39E-01	-4.54E-04				
-6.40E-01	-4.51E-04				
-6.41E-01	-4.50E-04				
-6.42E-01	-4.50E-04				
-6.43E-01	-4.47E-04				
-6.44E-01	-4.48E-04				
-6.45E-01	-4.47E-04				
-6.46E-01	-4.44E-04				
-6.47E-01	-4.42E-04				
-6.48E-01	-4.41E-04				
-6.49E-01	-4.40E-04				
-6.50E-01	-4.39E-04				
-6.51E-01	-4.37E-04				
-6.52E-01	-4.36E-04				
-6.53E-01	-4.34E-04				
-6.54E-01	-4.32E-04				
-6.55E-01	-4.30E-04				
-6.56E-01	-4.31E-04				
-6.57E-01	-4.30E-04				
-6.58E-01	-4.29E-04				
-6.59E-01	-4.26E-04				
-6.60E-01	-4.28E-04				
-6.61E-01	-4.23E-04				
-6.62E-01	-4.23E-04				
-6.63E-01	-4.20E-04				
-6.64E-01	-4.20E-04				
-6.65E-01	-4.18E-04				
-6.66E-01	-4.17E-04				
-6.67E-01	-4.17E-04				
-6.68E-01	-4.16E-04				
-6.69E-01	-4.13E-04				
-6.70E-01	-4.14E-04				
-6.71E-01	-4.12E-04				
-6.72E-01	-4.11E-04				
-6.73E-01	-4.09E-04				
-6.74E-01	-4.09E-04				
-6.75E-01	-4.06E-04				
-6.76E-01	-4.06E-04				
-6.77E-01	-4.05E-04				
-6.78E-01	-4.05E-04				
-6.79E-01	-4.01E-04				
-6.80E-01	-4.02E-04				
-6.81E-01	-4.01E-04				
-6.82E-01	-3.99E-04				
-6.83E-01	-3.99E-04				
-6.84E-01	-3.98E-04				
-6.85E-01	-3.97E-04				
-6.86E-01	-3.94E-04				
-6.87E-01	-3.94E-04				
-6.88E-01	-3.92E-04				
-6.89E-01	-3.91E-04				
-6.90E-01	-3.91E-04				
-6.91E-01	-3.91E-04				
-6.92E-01	-3.90E-04				
-6.93E-01	-3.89E-04				
-6.94E-01	-3.89E-04				
-6.95E-01	-3.84E-04				
-6.96E-01	-3.85E-04				
-6.97E-01	-3.84E-04				
-6.98E-01	-3.85E-04				
-6.99E-01	-3.83E-04				
-7.00E-01	-3.83E-04				
-7.01E-01	-3.82E-04				
-7.02E-01	-3.78E-04				
-7.03E-01	-3.80E-04				
-7.04E-01	-3.78E-04				
-7.05E-01	-3.78E-04				
-7.06E-01	-3.76E-04				
-7.07E-01	-3.75E-04				
-7.08E-01	-3.74E-04				
-7.09E-01	-3.73E-04				
-7.10E-01	-3.72E-04				
-7.11E-01	-3.72E-04				
-7.12E-01	-3.73E-04				
-7.13E-01	-3.71E-04				
-7.14E-01	-3.69E-04				
-7.15E-01	-3.69E-04				
-7.16E-01	-3.67E-04				
-7.17E-01	-3.67E-04				
-7.18E-01	-3.65E-04				
-7.19E-01	-3.68E-04				
-7.20E-01	-3.63E-04				
-7.21E-01	-3.64E-04				
-7.22E-01	-3.63E-04				
-7.23E-01	-3.61E-04				
-7.24E-01	-3.61E-04				
-7.25E-01	-3.62E-04				
-7.26E-01	-3.57E-04				
-7.27E-01	-3.57E-04				
-7.28E-01	-3.57E-04				
-7.29E-01	-3.56E-04				
-7.30E-01	-3.55E-04				
-7.31E-01	-3.54E-04				
-7.32E-01	-3.54E-04				
-7.33E-01	-3.52E-04				
-7.34E-01	-3.52E-04				
-7.35E-01	-3.51E-04				
-7.36E-01	-3.52E-04				
-7.37E-01	-3.50E-04				
-7.38E-01	-3.50E-04				
-7.39E-01	-3.50E-04				
-7.40E-01	-3.47E-04				
-7.41E-01	-3.46E-04				
-7.42E-01	-3.47E-04				
-7.43E-01	-3.45E-04				
-7.44E-01	-3.44E-04				
-7.45E-01	-3.44E-04				
-7.46E-01	-3.43E-04				
-7.47E-01	-3.42E-04				
-7.48E-01	-3.42E-04				
-7.49E-01	-3.42E-04				
-7.50E-01	-3.38E-04				
-7.51E-01	-3.39E-04				
-7.52E-01	-3.39E-04				
-7.53E-01	-3.38E-04				
-7.54E-01	-3.37E-04				
-7.55E-01	-3.37E-04				
-7.56E-01	-3.36E-04				
-7.57E-01	-3.37E-04				
-7.58E-01	-3.36E-04				
-7.59E-01	-3.35E-04				
-7.60E-01	-3.36E-04				
-7.61E-01	-3.33E-04				
-7.62E-01	-3.35E-04				
-7.63E-01	-3.35E-04				
-7.64E-01	-3.33E-04				
-7.65E-01	-3.32E-04				
-7.66E-01	-3.30E-04				
-7.67E-01	-3.31E-04				
-7.68E-01	-3.30E-04				
-7.69E-01	-3.29E-04				
-7.70E-01	-3.28E-04				
-7.71E-01	-3.27E-04				
-7.72E-01	-3.28E-04				
-7.73E-01	-3.27E-04				
-7.74E-01	-3.26E-04				
-7.75E-01	-3.26E-04				
-7.76E-01	-3.26E-04				
-7.77E-01	-3.24E-04				
-7.78E-01	-3.23E-04				
-7.79E-01	-3.24E-04				
-7.80E-01	-3.24E-04				
-7.81E-01	-3.23E-04				
-7.82E-01	-3.21E-04				
-7.83E-01	-3.22E-04				
-7.84E-01	-3.21E-04				
-7.85E-01	-3.22E-04				
-7.86E-01	-3.19E-04				
-7.87E-01	-3.18E-04				
-7.88E-01	-3.19E-04				
-7.89E-01	-3.17E-04				
-7.90E-01	-3.17E-04				
-7.91E-01	-3.17E-04				
-7.92E-01	-3.18E-04				
-7.93E-01	-3.17E-04				
-7.94E-01	-3.14E-04				
-7.95E-01	-3.14E-04				
-7.96E-01	-3.15E-04				
-7.97E-01	-3.13E-04				
-7.98E-01	-3.12E-04				
-7.99E-01	-3.13E-04				
-8.00E-01	-3.13E-04				
-8.01E-01	-3.13E-04				
-8.02E-01	-3.13E-04				
-8.03E-01	-3.13E-04				
-8.04E-01	-3.11E-04				
-8.05E-01	-3.10E-04				
-8.06E-01	-3.10E-04				
-8.07E-01	-3.11E-04				
-8.08E-01	-3.08E-04				
-8.09E-01	-3.07E-04				
-8.10E-01	-3.07E-04				
-8.11E-01	-3.06E-04				
-8.12E-01	-3.06E-04				
-8.13E-01	-3.06E-04				
-8.14E-01	-3.04E-04				
-8.15E-01	-3.06E-04				
-8.16E-01	-3.04E-04				
-8.17E-01	-3.04E-04				
-8.18E-01	-3.04E-04				
-8.19E-01	-3.04E-04				
-8.20E-01	-3.02E-04				
-8.21E-01	-3.02E-04				
-8.22E-01	-3.02E-04				
-8.23E-01	-3.01E-04				
-8.24E-01	-3.00E-04				
-8.25E-01	-3.00E-04				
-8.26E-01	-3.00E-04				
-8.27E-01	-2.99E-04				
-8.28E-01	-2.97E-04				
-8.29E-01	-2.99E-04				
-8.30E-01	-2.98E-04				
-8.31E-01	-2.99E-04				
-8.32E-01	-2.96E-04				
-8.33E-01	-2.97E-04				
-8.34E-01	-2.97E-04				
-8.35E-01	-2.96E-04				
-8.36E-01	-2.96E-04				
-8.37E-01	-2.96E-04				
-8.38E-01	-2.93E-04				
-8.39E-01	-2.95E-04				
-8.40E-01	-2.93E-04				
-8.41E-01	-2.95E-04				
-8.42E-01	-2.93E-04				
-8.43E-01	-2.93E-04				
-8.44E-01	-2.93E-04				
-8.45E-01	-2.91E-04				
-8.46E-01	-2.93E-04				
-8.47E-01	-2.92E-04				
-8.48E-01	-2.90E-04				
-8.49E-01	-2.90E-04				
-8.50E-01	-2.91E-04				
-8.51E-01	-2.90E-04				
-8.52E-01	-2.90E-04				
-8.53E-01	-2.90E-04				
-8.54E-01	-2.88E-04				
-8.55E-01	-2.89E-04				
-8.56E-01	-2.88E-04				
-8.57E-01	-2.86E-04				
-8.58E-01	-2.86E-04				
-8.59E-01	-2.87E-04				
-8.60E-01	-2.86E-04				
-8.61E-01	-2.86E-04				
-8.62E-01	-2.86E-04				
-8.63E-01	-2.85E-04				
-8.64E-01	-2.86E-04				
-8.65E-01	-2.85E-04				
-8.66E-01	-2.84E-04				
-8.67E-01	-2.86E-04				
-8.68E-01	-2.84E-04				
-8.69E-01	-2.86E-04				
-8.70E-01	-2.82E-04				
-8.71E-01	-2.83E-04				
-8.72E-01	-2.83E-04				
-8.73E-01	-2.80E-04				
-8.74E-01	-2.86E-04				
-8.75E-01	-2.81E-04				
-8.76E-01	-2.82E-04				
-8.77E-01	-2.81E-04				
-8.78E-01	-2.81E-04				
-8.79E-01	-2.80E-04				
-8.80E-01	-2.80E-04				
-8.81E-01	-2.79E-04				
-8.82E-01	-2.79E-04				
-8.83E-01	-2.79E-04				
-8.84E-01	-2.78E-04				
-8.85E-01	-2.79E-04				
-8.86E-01	-2.79E-04				
-8.87E-01	-2.78E-04				
-8.88E-01	-2.78E-04				
-8.89E-01	-2.77E-04				
-8.90E-01	-2.78E-04				
-8.91E-01	-2.75E-04				
-8.92E-01	-2.77E-04				
-8.93E-01	-2.75E-04				
-8.94E-01	-2.77E-04				
-8.95E-01	-2.74E-04				
-8.96E-01	-2.76E-04				
-8.97E-01	-2.77E-04				
-8.98E-01	-2.76E-04				
-8.99E-01	-2.74E-04				
-9.00E-01	-2.74E-04				
-9.01E-01	-2.73E-04				
-9.02E-01	-2.74E-04				
-9.01E-01	-2.67E-04				
-9.00E-01	-2.63E-04				
-8.99E-01	-2.61E-04				
-8.98E-01	-2.59E-04				
-8.97E-01	-2.58E-04				
-8.96E-01	-2.56E-04				
-8.95E-01	-2.54E-04				
-8.94E-01	-2.52E-04				
-8.93E-01	-2.51E-04				
-8.92E-01	-2.50E-04				
-8.91E-01	-2.50E-04				
-8.90E-01	-2.48E-04				
-8.89E-01	-2.48E-04				
-8.88E-01	-2.48E-04				
-8.87E-01	-2.47E-04				
-8.86E-01	-2.45E-04				
-8.85E-01	-2.43E-04				
-8.84E-01	-2.43E-04				
-8.83E-01	-2.42E-04				
-8.82E-01	-2.42E-04				
-8.81E-01	-2.41E-04				
-8.80E-01	-2.41E-04				
-8.79E-01	-2.38E-04				
-8.78E-01	-2.38E-04				
-8.77E-01	-2.37E-04				
-8.76E-01	-2.36E-04				
-8.75E-01	-2.37E-04				
-8.74E-01	-2.36E-04				
-8.73E-01	-2.36E-04				
-8.72E-01	-2.36E-04				
-8.71E-01	-2.35E-04				
-8.70E-01	-2.34E-04				
-8.69E-01	-2.34E-04				
-8.68E-01	-2.34E-04				
-8.67E-01	-2.32E-04				
-8.66E-01	-2.32E-04				
-8.65E-01	-2.31E-04				
-8.64E-01	-2.31E-04				
-8.63E-01	-2.30E-04				
-8.62E-01	-2.29E-04				
-8.61E-01	-2.29E-04				
-8.60E-01	-2.29E-04				
-8.59E-01	-2.29E-04				
-8.58E-01	-2.29E-04				
-8.57E-01	-2.29E-04				
-8.56E-01	-2.28E-04				
-8.55E-01	-2.27E-04				
-8.54E-01	-2.26E-04				
-8.53E-01	-2.27E-04				
-8.52E-01	-2.26E-04				
-8.51E-01	-2.25E-04				
-8.50E-01	-2.25E-04				
-8.49E-01	-2.24E-04				
-8.48E-01	-2.24E-04				
-8.47E-01	-2.25E-04				
-8.46E-01	-2.24E-04				
-8.45E-01	-2.24E-04				
-8.44E-01	-2.23E-04				
-8.43E-01	-2.23E-04				
-8.42E-01	-2.22E-04				
-8.41E-01	-2.22E-04				
-8.40E-01	-2.22E-04				
-8.39E-01	-2.22E-04				
-8.38E-01	-2.21E-04				
-8.37E-01	-2.21E-04				
-8.36E-01	-2.21E-04				
-8.35E-01	-2.20E-04				
-8.34E-01	-2.21E-04				
-8.33E-01	-2.20E-04				
-8.32E-01	-2.21E-04				
-8.31E-01	-2.18E-04				
-8.30E-01	-2.19E-04				
-8.29E-01	-2.18E-04				
-8.28E-01	-2.18E-04				
-8.27E-01	-2.20E-04				
-8.26E-01	-2.19E-04				
-8.25E-01	-2.18E-04				
-8.24E-01	-2.16E-04				
-8.23E-01	-2.18E-04				
-8.22E-01	-2.14E-04				
-8.21E-01	-2.16E-04				
-8.20E-01	-2.14E-04				
-8.19E-01	-2.14E-04				
-8.18E-01	-2.14E-04				
-8.17E-01	-2.16E-04				
-8.16E-01	-2.13E-04				
-8.15E-01	-2.14E-04				
-8.14E-01	-2.12E-04				
-8.13E-01	-2.13E-04				
-8.12E-01	-2.14E-04				
-8.11E-01	-2.13E-04				
-8.10E-01	-2.12E-04				
-8.09E-01	-2.11E-04				
-8.08E-01	-2.13E-04				
-8.07E-01	-2.13E-04				
-8.06E-01	-2.11E-04				
-8.05E-01	-2.11E-04				
-8.04E-01	-2.11E-04				
-8.03E-01	-2.11E-04				
-8.02E-01	-2.10E-04				
-8.01E-01	-2.10E-04				
-8.00E-01	-2.10E-04				
-7.99E-01	-2.09E-04				
-7.98E-01	-2.10E-04				
-7.97E-01	-2.08E-04				
-7.96E-01	-2.08E-04				
-7.95E-01	-2.08E-04				
-7.94E-01	-2.09E-04				
-7.93E-01	-2.08E-04				
-7.92E-01	-2.08E-04				
-7.91E-01	-2.09E-04				
-7.90E-01	-2.08E-04				
-7.89E-01	-2.08E-04				
-7.88E-01	-2.07E-04				
-7.87E-01	-2.09E-04				
-7.86E-01	-2.07E-04				
-7.85E-01	-2.07E-04				
-7.84E-01	-2.08E-04				
-7.83E-01	-2.08E-04				
-7.82E-01	-2.07E-04				
-7.81E-01	-2.06E-04				
-7.80E-01	-2.04E-04				
-7.79E-01	-2.06E-04				
-7.78E-01	-2.07E-04				
-7.77E-01	-2.06E-04				
-7.76E-01	-2.06E-04				
-7.75E-01	-2.03E-04				
-7.74E-01	-2.04E-04				
-7.73E-01	-2.03E-04				
-7.72E-01	-2.04E-04				
-7.71E-01	-2.02E-04				
-7.70E-01	-2.04E-04				
-7.69E-01	-2.04E-04				
-7.68E-01	-2.03E-04				
-7.67E-01	-2.03E-04				
-7.66E-01	-2.04E-04				
-7.65E-01	-2.01E-04				
-7.64E-01	-2.01E-04				
-7.63E-01	-2.03E-04				
-7.62E-01	-2.02E-04				
-7.61E-01	-2.01E-04				
-7.60E-01	-2.00E-04				
-7.59E-01	-2.02E-04				
-7.58E-01	-1.99E-04				
-7.57E-01	-2.00E-04				
-7.56E-01	-2.01E-04				
-7.55E-01	-2.00E-04				
-7.54E-01	-1.98E-04				
-7.53E-01	-2.00E-04				
-7.52E-01	-1.99E-04				
-7.51E-01	-1.98E-04				
-7.50E-01	-2.00E-04				
-7.49E-01	-1.96E-04				
-7.48E-01	-1.99E-04				
-7.47E-01	-1.98E-04				
-7.46E-01	-1.98E-04				
-7.45E-01	-1.97E-04				
-7.44E-01	-1.99E-04				
-7.43E-01	-1.98E-04				
-7.42E-01	-1.97E-04				
-7.41E-01	-1.97E-04				
-7.40E-01	-1.96E-04				
-7.39E-01	-1.96E-04				
-7.38E-01	-1.97E-04				
-7.37E-01	-1.96E-04				
-7.36E-01	-1.96E-04				
-7.35E-01	-1.95E-04				
-7.34E-01	-1.97E-04				
-7.33E-01	-1.96E-04				
-7.32E-01	-1.95E-04				
-7.31E-01	-1.94E-04				
-7.30E-01	-1.94E-04				
-7.29E-01	-1.93E-04				
-7.28E-01	-1.96E-04				
-7.27E-01	-1.93E-04				
-7.26E-01	-1.95E-04				
-7.25E-01	-1.95E-04				
-7.24E-01	-1.94E-04				
-7.23E-01	-1.94E-04				
-7.22E-01	-1.94E-04				
-7.21E-01	-1.95E-04				
-7.20E-01	-1.93E-04				
-7.19E-01	-1.93E-04				
-7.18E-01	-1.92E-04				
-7.17E-01	-1.93E-04				
-7.16E-01	-1.91E-04				
-7.15E-01	-1.89E-04				
-7.14E-01	-1.92E-04				
-7.13E-01	-1.92E-04				
-7.12E-01	-1.92E-04				
-7.11E-01	-1.90E-04				
-7.10E-01	-1.90E-04				
-7.09E-01	-1.94E-04				
-7.08E-01	-1.89E-04				
-7.07E-01	-1.90E-04				
-7.06E-01	-1.90E-04				
-7.05E-01	-1.90E-04				
-7.04E-01	-1.90E-04				
-7.03E-01	-1.90E-04				
-7.02E-01	-1.89E-04				
-7.01E-01	-1.88E-04				
-7.00E-01	-1.88E-04				
-6.99E-01	-1.90E-04				
-6.98E-01	-1.86E-04				
-6.97E-01	-1.87E-04				
-6.96E-01	-1.87E-04				
-6.95E-01	-1.88E-04				
-6.94E-01	-1.89E-04				
-6.93E-01	-1.89E-04				
-6.92E-01	-1.86E-04				
-6.91E-01	-1.87E-04				
-6.90E-01	-1.88E-04				
-6.89E-01	-1.87E-04				
-6.88E-01	-1.85E-04				
-6.87E-01	-1.86E-04				
-6.86E-01	-1.86E-04				
-6.85E-01	-1.88E-04				
-6.84E-01	-1.86E-04				
-6.83E-01	-1.84E-04				
-6.82E-01	-1.84E-04				
-6.81E-01	-1.85E-04				
-6.80E-01	-1.85E-04				
-6.79E-01	-1.85E-04				
-6.78E-01	-1.84E-04				
-6.77E-01	-1.86E-04				
-6.76E-01	-1.84E-04				
-6.75E-01	-1.84E-04				
-6.74E-01	-1.84E-04				
-6.73E-01	-1.84E-04				
-6.72E-01	-1.82E-04				
-6.71E-01	-1.81E-04				
-6.70E-01	-1.82E-04				
-6.69E-01	-1.84E-04				
-6.68E-01	-1.82E-04				
-6.67E-01	-1.82E-04				
-6.66E-01	-1.83E-04				
-6.65E-01	-1.81E-04				
-6.64E-01	-1.83E-04				
-6.63E-01	-1.82E-04				
-6.62E-01	-1.81E-04				
-6.61E-01	-1.82E-04				
-6.60E-01	-1.81E-04				
-6.59E-01	-1.81E-04				
-6.58E-01	-1.81E-04				
-6.57E-01	-1.81E-04				
-6.56E-01	-1.80E-04				
-6.55E-01	-1.82E-04				
-6.54E-01	-1.81E-04				
-6.53E-01	-1.80E-04				
-6.52E-01	-1.80E-04				
-6.51E-01	-1.79E-04				
-6.50E-01	-1.82E-04				
-6.49E-01	-1.79E-04				
-6.48E-01	-1.79E-04				
-6.47E-01	-1.78E-04				
-6.46E-01	-1.79E-04				
-6.45E-01	-1.77E-04				
-6.44E-01	-1.80E-04				
-6.43E-01	-1.79E-04				
-6.42E-01	-1.81E-04				
-6.41E-01	-1.78E-04				
-6.40E-01	-1.78E-04				
-6.39E-01	-1.77E-04				
-6.38E-01	-1.77E-04				
-6.37E-01	-1.77E-04				
-6.36E-01	-1.79E-04				
-6.35E-01	-1.78E-04				
-6.34E-01	-1.77E-04				
-6.33E-01	-1.77E-04				
-6.32E-01	-1.77E-04				
-6.31E-01	-1.75E-04				
-6.30E-01	-1.77E-04				
-6.29E-01	-1.77E-04				
-6.28E-01	-1.76E-04				
-6.27E-01	-1.75E-04				
-6.26E-01	-1.76E-04				
-6.25E-01	-1.76E-04				
-6.24E-01	-1.73E-04				
-6.23E-01	-1.73E-04				
-6.22E-01	-1.74E-04				
-6.21E-01	-1.75E-04				
-6.20E-01	-1.73E-04				
-6.19E-01	-1.75E-04				
-6.18E-01	-1.75E-04				
-6.17E-01	-1.73E-04				
-6.16E-01	-1.73E-04				
-6.15E-01	-1.74E-04				
-6.14E-01	-1.71E-04				
-6.13E-01	-1.73E-04				
-6.12E-01	-1.73E-04				
-6.11E-01	-1.73E-04				
-6.10E-01	-1.73E-04				
-6.09E-01	-1.72E-04				
-6.08E-01	-1.72E-04				
-6.07E-01	-1.70E-04				
-6.06E-01	-1.71E-04				
-6.05E-01	-1.70E-04				
-6.04E-01	-1.70E-04				
-6.03E-01	-1.71E-04				
-6.02E-01	-1.71E-04				
-6.01E-01	-1.71E-04				
-6.00E-01	-1.70E-04				
-5.99E-01	-1.71E-04				
-5.98E-01	-1.70E-04				
-5.97E-01	-1.70E-04				
-5.96E-01	-1.70E-04				
-5.95E-01	-1.70E-04				
-5.94E-01	-1.70E-04				
-5.93E-01	-1.69E-04				
-5.92E-01	-1.69E-04				
-5.91E-01	-1.67E-04				
-5.90E-01	-1.67E-04				
-5.89E-01	-1.67E-04				
-5.88E-01	-1.66E-04				
-5.87E-01	-1.67E-04				
-5.86E-01	-1.65E-04				
-5.85E-01	-1.67E-04				
-5.84E-01	-1.67E-04				
-5.83E-01	-1.67E-04				
-5.82E-01	-1.66E-04				
-5.81E-01	-1.67E-04				
-5.80E-01	-1.65E-04				
-5.79E-01	-1.66E-04				
-5.78E-01	-1.64E-04				
-5.77E-01	-1.66E-04				
-5.76E-01	-1.63E-04				
-5.75E-01	-1.66E-04				
-5.74E-01	-1.63E-04				
-5.73E-01	-1.64E-04				
-5.72E-01	-1.64E-04				
-5.71E-01	-1.64E-04				
-5.70E-01	-1.63E-04				
-5.69E-01	-1.65E-04				
-5.68E-01	-1.62E-04				
-5.67E-01	-1.62E-04				
-5.66E-01	-1.62E-04				
-5.65E-01	-1.63E-04				
-5.64E-01	-1.61E-04				
-5.63E-01	-1.60E-04				
-5.62E-01	-1.60E-04				
-5.61E-01	-1.59E-04				
-5.60E-01	-1.59E-04				
-5.59E-01	-1.60E-04				
-5.58E-01	-1.63E-04				
-5.57E-01	-1.60E-04				
-5.56E-01	-1.59E-04				
-5.55E-01	-1.59E-04				
-5.54E-01	-1.56E-04				
-5.53E-01	-1.58E-04				
-5.52E-01	-1.56E-04				
-5.51E-01	-1.58E-04				
-5.50E-01	-1.58E-04				
-5.49E-01	-1.57E-04				
-5.48E-01	-1.56E-04				
-5.47E-01	-1.54E-04				
-5.46E-01	-1.53E-04				
-5.45E-01	-1.54E-04				
-5.44E-01	-1.55E-04				
-5.43E-01	-1.53E-04				
-5.42E-01	-1.53E-04				
-5.41E-01	-1.52E-04				
-5.40E-01	-1.51E-04				
-5.39E-01	-1.53E-04				
-5.38E-01	-1.51E-04				
-5.37E-01	-1.51E-04				
-5.36E-01	-1.51E-04				
-5.35E-01	-1.51E-04				
-5.34E-01	-1.50E-04				
-5.33E-01	-1.50E-04				
-5.32E-01	-1.49E-04				
-5.31E-01	-1.48E-04				
-5.30E-01	-1.49E-04				
-5.29E-01	-1.49E-04				
-5.28E-01	-1.48E-04				
-5.27E-01	-1.48E-04				
-5.26E-01	-1.47E-04				
-5.25E-01	-1.46E-04				
-5.24E-01	-1.45E-04				
-5.23E-01	-1.43E-04				
-5.22E-01	-1.44E-04				
-5.21E-01	-1.43E-04				
-5.20E-01	-1.42E-04				
-5.19E-01	-1.42E-04				
-5.18E-01	-1.41E-04				
-5.17E-01	-1.41E-04				
-5.16E-01	-1.41E-04				
-5.15E-01	-1.40E-04				
-5.14E-01	-1.38E-04				
-5.13E-01	-1.38E-04				
-5.12E-01	-1.38E-04				
-5.11E-01	-1.37E-04				
-5.10E-01	-1.36E-04				
-5.09E-01	-1.35E-04				
-5.08E-01	-1.36E-04				
-5.07E-01	-1.33E-04				
-5.06E-01	-1.36E-04				
-5.05E-01	-1.34E-04				
-5.04E-01	-1.31E-04				
-5.03E-01	-1.32E-04				
-5.02E-01	-1.31E-04				
-5.01E-01	-1.30E-04				
-5.00E-01	-1.30E-04				
-4.99E-01	-1.28E-04				
-4.98E-01	-1.26E-04				
-4.97E-01	-1.24E-04				
-4.96E-01	-1.24E-04				
-4.95E-01	-1.24E-04				
-4.94E-01	-1.23E-04				
-4.93E-01	-1.22E-04				
-4.92E-01	-1.22E-04				
-4.91E-01	-1.20E-04				
-4.90E-01	-1.17E-04				
-4.89E-01	-1.18E-04				
-4.88E-01	-1.16E-04				
-4.87E-01	-1.15E-04				
-4.86E-01	-1.15E-04				
-4.85E-01	-1.15E-04				
-4.84E-01	-1.14E-04				
-4.83E-01	-1.12E-04				
-4.82E-01	-1.11E-04				
-4.81E-01	-1.09E-04				
-4.80E-01	-1.09E-04				
-4.79E-01	-1.06E-04				
-4.78E-01	-1.07E-04				
-4.77E-01	-1.07E-04				
-4.76E-01	-1.05E-04				
-4.75E-01	-1.04E-04				
-4.74E-01	-1.05E-04				
-4.73E-01	-1.02E-04				
-4.72E-01	-1.02E-04				
-4.71E-01	-1.01E-04				
-4.70E-01	-1.00E-04				
-4.69E-01	-9.88E-05				
-4.68E-01	-9.57E-05				
-4.67E-01	-9.82E-05				
-4.66E-01	-9.40E-05				
-4.65E-01	-9.42E-05				
-4.64E-01	-9.48E-05				
-4.63E-01	-9.25E-05				
-4.62E-01	-9.30E-05				
-4.61E-01	-9.01E-05				
-4.60E-01	-8.91E-05				
-4.59E-01	-8.77E-05				
-4.58E-01	-8.69E-05				
-4.57E-01	-8.71E-05				
-4.56E-01	-8.55E-05				
-4.55E-01	-8.35E-05				
-4.54E-01	-8.20E-05				
-4.53E-01	-8.27E-05				
-4.52E-01	-7.97E-05				
-4.51E-01	-8.06E-05				
-4.50E-01	-7.79E-05				
-4.49E-01	-7.88E-05				
-4.48E-01	-7.75E-05				
-4.47E-01	-7.61E-05				
-4.46E-01	-7.47E-05				
-4.45E-01	-7.44E-05				
-4.44E-01	-7.09E-05				
-4.43E-01	-7.28E-05				
-4.42E-01	-7.07E-05				
-4.41E-01	-6.93E-05				
-4.40E-01	-6.82E-05				
-4.39E-01	-6.81E-05				
-4.38E-01	-6.65E-05				
-4.37E-01	-6.68E-05				
-4.36E-01	-6.41E-05				
-4.35E-01	-6.49E-05				
-4.34E-01	-6.38E-05				
-4.33E-01	-6.29E-05				
-4.32E-01	-5.93E-05				
-4.31E-01	-6.00E-05				
-4.30E-01	-5.85E-05				
-4.29E-01	-5.72E-05				
-4.28E-01	-5.72E-05				
-4.27E-01	-5.43E-05				
-4.26E-01	-5.49E-05				
-4.25E-01	-5.34E-05				
-4.24E-01	-5.25E-05				
-4.23E-01	-5.15E-05				
-4.22E-01	-5.07E-05				
-4.21E-01	-5.11E-05				
-4.20E-01	-4.62E-05				
-4.19E-01	-4.54E-05				
-4.18E-01	-4.72E-05				
-4.17E-01	-4.50E-05				
-4.16E-01	-4.39E-05				
-4.15E-01	-4.36E-05				
-4.14E-01	-4.10E-05				
-4.13E-01	-4.14E-05				
-4.12E-01	-4.04E-05				
-4.11E-01	-3.95E-05				
-4.10E-01	-3.84E-05				
-4.09E-01	-3.75E-05				
-4.08E-01	-3.39E-05				
-4.07E-01	-3.54E-05				
-4.06E-01	-3.33E-05				
-4.05E-01	-3.24E-05				
-4.04E-01	-3.18E-05				
-4.03E-01	-3.13E-05				
-4.02E-01	-2.79E-05				
-4.01E-01	-2.74E-05				
-4.00E-01	-2.76E-05				
-3.99E-01	-2.43E-05				
-3.98E-01	-2.53E-05				
-3.97E-01	-2.26E-05				
-3.96E-01	-2.30E-05				
-3.95E-01	-2.16E-05				
-3.94E-01	-2.02E-05				
-3.93E-01	-1.95E-05				
-3.92E-01	-1.75E-05				
-3.91E-01	-1.55E-05				
-3.90E-01	-1.42E-05				
-3.89E-01	-1.40E-05				
-3.88E-01	-1.21E-05				
-3.87E-01	-1.15E-05				
-3.86E-01	-1.13E-05				
-3.85E-01	-9.44E-06				
-3.84E-01	-7.77E-06				
-3.83E-01	-4.51E-06				
-3.82E-01	-5.93E-06				
-3.81E-01	-4.43E-06				
-3.80E-01	-2.34E-06				
-3.79E-01	-1.67E-06				
-3.78E-01	1.67E-06				
-3.77E-01	4.43E-06				
-3.76E-01	5.51E-06				
-3.75E-01	3.68E-06				
-3.74E-01	5.85E-06				
-3.73E-01	8.52E-06				
-3.72E-01	8.61E-06				
-3.71E-01	1.16E-05				
-3.70E-01	1.18E-05				
-3.69E-01	1.25E-05				
-3.68E-01	1.35E-05				
-3.67E-01	1.54E-05				
-3.66E-01	1.66E-05				
-3.65E-01	1.78E-05				
-3.64E-01	1.86E-05				
-3.63E-01	2.01E-05				
-3.62E-01	2.06E-05				
-3.61E-01	2.17E-05				
-3.60E-01	2.28E-05				
-3.59E-01	2.27E-05				
-3.58E-01	2.52E-05				
-3.57E-01	2.69E-05				
-3.56E-01	2.82E-05				
-3.55E-01	2.80E-05				
-3.54E-01	2.95E-05				
-3.53E-01	3.21E-05				
-3.52E-01	3.26E-05				
-3.51E-01	3.33E-05				
-3.50E-01	3.38E-05				
-3.49E-01	3.54E-05				
-3.48E-01	3.63E-05				
-3.47E-01	3.69E-05				
-3.46E-01	3.69E-05				
-3.45E-01	3.91E-05				
-3.44E-01	3.99E-05				
-3.43E-01	3.92E-05				
-3.42E-01	4.19E-05				
-3.41E-01	4.24E-05				
-3.40E-01	4.09E-05				
-3.39E-01	4.38E-05				
-3.38E-01	4.49E-05				
-3.37E-01	4.48E-05				
-3.36E-01	4.51E-05				
-3.35E-01	4.67E-05				
-3.34E-01	4.98E-05				
-3.33E-01	4.91E-05				
-3.32E-01	4.85E-05				
-3.31E-01	5.14E-05				
-3.30E-01	5.10E-05				
-3.29E-01	5.17E-05				
-3.28E-01	5.20E-05				
-3.27E-01	5.35E-05				
-3.26E-01	5.26E-05				
-3.25E-01	5.46E-05				
-3.24E-01	5.59E-05				
-3.23E-01	5.49E-05				
-3.22E-01	5.65E-05				
-3.21E-01	5.59E-05				
-3.20E-01	5.90E-05				
-3.19E-01	5.75E-05				
-3.18E-01	5.93E-05				
-3.17E-01	5.99E-05				
-3.16E-01	5.74E-05				
-3.15E-01	6.16E-05				
-3.14E-01	5.87E-05				
-3.13E-01	6.22E-05				
-3.12E-01	6.00E-05				
-3.11E-01	6.13E-05				
-3.10E-01	6.02E-05				
-3.09E-01	6.22E-05				
-3.08E-01	6.48E-05				
-3.07E-01	6.46E-05				
-3.06E-01	6.52E-05				
-3.05E-01	6.51E-05				
-3.04E-01	6.62E-05				
-3.03E-01	6.46E-05				
-3.02E-01	6.59E-05				
-3.01E-01	6.46E-05				
-3.00E-01	6.59E-05				
-2.99E-01	6.73E-05				
-2.98E-01	6.63E-05				
-2.97E-01	6.65E-05				
-2.96E-01	6.62E-05				
-2.95E-01	6.72E-05				
-2.94E-01	6.92E-05				
-2.93E-01	6.84E-05				
-2.92E-01	6.68E-05				
-2.91E-01	6.82E-05				
-2.90E-01	6.83E-05				
-2.89E-01	6.97E-05				
-2.88E-01	6.95E-05				
-2.87E-01	7.04E-05				
-2.86E-01	7.23E-05				
-2.85E-01	7.04E-05				
-2.84E-01	6.94E-05				
-2.83E-01	7.09E-05				
-2.82E-01	6.97E-05				
-2.81E-01	7.07E-05				
-2.80E-01	7.07E-05				
-2.79E-01	7.04E-05				
-2.78E-01	7.06E-05				
-2.77E-01	7.09E-05				
-2.76E-01	6.99E-05				
-2.75E-01	7.14E-05				
-2.74E-01	7.02E-05				
-2.73E-01	7.00E-05				
-2.72E-01	6.98E-05				
-2.71E-01	6.99E-05				
-2.70E-01	7.15E-05				
-2.69E-01	7.06E-05				
-2.68E-01	7.09E-05				
-2.67E-01	6.97E-05				
-2.66E-01	6.93E-05				
-2.65E-01	7.15E-05				
-2.64E-01	7.24E-05				
-2.63E-01	7.23E-05				
-2.62E-01	7.01E-05				
-2.61E-01	7.30E-05				
-2.60E-01	7.17E-05				
-2.59E-01	7.05E-05				
-2.58E-01	7.16E-05				
-2.57E-01	7.06E-05				
-2.56E-01	7.16E-05				
-2.55E-01	7.17E-05				
-2.54E-01	7.09E-05				
-2.53E-01	7.09E-05				
-2.52E-01	7.19E-05				
-2.51E-01	7.17E-05				
-2.50E-01	7.15E-05				
-2.49E-01	7.04E-05				
-2.48E-01	6.99E-05				
-2.47E-01	6.97E-05				
-2.46E-01	7.17E-05				
-2.45E-01	7.06E-05				
-2.44E-01	7.09E-05				
-2.43E-01	7.00E-05				
-2.42E-01	7.16E-05				
-2.41E-01	6.99E-05				
-2.40E-01	6.95E-05				
-2.39E-01	7.04E-05				
-2.38E-01	7.14E-05				
-2.37E-01	7.13E-05				
-2.36E-01	7.09E-05				
-2.35E-01	6.97E-05				
-2.34E-01	6.97E-05				
-2.33E-01	7.00E-05				
-2.32E-01	7.10E-05				
-2.31E-01	7.09E-05				
-2.30E-01	6.92E-05				
-2.29E-01	6.82E-05				
-2.28E-01	6.85E-05				
-2.27E-01	6.84E-05				
-2.26E-01	6.92E-05				
-2.25E-01	6.82E-05				
-2.24E-01	7.05E-05				
-2.23E-01	6.96E-05				
-2.22E-01	6.92E-05				
-2.21E-01	6.82E-05				
-2.20E-01	6.93E-05				
-2.19E-01	7.03E-05				
-2.18E-01	6.88E-05				
-2.17E-01	6.82E-05				
-2.16E-01	6.87E-05				
-2.15E-01	6.68E-05				
-2.14E-01	6.90E-05				
-2.13E-01	6.79E-05				
-2.12E-01	6.74E-05				
-2.11E-01	6.84E-05				
-2.10E-01	6.76E-05				
-2.09E-01	6.85E-05				
-2.08E-01	6.82E-05				
-2.07E-01	6.64E-05				
-2.06E-01	6.78E-05				
-2.05E-01	6.68E-05				
-2.04E-01	6.88E-05				
-2.03E-01	6.83E-05				
-2.02E-01	6.66E-05				
-2.01E-01	6.58E-05				
-2.00E-01	6.58E-05				
-1.99E-01	6.69E-05				
-1.98E-01	6.68E-05				
-1.97E-01	6.75E-05				
-1.96E-01	6.59E-05				
-1.95E-01	6.73E-05				
-1.94E-01	6.58E-05				
-1.93E-01	6.68E-05				
-1.92E-01	6.47E-05				
-1.91E-01	6.69E-05				
-1.90E-01	6.55E-05				
-1.89E-01	6.47E-05				
-1.88E-01	6.46E-05				
-1.87E-01	6.60E-05				
-1.86E-01	6.56E-05				
-1.85E-01	6.54E-05				
-1.84E-01	6.48E-05				
-1.83E-01	6.52E-05				
-1.82E-01	6.63E-05				
-1.81E-01	6.46E-05				
-1.80E-01	6.53E-05				
-1.79E-01	6.53E-05				
-1.78E-01	6.39E-05				
-1.77E-01	6.43E-05				
-1.76E-01	6.66E-05				
-1.75E-01	6.43E-05				
-1.74E-01	6.42E-05				
-1.73E-01	6.45E-05				
-1.72E-01	6.40E-05				
-1.71E-01	6.63E-05				
-1.70E-01	6.44E-05				
-1.69E-01	6.44E-05				
-1.68E-01	6.40E-05				
-1.67E-01	6.17E-05				
-1.66E-01	6.36E-05				
-1.65E-01	6.24E-05				
-1.64E-01	6.58E-05				
-1.63E-01	6.15E-05				
-1.62E-01	6.26E-05				
-1.61E-01	6.30E-05				
-1.60E-01	6.33E-05				
-1.59E-01	6.10E-05				
-1.58E-01	6.10E-05				
-1.57E-01	6.24E-05				
-1.56E-01	6.27E-05				
-1.55E-01	6.12E-05				
-1.54E-01	6.17E-05				
-1.53E-01	6.28E-05				
-1.52E-01	6.17E-05				
-1.51E-01	6.14E-05				
-1.50E-01	6.15E-05				
-1.49E-01	6.07E-05				
-1.48E-01	6.02E-05				
-1.47E-01	6.03E-05				
-1.46E-01	6.16E-05				
-1.45E-01	6.08E-05				
-1.44E-01	6.01E-05				
-1.43E-01	5.86E-05				
-1.42E-01	6.02E-05				
-1.41E-01	5.92E-05				
-1.40E-01	5.77E-05				
-1.39E-01	5.99E-05				
-1.38E-01	5.83E-05				
-1.37E-01	5.83E-05				
-1.36E-01	5.88E-05				
-1.35E-01	5.89E-05				
-1.34E-01	5.67E-05				
-1.33E-01	5.92E-05				
-1.32E-01	5.86E-05				
-1.31E-01	5.68E-05				
-1.30E-01	5.84E-05				
-1.29E-01	5.72E-05				
-1.28E-01	5.61E-05				
-1.27E-01	5.67E-05				
-1.26E-01	5.73E-05				
-1.25E-01	5.67E-05				
-1.24E-01	5.87E-05				
-1.23E-01	5.62E-05				
-1.22E-01	5.56E-05				
-1.21E-01	5.53E-05				
-1.20E-01	5.54E-05				
-1.19E-01	5.54E-05				
-1.18E-01	5.67E-05				
-1.17E-01	5.46E-05				
-1.16E-01	5.47E-05				
-1.15E-01	5.64E-05				
-1.14E-01	5.60E-05				
-1.13E-01	5.54E-05				
-1.12E-01	5.56E-05				
-1.11E-01	5.56E-05				
-1.10E-01	5.48E-05				
-1.09E-01	5.51E-05				
-1.08E-01	5.34E-05				
-1.07E-01	5.56E-05				
-1.06E-01	5.35E-05				
-1.05E-01	5.51E-05				
-1.04E-01	5.25E-05				
-1.03E-01	5.29E-05				
-1.02E-01	5.40E-05				
-1.01E-01	5.37E-05				
-1.00E-01	5.33E-05				
-9.91E-02	5.23E-05				
-9.81E-02	5.23E-05				
-9.70E-02	5.44E-05				
-9.60E-02	5.36E-05				
-9.50E-02	5.26E-05				
-9.41E-02	5.37E-05				
-9.30E-02	5.24E-05				
-9.22E-02	5.14E-05				
-9.10E-02	5.19E-05				
-9.00E-02	5.24E-05				
-8.91E-02	5.12E-05				
-8.81E-02	5.34E-05				
-8.72E-02	5.37E-05				
-8.60E-02	5.30E-05				
-8.50E-02	5.14E-05				
-8.40E-02	5.02E-05				
-8.30E-02	5.21E-05				
-8.20E-02	5.19E-05				
-8.11E-02	5.11E-05				
-8.01E-02	4.90E-05				
-7.91E-02	5.00E-05				
-7.81E-02	5.06E-05				
-7.70E-02	5.06E-05				
-7.61E-02	5.11E-05				
-7.51E-02	5.03E-05				
-7.41E-02	5.08E-05				
-7.30E-02	5.14E-05				
-7.21E-02	5.19E-05				
-7.10E-02	5.11E-05				
-7.01E-02	5.12E-05				
-6.90E-02	5.06E-05				
-6.81E-02	5.06E-05				
-6.70E-02	5.06E-05				
-6.62E-02	5.15E-05				
-6.51E-02	5.01E-05				
-6.41E-02	5.01E-05				
-6.32E-02	4.92E-05				
-6.21E-02	4.93E-05				
-6.11E-02	5.03E-05				
-6.01E-02	5.11E-05				
-5.91E-02	5.03E-05				
-5.81E-02	4.96E-05				
-5.70E-02	4.95E-05				
-5.61E-02	4.96E-05				
-5.51E-02	5.12E-05				
-5.41E-02	5.03E-05				
-5.31E-02	5.15E-05				
-5.21E-02	5.11E-05				
-5.11E-02	5.06E-05				
-5.01E-02	5.09E-05				
-4.90E-02	5.16E-05				
-4.81E-02	5.00E-05				
-4.71E-02	5.11E-05				
-4.61E-02	5.06E-05				
-4.51E-02	5.17E-05				
-4.40E-02	5.13E-05				
-4.30E-02	5.12E-05				
-4.21E-02	5.30E-05				
-4.11E-02	5.18E-05				
-4.01E-02	5.12E-05				
-3.91E-02	5.17E-05				
-3.81E-02	5.06E-05				
-3.70E-02	5.22E-05				
-3.61E-02	5.38E-05				
-3.51E-02	5.20E-05				
-3.41E-02	5.31E-05				
-3.30E-02	5.27E-05				
-3.21E-02	5.36E-05				
-3.11E-02	5.33E-05				
-3.01E-02	5.41E-05				
-2.90E-02	5.47E-05				
-2.81E-02	5.37E-05				
-2.70E-02	5.26E-05				
-2.61E-02	5.43E-05				
-2.51E-02	5.62E-05				
-2.41E-02	5.50E-05				
-2.31E-02	5.46E-05				
-2.21E-02	5.39E-05				
-2.11E-02	5.56E-05				
-2.01E-02	5.50E-05				
-1.91E-02	5.62E-05				
-1.81E-02	5.46E-05				
-1.70E-02	5.56E-05				
-1.61E-02	5.46E-05				
-1.52E-02	5.71E-05				
-1.41E-02	5.77E-05				
-1.31E-02	5.74E-05				
-1.21E-02	5.64E-05				
-1.10E-02	5.63E-05				
-1.01E-02	5.80E-05				
-9.00E-03	5.97E-05				
-8.10E-03	5.77E-05				
-7.10E-03	5.82E-05				
-6.10E-03	5.87E-05				
-5.00E-03	5.88E-05				
-4.10E-03	6.03E-05				
-3.10E-03	5.96E-05				
-2.10E-03	5.89E-05				
-1.10E-03	6.02E-05				
-8.00E-05	5.92E-05				
9.20E-04	6.03E-05				
1.87E-03	6.07E-05				
2.97E-03	6.12E-05				
3.87E-03	6.04E-05				
4.92E-03	6.13E-05				
5.92E-03	6.07E-05				
6.91E-03	6.17E-05				
7.90E-03	6.22E-05				
8.91E-03	6.17E-05				
9.97E-03	6.31E-05				
1.08E-02	6.32E-05				
1.19E-02	6.38E-05				
1.29E-02	6.50E-05				
1.39E-02	6.45E-05				
1.49E-02	6.62E-05				
1.59E-02	6.43E-05				
1.69E-02	6.60E-05				
1.80E-02	6.66E-05				
1.89E-02	6.83E-05				
1.99E-02	6.71E-05				
2.10E-02	6.88E-05				
2.19E-02	7.05E-05				
2.29E-02	6.70E-05				
2.38E-02	6.78E-05				
2.49E-02	6.98E-05				
2.59E-02	7.13E-05				
2.69E-02	7.09E-05				
2.79E-02	7.09E-05				
2.89E-02	7.27E-05				
2.99E-02	7.23E-05				
3.09E-02	7.26E-05				
3.19E-02	7.49E-05				
3.29E-02	7.40E-05				
3.39E-02	7.50E-05				
3.49E-02	7.33E-05				
3.59E-02	7.54E-05				
3.69E-02	7.55E-05				
3.78E-02	7.51E-05				
3.88E-02	7.64E-05				
3.99E-02	7.78E-05				
4.08E-02	7.80E-05				
4.19E-02	7.90E-05				
4.29E-02	7.90E-05				
4.39E-02	8.02E-05				
4.50E-02	7.97E-05				
4.59E-02	8.03E-05				
4.69E-02	7.90E-05				
4.79E-02	8.11E-05				
4.88E-02	8.26E-05				
4.99E-02	8.30E-05				
5.09E-02	8.38E-05				
5.19E-02	8.51E-05				
5.29E-02	8.56E-05				
5.39E-02	8.70E-05				
5.49E-02	8.57E-05				
5.59E-02	8.79E-05				
5.70E-02	8.83E-05				
5.79E-02	8.78E-05				
5.90E-02	8.97E-05				
5.99E-02	9.05E-05				
6.09E-02	9.17E-05				
6.18E-02	9.27E-05				
6.28E-02	9.18E-05				
6.39E-02	9.36E-05				
6.48E-02	9.27E-05				
6.59E-02	9.42E-05				
6.69E-02	9.45E-05				
6.79E-02	9.68E-05				
6.89E-02	9.79E-05				
6.99E-02	9.74E-05				
7.09E-02	9.90E-05				
7.19E-02	1.01E-04				
7.30E-02	1.03E-04				
7.39E-02	1.02E-04				
7.49E-02	1.03E-04				
7.59E-02	1.05E-04				
7.69E-02	1.04E-04				
7.79E-02	1.08E-04				
7.89E-02	1.06E-04				
7.99E-02	1.09E-04				
8.09E-02	1.09E-04				
8.19E-02	1.09E-04				
8.29E-02	1.11E-04				
8.38E-02	1.12E-04				
8.50E-02	1.14E-04				
8.59E-02	1.15E-04				
8.68E-02	1.19E-04				
8.78E-02	1.18E-04				
8.88E-02	1.19E-04				
8.99E-02	1.21E-04				
9.08E-02	1.22E-04				
9.18E-02	1.24E-04				
9.28E-02	1.24E-04				
9.38E-02	1.26E-04				
9.49E-02	1.30E-04				
9.59E-02	1.30E-04				
9.68E-02	1.33E-04				
9.79E-02	1.35E-04				
9.89E-02	1.35E-04				
9.99E-02	1.35E-04				
1.01E-01	1.37E-04				
1.02E-01	1.39E-04				
1.03E-01	1.40E-04				
1.04E-01	1.42E-04				
1.05E-01	1.44E-04				
1.06E-01	1.45E-04				
1.07E-01	1.49E-04				
1.08E-01	1.50E-04				
1.09E-01	1.50E-04				
1.10E-01	1.54E-04				
1.11E-01	1.55E-04				
1.12E-01	1.58E-04				
1.13E-01	1.60E-04				
1.14E-01	1.62E-04				
1.15E-01	1.63E-04				
1.16E-01	1.65E-04				
1.17E-01	1.67E-04				
1.18E-01	1.69E-04				
1.19E-01	1.73E-04				
1.20E-01	1.73E-04				
1.21E-01	1.77E-04				
1.22E-01	1.79E-04				
1.23E-01	1.81E-04				
1.24E-01	1.84E-04				
1.25E-01	1.85E-04				
1.26E-01	1.90E-04				
1.27E-01	1.92E-04				
1.28E-01	1.93E-04				
1.29E-01	1.96E-04				
1.30E-01	1.99E-04				
1.31E-01	2.03E-04				
1.32E-01	2.05E-04				
1.33E-01	2.07E-04				
1.34E-01	2.10E-04				
1.35E-01	2.14E-04				
1.36E-01	2.17E-04				
1.37E-01	2.22E-04				
1.38E-01	2.24E-04				
1.39E-01	2.27E-04				
1.40E-01	2.30E-04				
1.41E-01	2.33E-04				
1.42E-01	2.36E-04				
1.43E-01	2.38E-04				
1.44E-01	2.43E-04				
1.45E-01	2.46E-04				
1.46E-01	2.49E-04				
1.47E-01	2.53E-04				
1.48E-01	2.56E-04				
1.49E-01	2.60E-04				
1.50E-01	2.63E-04				
1.51E-01	2.67E-04				
1.52E-01	2.72E-04				
1.53E-01	2.74E-04				
1.54E-01	2.80E-04				
1.55E-01	2.83E-04				
1.56E-01	2.88E-04				
1.57E-01	2.90E-04				
1.58E-01	2.95E-04				
1.59E-01	3.00E-04				
1.60E-01	3.03E-04				
1.61E-01	3.07E-04				
1.62E-01	3.12E-04				
1.63E-01	3.16E-04				
1.64E-01	3.22E-04				
1.65E-01	3.22E-04				
1.66E-01	3.27E-04				
1.67E-01	3.33E-04				
1.68E-01	3.38E-04				
1.69E-01	3.42E-04				
1.70E-01	3.45E-04				
1.71E-01	3.51E-04				
1.72E-01	3.56E-04				
1.73E-01	3.59E-04				
1.74E-01	3.68E-04				
1.75E-01	3.70E-04				
1.76E-01	3.75E-04				
1.77E-01	3.80E-04				
1.78E-01	3.84E-04				
1.79E-01	3.89E-04				
1.80E-01	3.95E-04				
1.81E-01	3.97E-04				
1.82E-01	4.04E-04				
1.83E-01	4.07E-04				
1.84E-01	4.12E-04				
1.85E-01	4.18E-04				
1.86E-01	4.20E-04				
1.87E-01	4.27E-04				
1.88E-01	4.33E-04				
1.89E-01	4.35E-04				
1.90E-01	4.40E-04				
1.91E-01	4.44E-04				
1.92E-01	4.50E-04				
1.93E-01	4.54E-04				
1.94E-01	4.58E-04				
1.95E-01	4.63E-04				
1.96E-01	4.67E-04				
1.97E-01	4.72E-04				
1.98E-01	4.77E-04				
1.99E-01	4.82E-04				
2.00E-01	4.85E-04				
2.01E-01	4.89E-04				
2.02E-01	4.94E-04				
2.03E-01	4.99E-04				
2.04E-01	5.03E-04				
2.05E-01	5.06E-04				
2.06E-01	5.11E-04				
2.07E-01	5.13E-04				
2.08E-01	5.18E-04				
2.09E-01	5.22E-04				
2.10E-01	5.26E-04				
2.11E-01	5.30E-04				
2.12E-01	5.33E-04				
2.13E-01	5.36E-04				
2.14E-01	5.40E-04				
2.15E-01	5.43E-04				
2.16E-01	5.45E-04				
2.17E-01	5.47E-04				
2.18E-01	5.47E-04				
2.19E-01	5.52E-04				
2.20E-01	5.54E-04				
2.21E-01	5.60E-04				
2.22E-01	5.60E-04				
2.23E-01	5.63E-04				
2.24E-01	5.64E-04				
2.25E-01	5.67E-04				
2.26E-01	5.68E-04				
2.27E-01	5.69E-04				
2.28E-01	5.70E-04				
2.29E-01	5.71E-04				
2.30E-01	5.72E-04				
2.31E-01	5.74E-04				
2.32E-01	5.74E-04				
2.33E-01	5.71E-04				
2.34E-01	5.73E-04				
2.35E-01	5.75E-04				
2.36E-01	5.74E-04				
2.37E-01	5.73E-04				
2.38E-01	5.74E-04				
2.39E-01	5.72E-04				
2.40E-01	5.72E-04				
2.41E-01	5.71E-04				
2.42E-01	5.70E-04				
2.43E-01	5.67E-04				
2.44E-01	5.66E-04				
2.45E-01	5.66E-04				
2.46E-01	5.65E-04				
2.47E-01	5.63E-04				
2.48E-01	5.59E-04				
2.49E-01	5.57E-04				
2.50E-01	5.54E-04				
2.51E-01	5.52E-04				
2.52E-01	5.50E-04				
2.53E-01	5.47E-04				
2.54E-01	5.44E-04				
2.55E-01	5.42E-04				
2.56E-01	5.40E-04				
2.57E-01	5.35E-04				
2.58E-01	5.33E-04				
2.59E-01	5.29E-04				
2.60E-01	5.28E-04				
2.61E-01	5.20E-04				
2.62E-01	5.18E-04				
2.63E-01	5.13E-04				
2.64E-01	5.12E-04				
2.65E-01	5.08E-04				
2.66E-01	5.05E-04				
2.67E-01	4.99E-04				
2.68E-01	4.97E-04				
2.69E-01	4.94E-04				
2.70E-01	4.89E-04				
2.71E-01	4.84E-04				
2.72E-01	4.80E-04				
2.73E-01	4.78E-04				
2.74E-01	4.74E-04				
2.75E-01	4.68E-04				
2.76E-01	4.66E-04				
2.77E-01	4.62E-04				
2.78E-01	4.59E-04				
2.79E-01	4.54E-04				
2.80E-01	4.50E-04				
2.81E-01	4.46E-04				
2.82E-01	4.44E-04				
2.83E-01	4.39E-04				
2.84E-01	4.36E-04				
2.85E-01	4.33E-04				
2.86E-01	4.29E-04				
2.87E-01	4.28E-04				
2.88E-01	4.22E-04				
2.89E-01	4.20E-04				
2.90E-01	4.17E-04				
2.91E-01	4.12E-04				
2.92E-01	4.08E-04				
2.93E-01	4.07E-04				
2.94E-01	4.03E-04				
2.95E-01	3.99E-04				
2.96E-01	3.97E-04				
2.97E-01	3.94E-04				
2.98E-01	3.92E-04				
2.99E-01	3.89E-04				
3.00E-01	3.84E-04				
3.01E-01	3.82E-04				
3.02E-01	3.79E-04				
3.03E-01	3.76E-04				
3.04E-01	3.75E-04				
3.05E-01	3.72E-04				
3.06E-01	3.68E-04				
3.07E-01	3.64E-04				
3.08E-01	3.63E-04				
3.09E-01	3.59E-04				
3.10E-01	3.59E-04				
3.11E-01	3.57E-04				
3.12E-01	3.53E-04				
3.13E-01	3.51E-04				
3.14E-01	3.48E-04				
3.15E-01	3.44E-04				
3.16E-01	3.43E-04				
3.17E-01	3.42E-04				
3.18E-01	3.39E-04				
3.19E-01	3.38E-04				
3.20E-01	3.35E-04				
3.21E-01	3.34E-04				
3.22E-01	3.32E-04				
3.23E-01	3.30E-04				
3.24E-01	3.27E-04				
3.25E-01	3.24E-04				
3.26E-01	3.24E-04				
3.27E-01	3.23E-04				
3.28E-01	3.18E-04				
3.29E-01	3.17E-04				
3.30E-01	3.16E-04				
3.31E-01	3.14E-04				
3.32E-01	3.12E-04				
3.33E-01	3.11E-04				
3.34E-01	3.10E-04				
3.35E-01	3.08E-04				
3.36E-01	3.06E-04				
3.37E-01	3.02E-04				
3.38E-01	3.00E-04				
3.39E-01	3.01E-04				
3.40E-01	2.99E-04				
3.41E-01	2.99E-04				
3.42E-01	2.97E-04				
3.43E-01	2.95E-04				
3.44E-01	2.92E-04				
3.45E-01	2.91E-04				
3.46E-01	2.90E-04				
3.47E-01	2.89E-04				
3.48E-01	2.87E-04				
3.49E-01	2.85E-04				
3.50E-01	2.85E-04				
3.51E-01	2.84E-04				
3.52E-01	2.83E-04				
3.53E-01	2.80E-04				
3.54E-01	2.77E-04				
3.55E-01	2.79E-04				
3.56E-01	2.76E-04				
3.57E-01	2.77E-04				
3.58E-01	2.74E-04				
3.59E-01	2.71E-04				
3.60E-01	2.69E-04				
3.61E-01	2.68E-04				
3.62E-01	2.70E-04				
3.63E-01	2.69E-04				
3.64E-01	2.66E-04				
3.65E-01	2.66E-04				
3.66E-01	2.65E-04				
3.67E-01	2.61E-04				
3.68E-01	2.63E-04				
3.69E-01	2.60E-04				
3.70E-01	2.61E-04				
3.71E-01	2.60E-04				
3.72E-01	2.59E-04				
3.73E-01	2.57E-04				
3.74E-01	2.56E-04				
3.75E-01	2.55E-04				
3.76E-01	2.55E-04				
3.77E-01	2.54E-04				
3.78E-01	2.53E-04				
3.79E-01	2.51E-04				
3.80E-01	2.49E-04				
3.81E-01	2.49E-04				
3.82E-01	2.47E-04				
3.83E-01	2.48E-04				
3.84E-01	2.48E-04				
3.85E-01	2.47E-04				
3.86E-01	2.45E-04				
3.87E-01	2.44E-04				
3.88E-01	2.44E-04				
3.89E-01	2.43E-04				
3.90E-01	2.43E-04				
3.91E-01	2.40E-04				
3.92E-01	2.39E-04				
3.93E-01	2.40E-04				
3.94E-01	2.38E-04				
3.95E-01	2.38E-04				
3.96E-01	2.36E-04				
3.97E-01	2.38E-04				
3.98E-01	2.35E-04				
3.99E-01	2.35E-04				
4.00E-01	2.35E-04				
4.01E-01	2.32E-04				
4.02E-01	2.33E-04				
4.03E-01	2.32E-04				
4.04E-01	2.32E-04				
4.05E-01	2.31E-04				
4.06E-01	2.29E-04				
4.07E-01	2.30E-04				
4.08E-01	2.29E-04				
4.09E-01	2.27E-04				
4.10E-01	2.27E-04				
4.11E-01	2.26E-04				
4.12E-01	2.26E-04				
4.13E-01	2.26E-04				
4.14E-01	2.25E-04				
4.15E-01	2.24E-04				
4.16E-01	2.23E-04				
4.17E-01	2.23E-04				
4.18E-01	2.20E-04				
4.19E-01	2.22E-04				
4.20E-01	2.20E-04				
4.21E-01	2.20E-04				
4.22E-01	2.20E-04				
4.23E-01	2.20E-04				
4.24E-01	2.20E-04				
4.25E-01	2.18E-04				
4.26E-01	2.18E-04				
4.27E-01	2.18E-04				
4.28E-01	2.17E-04				
4.29E-01	2.16E-04				
4.30E-01	2.17E-04				
4.31E-01	2.15E-04				
4.32E-01	2.16E-04				
4.33E-01	2.13E-04				
4.34E-01	2.14E-04				
4.35E-01	2.14E-04				
4.36E-01	2.13E-04				
4.37E-01	2.13E-04				
4.38E-01	2.11E-04				
4.39E-01	2.13E-04				
4.40E-01	2.10E-04				
4.41E-01	2.10E-04				
4.42E-01	2.11E-04				
4.43E-01	2.10E-04				
4.44E-01	2.10E-04				
4.45E-01	2.09E-04				
4.46E-01	2.07E-04				
4.47E-01	2.08E-04				
4.48E-01	2.08E-04				
4.49E-01	2.06E-04				
4.50E-01	2.05E-04				
4.51E-01	2.05E-04				
4.52E-01	2.08E-04				
4.53E-01	2.05E-04				
4.54E-01	2.05E-04				
4.55E-01	2.03E-04				
4.56E-01	2.05E-04				
4.57E-01	2.04E-04				
4.58E-01	2.02E-04				
4.59E-01	2.01E-04				
4.60E-01	2.02E-04				
4.61E-01	2.01E-04				
4.62E-01	2.01E-04				
4.63E-01	2.00E-04				
4.64E-01	2.00E-04				
4.65E-01	2.01E-04				
4.66E-01	1.99E-04				
4.67E-01	2.00E-04				
4.68E-01	2.00E-04				
4.69E-01	1.98E-04				
4.70E-01	1.98E-04				
4.71E-01	1.98E-04				
4.72E-01	1.97E-04				
4.73E-01	1.96E-04				
4.74E-01	1.96E-04				
4.75E-01	1.98E-04				
4.76E-01	1.97E-04				
4.77E-01	1.96E-04				
4.78E-01	1.96E-04				
4.79E-01	1.95E-04				
4.80E-01	1.95E-04				
4.81E-01	1.94E-04				
4.82E-01	1.95E-04				
4.83E-01	1.93E-04				
4.84E-01	1.94E-04				
4.85E-01	1.94E-04				
4.86E-01	1.92E-04				
4.87E-01	1.91E-04				
4.88E-01	1.92E-04				
4.89E-01	1.92E-04				
4.90E-01	1.93E-04				
4.91E-01	1.91E-04				
4.92E-01	1.93E-04				
4.93E-01	1.91E-04				
4.94E-01	1.92E-04				
4.95E-01	1.91E-04				
4.96E-01	1.89E-04				
4.97E-01	1.90E-04				
4.98E-01	1.87E-04				
4.99E-01	1.89E-04				
5.00E-01	1.88E-04				
5.01E-01	1.88E-04				
5.02E-01	1.88E-04				
5.03E-01	1.88E-04				
5.04E-01	1.87E-04				
5.05E-01	1.87E-04				
5.06E-01	1.87E-04				
5.07E-01	1.88E-04				
5.08E-01	1.86E-04				
5.09E-01	1.87E-04				
5.10E-01	1.87E-04				
5.11E-01	1.85E-04				
5.12E-01	1.87E-04				
5.13E-01	1.86E-04				
5.14E-01	1.84E-04				
5.15E-01	1.84E-04				
5.16E-01	1.85E-04				
5.17E-01	1.83E-04				
5.18E-01	1.84E-04				
5.19E-01	1.83E-04				
5.20E-01	1.84E-04				
5.21E-01	1.84E-04				
5.22E-01	1.83E-04				
5.23E-01	1.83E-04				
5.24E-01	1.83E-04				
5.25E-01	1.82E-04				
5.26E-01	1.82E-04				
5.27E-01	1.82E-04				
5.28E-01	1.82E-04				
5.29E-01	1.82E-04				
5.30E-01	1.83E-04				
5.31E-01	1.82E-04				
5.32E-01	1.81E-04				
5.33E-01	1.81E-04				
5.34E-01	1.81E-04				
5.35E-01	1.82E-04				
5.36E-01	1.81E-04				
5.37E-01	1.80E-04				
5.38E-01	1.81E-04				
5.39E-01	1.78E-04				
5.40E-01	1.79E-04				
5.41E-01	1.80E-04				
5.42E-01	1.78E-04				
5.43E-01	1.79E-04				
5.44E-01	1.77E-04				
5.45E-01	1.78E-04				
5.46E-01	1.77E-04				
5.47E-01	1.77E-04				
5.48E-01	1.77E-04				
5.49E-01	1.78E-04				
5.50E-01	1.76E-04				
5.51E-01	1.76E-04				
5.52E-01	1.77E-04				
5.53E-01	1.77E-04				
5.54E-01	1.75E-04				
5.55E-01	1.74E-04				
5.56E-01	1.75E-04				
5.57E-01	1.74E-04				
5.58E-01	1.74E-04				
5.59E-01	1.71E-04				
5.60E-01	1.73E-04				
5.61E-01	1.75E-04				
5.62E-01	1.71E-04				
5.63E-01	1.72E-04				
5.64E-01	1.74E-04				
5.65E-01	1.72E-04				
5.66E-01	1.71E-04				
5.67E-01	1.70E-04				
5.68E-01	1.71E-04				
5.69E-01	1.71E-04				
5.70E-01	1.69E-04				
5.71E-01	1.68E-04				
5.72E-01	1.68E-04				
5.73E-01	1.69E-04				
5.74E-01	1.67E-04				
5.75E-01	1.67E-04				
5.76E-01	1.68E-04				
5.77E-01	1.65E-04				
5.78E-01	1.67E-04				
5.79E-01	1.65E-04				
5.80E-01	1.65E-04				
5.81E-01	1.65E-04				
5.82E-01	1.65E-04				
5.83E-01	1.65E-04				
5.84E-01	1.66E-04				
5.85E-01	1.64E-04				
5.86E-01	1.64E-04				
5.87E-01	1.63E-04				
5.88E-01	1.64E-04				
5.89E-01	1.64E-04				
5.90E-01	1.63E-04				
5.91E-01	1.62E-04				
5.92E-01	1.62E-04				
5.93E-01	1.62E-04				
5.94E-01	1.60E-04				
5.95E-01	1.59E-04				
5.96E-01	1.59E-04				
5.97E-01	1.60E-04				
5.98E-01	1.60E-04				
					
