XY	
	CURVE1 (new-5mmolar-18btmapaq-CV-nitrogen-300mvps.DTA)[BKS]
6.98E-01	2.86E-05
6.94E-01	2.35E-05
6.90E-01	1.94E-05
6.86E-01	1.67E-05
6.82E-01	1.30E-05
6.78E-01	1.29E-05
6.74E-01	1.19E-05
6.70E-01	1.06E-05
6.66E-01	9.69E-06
6.62E-01	7.28E-06
6.58E-01	8.23E-06
6.54E-01	7.95E-06
6.50E-01	7.27E-06
6.46E-01	6.80E-06
6.42E-01	4.75E-06
6.38E-01	6.03E-06
6.34E-01	5.96E-06
6.30E-01	5.52E-06
6.26E-01	5.23E-06
6.22E-01	3.35E-06
6.18E-01	4.73E-06
6.14E-01	4.79E-06
6.10E-01	4.45E-06
6.06E-01	4.24E-06
6.02E-01	2.42E-06
5.98E-01	3.89E-06
5.94E-01	4.01E-06
5.90E-01	3.74E-06
5.86E-01	3.54E-06
5.82E-01	1.77E-06
5.78E-01	3.30E-06
5.74E-01	3.47E-06
5.70E-01	3.24E-06
5.66E-01	3.06E-06
5.62E-01	1.32E-06
5.58E-01	2.89E-06
5.54E-01	3.06E-06
5.50E-01	2.84E-06
5.46E-01	2.67E-06
5.42E-01	9.74E-07
5.38E-01	2.56E-06
5.34E-01	2.71E-06
5.30E-01	2.53E-06
5.26E-01	2.35E-06
5.22E-01	6.62E-07
5.18E-01	2.25E-06
5.14E-01	2.44E-06
5.10E-01	2.26E-06
5.06E-01	2.08E-06
5.02E-01	4.04E-07
4.98E-01	2.01E-06
4.94E-01	2.19E-06
4.90E-01	2.02E-06
4.86E-01	1.84E-06
4.82E-01	1.68E-07
4.78E-01	1.82E-06
4.74E-01	1.97E-06
4.70E-01	1.82E-06
4.66E-01	1.65E-06
4.62E-01	-1.69E-08
4.58E-01	1.61E-06
4.54E-01	1.80E-06
4.50E-01	1.65E-06
4.46E-01	1.44E-06
4.42E-01	-2.00E-07
4.38E-01	1.45E-06
4.34E-01	1.60E-06
4.30E-01	1.49E-06
4.26E-01	1.29E-06
4.22E-01	-3.70E-07
4.18E-01	1.33E-06
4.14E-01	1.48E-06
4.10E-01	1.38E-06
4.06E-01	1.15E-06
4.02E-01	-4.74E-07
3.98E-01	1.22E-06
3.94E-01	1.36E-06
3.90E-01	1.26E-06
3.86E-01	1.04E-06
3.82E-01	-6.06E-07
3.78E-01	1.09E-06
3.74E-01	1.25E-06
3.70E-01	1.15E-06
3.66E-01	9.22E-07
3.62E-01	-6.98E-07
3.58E-01	1.01E-06
3.54E-01	1.15E-06
3.50E-01	1.09E-06
3.46E-01	8.21E-07
3.42E-01	-7.76E-07
3.38E-01	9.70E-07
3.34E-01	1.09E-06
3.30E-01	1.02E-06
3.26E-01	7.45E-07
3.22E-01	-8.61E-07
3.18E-01	8.98E-07
3.14E-01	1.02E-06
3.10E-01	9.71E-07
3.06E-01	6.84E-07
3.02E-01	-8.92E-07
2.98E-01	8.39E-07
2.94E-01	9.59E-07
2.90E-01	9.26E-07
2.86E-01	6.14E-07
2.82E-01	-9.60E-07
2.78E-01	8.08E-07
2.74E-01	9.09E-07
2.70E-01	8.72E-07
2.66E-01	5.71E-07
2.62E-01	-9.95E-07
2.58E-01	7.49E-07
2.54E-01	8.60E-07
2.50E-01	8.31E-07
2.46E-01	5.29E-07
2.42E-01	-1.03E-06
2.38E-01	7.06E-07
2.34E-01	8.06E-07
2.30E-01	7.90E-07
2.26E-01	5.03E-07
2.22E-01	-1.09E-06
2.18E-01	6.88E-07
2.14E-01	7.65E-07
2.10E-01	7.62E-07
2.06E-01	4.19E-07
2.02E-01	-1.12E-06
1.98E-01	6.66E-07
1.94E-01	7.17E-07
1.90E-01	7.20E-07
1.86E-01	3.77E-07
1.82E-01	-1.18E-06
1.78E-01	6.22E-07
1.74E-01	6.64E-07
1.70E-01	6.69E-07
1.66E-01	3.12E-07
1.62E-01	-1.22E-06
1.58E-01	5.42E-07
1.54E-01	6.05E-07
1.50E-01	6.14E-07
1.46E-01	2.42E-07
1.42E-01	-1.30E-06
1.38E-01	4.82E-07
1.34E-01	5.11E-07
1.30E-01	5.42E-07
1.26E-01	1.42E-07
1.22E-01	-1.39E-06
1.18E-01	4.01E-07
1.14E-01	4.32E-07
1.10E-01	4.50E-07
1.06E-01	3.43E-08
1.02E-01	-1.47E-06
9.83E-02	3.03E-07
9.44E-02	3.31E-07
9.03E-02	3.48E-07
8.64E-02	-7.30E-08
8.24E-02	-1.62E-06
7.84E-02	1.99E-07
7.44E-02	2.08E-07
7.04E-02	2.60E-07
6.64E-02	-1.84E-07
6.25E-02	-1.71E-06
5.84E-02	1.13E-07
5.44E-02	1.39E-07
5.04E-02	1.63E-07
4.64E-02	-2.89E-07
4.24E-02	-1.77E-06
3.85E-02	3.73E-08
3.43E-02	6.49E-08
3.05E-02	1.21E-07
2.64E-02	-3.42E-07
2.25E-02	-1.84E-06
1.84E-02	-1.93E-09
1.45E-02	1.20E-08
1.04E-02	1.04E-07
6.50E-03	-3.66E-07
2.40E-03	-1.84E-06
-1.50E-03	-1.66E-08
-5.60E-03	1.27E-08
-9.50E-03	1.03E-07
-1.36E-02	-3.62E-07
-1.75E-02	-1.82E-06
-2.15E-02	1.02E-08
-2.55E-02	3.34E-08
-2.95E-02	1.69E-07
-3.35E-02	-3.16E-07
-3.75E-02	-1.73E-06
-4.14E-02	1.34E-07
-4.55E-02	1.41E-07
-4.95E-02	2.80E-07
-5.35E-02	-1.62E-07
-5.74E-02	-1.58E-06
-6.15E-02	3.00E-07
-6.54E-02	3.66E-07
-6.95E-02	5.06E-07
-7.34E-02	5.66E-08
-7.75E-02	-1.33E-06
-8.14E-02	5.76E-07
-8.55E-02	6.34E-07
-8.94E-02	8.22E-07
-9.35E-02	3.49E-07
-9.74E-02	-1.00E-06
-1.01E-01	9.01E-07
-1.05E-01	9.48E-07
-1.09E-01	1.14E-06
-1.13E-01	6.72E-07
-1.18E-01	-6.92E-07
-1.21E-01	1.22E-06
-1.25E-01	1.26E-06
-1.29E-01	1.44E-06
-1.33E-01	9.20E-07
-1.37E-01	-4.72E-07
-1.41E-01	1.40E-06
-1.45E-01	1.39E-06
-1.49E-01	1.57E-06
-1.53E-01	1.04E-06
-1.57E-01	-3.74E-07
-1.61E-01	1.49E-06
-1.65E-01	1.44E-06
-1.69E-01	1.60E-06
-1.73E-01	1.04E-06
-1.77E-01	-3.62E-07
-1.81E-01	1.51E-06
-1.85E-01	1.47E-06
-1.89E-01	1.64E-06
-1.93E-01	1.05E-06
-1.97E-01	-2.94E-07
-2.01E-01	1.57E-06
-2.05E-01	1.53E-06
-2.09E-01	1.69E-06
-2.13E-01	1.14E-06
-2.17E-01	-2.25E-07
-2.21E-01	1.65E-06
-2.25E-01	1.65E-06
-2.29E-01	1.85E-06
-2.33E-01	1.28E-06
-2.37E-01	-4.21E-08
-2.41E-01	1.86E-06
-2.45E-01	1.88E-06
-2.49E-01	2.13E-06
-2.53E-01	1.62E-06
-2.57E-01	3.70E-07
-2.61E-01	2.32E-06
-2.65E-01	2.39E-06
-2.69E-01	2.73E-06
-2.73E-01	2.24E-06
-2.77E-01	1.07E-06
-2.81E-01	3.07E-06
-2.85E-01	3.16E-06
-2.89E-01	3.52E-06
-2.93E-01	3.03E-06
-2.97E-01	1.83E-06
-3.01E-01	3.80E-06
-3.05E-01	3.81E-06
-3.09E-01	4.12E-06
-3.13E-01	3.50E-06
-3.17E-01	2.23E-06
-3.21E-01	4.05E-06
-3.25E-01	3.86E-06
-3.29E-01	3.92E-06
-3.33E-01	2.96E-06
-3.37E-01	1.31E-06
-3.41E-01	2.62E-06
-3.45E-01	1.80E-06
-3.49E-01	1.08E-06
-3.53E-01	-8.80E-07
-3.57E-01	-3.67E-06
-3.61E-01	-3.90E-06
-3.65E-01	-6.43E-06
-3.69E-01	-9.30E-06
-3.73E-01	-1.42E-05
-3.77E-01	-1.98E-05
-3.81E-01	-2.34E-05
-3.85E-01	-2.99E-05
-3.89E-01	-3.73E-05
-3.93E-01	-4.65E-05
-3.97E-01	-5.75E-05
-4.01E-01	-6.68E-05
-4.05E-01	-7.93E-05
-4.09E-01	-9.27E-05
-4.13E-01	-1.08E-04
-4.17E-01	-1.24E-04
-4.21E-01	-1.39E-04
-4.25E-01	-1.56E-04
-4.29E-01	-1.72E-04
-4.33E-01	-1.89E-04
-4.37E-01	-2.07E-04
-4.41E-01	-2.20E-04
-4.45E-01	-2.34E-04
-4.49E-01	-2.46E-04
-4.53E-01	-2.61E-04
-4.57E-01	-2.70E-04
-4.61E-01	-2.73E-04
-4.65E-01	-2.77E-04
-4.69E-01	-2.77E-04
-4.73E-01	-2.77E-04
-4.77E-01	-2.74E-04
-4.81E-01	-2.68E-04
-4.85E-01	-2.62E-04
-4.89E-01	-2.56E-04
-4.93E-01	-2.50E-04
-4.97E-01	-2.45E-04
-5.01E-01	-2.36E-04
-5.05E-01	-2.31E-04
-5.09E-01	-2.25E-04
-5.13E-01	-2.20E-04
-5.17E-01	-2.15E-04
-5.21E-01	-2.09E-04
-5.25E-01	-2.04E-04
-5.29E-01	-2.00E-04
-5.33E-01	-1.97E-04
-5.37E-01	-1.95E-04
-5.41E-01	-1.89E-04
-5.45E-01	-1.86E-04
-5.49E-01	-1.83E-04
-5.53E-01	-1.81E-04
-5.57E-01	-1.79E-04
-5.61E-01	-1.75E-04
-5.65E-01	-1.73E-04
-5.69E-01	-1.70E-04
-5.73E-01	-1.68E-04
-5.77E-01	-1.67E-04
-5.81E-01	-1.63E-04
-5.85E-01	-1.61E-04
-5.89E-01	-1.59E-04
-5.93E-01	-1.57E-04
-5.97E-01	-1.57E-04
-6.01E-01	-1.53E-04
-6.05E-01	-1.51E-04
-6.09E-01	-1.49E-04
-6.13E-01	-1.48E-04
-6.17E-01	-1.48E-04
-6.21E-01	-1.44E-04
-6.25E-01	-1.43E-04
-6.29E-01	-1.41E-04
-6.33E-01	-1.40E-04
-6.37E-01	-1.40E-04
-6.41E-01	-1.37E-04
-6.45E-01	-1.35E-04
-6.49E-01	-1.34E-04
-6.53E-01	-1.33E-04
-6.57E-01	-1.33E-04
-6.61E-01	-1.30E-04
-6.65E-01	-1.29E-04
-6.69E-01	-1.27E-04
-6.73E-01	-1.27E-04
-6.77E-01	-1.27E-04
-6.81E-01	-1.24E-04
-6.85E-01	-1.23E-04
-6.89E-01	-1.21E-04
-6.93E-01	-1.21E-04
-6.97E-01	-1.21E-04
-7.01E-01	-1.18E-04
-7.05E-01	-1.17E-04
-7.09E-01	-1.16E-04
-7.13E-01	-1.16E-04
-7.17E-01	-1.16E-04
-7.21E-01	-1.14E-04
-7.25E-01	-1.13E-04
-7.29E-01	-1.12E-04
-7.33E-01	-1.12E-04
-7.37E-01	-1.12E-04
-7.41E-01	-1.09E-04
-7.45E-01	-1.09E-04
-7.49E-01	-1.08E-04
-7.53E-01	-1.08E-04
-7.57E-01	-1.08E-04
-7.61E-01	-1.06E-04
-7.65E-01	-1.05E-04
-7.69E-01	-1.04E-04
-7.73E-01	-1.04E-04
-7.77E-01	-1.05E-04
-7.81E-01	-1.03E-04
-7.85E-01	-1.02E-04
-7.89E-01	-1.01E-04
-7.93E-01	-1.02E-04
-7.97E-01	-1.02E-04
-8.01E-01	-9.98E-05
-7.97E-01	-9.72E-05
-7.93E-01	-9.51E-05
-7.89E-01	-9.46E-05
-7.85E-01	-9.46E-05
-7.81E-01	-9.17E-05
-7.77E-01	-9.12E-05
-7.73E-01	-9.02E-05
-7.69E-01	-9.01E-05
-7.65E-01	-9.06E-05
-7.61E-01	-8.81E-05
-7.57E-01	-8.76E-05
-7.53E-01	-8.66E-05
-7.49E-01	-8.68E-05
-7.45E-01	-8.73E-05
-7.41E-01	-8.50E-05
-7.37E-01	-8.47E-05
-7.33E-01	-8.38E-05
-7.29E-01	-8.41E-05
-7.25E-01	-8.48E-05
-7.21E-01	-8.25E-05
-7.17E-01	-8.23E-05
-7.13E-01	-8.14E-05
-7.09E-01	-8.18E-05
-7.05E-01	-8.25E-05
-7.01E-01	-8.02E-05
-6.97E-01	-7.99E-05
-6.93E-01	-7.91E-05
-6.89E-01	-7.95E-05
-6.85E-01	-8.03E-05
-6.81E-01	-7.80E-05
-6.77E-01	-7.78E-05
-6.73E-01	-7.71E-05
-6.69E-01	-7.75E-05
-6.65E-01	-7.82E-05
-6.61E-01	-7.60E-05
-6.57E-01	-7.57E-05
-6.53E-01	-7.50E-05
-6.49E-01	-7.55E-05
-6.45E-01	-7.62E-05
-6.41E-01	-7.40E-05
-6.37E-01	-7.40E-05
-6.33E-01	-7.34E-05
-6.29E-01	-7.37E-05
-6.25E-01	-7.42E-05
-6.21E-01	-7.19E-05
-6.17E-01	-7.16E-05
-6.13E-01	-7.07E-05
-6.09E-01	-7.11E-05
-6.05E-01	-7.16E-05
-6.01E-01	-6.92E-05
-5.97E-01	-6.88E-05
-5.93E-01	-6.79E-05
-5.89E-01	-6.82E-05
-5.85E-01	-6.87E-05
-5.81E-01	-6.61E-05
-5.77E-01	-6.56E-05
-5.73E-01	-6.45E-05
-5.69E-01	-6.46E-05
-5.65E-01	-6.47E-05
-5.61E-01	-6.20E-05
-5.57E-01	-6.13E-05
-5.53E-01	-5.99E-05
-5.49E-01	-5.99E-05
-5.45E-01	-5.98E-05
-5.41E-01	-5.67E-05
-5.37E-01	-5.57E-05
-5.33E-01	-5.40E-05
-5.29E-01	-5.36E-05
-5.25E-01	-5.30E-05
-5.21E-01	-4.97E-05
-5.17E-01	-4.83E-05
-5.13E-01	-4.62E-05
-5.09E-01	-4.51E-05
-5.05E-01	-4.40E-05
-5.01E-01	-3.99E-05
-4.97E-01	-3.76E-05
-4.93E-01	-3.44E-05
-4.89E-01	-3.21E-05
-4.85E-01	-2.93E-05
-4.81E-01	-2.34E-05
-4.77E-01	-1.89E-05
-4.73E-01	-1.19E-05
-4.69E-01	-6.99E-06
-4.65E-01	-7.79E-07
-4.61E-01	8.72E-06
-4.57E-01	1.74E-05
-4.53E-01	2.78E-05
-4.50E-01	3.71E-05
-4.45E-01	5.26E-05
-4.41E-01	6.88E-05
-4.37E-01	8.44E-05
-4.33E-01	1.02E-04
-4.29E-01	1.19E-04
-4.25E-01	1.36E-04
-4.22E-01	1.55E-04
-4.18E-01	1.72E-04
-4.14E-01	1.87E-04
-4.10E-01	1.99E-04
-4.06E-01	2.08E-04
-4.02E-01	2.17E-04
-3.98E-01	2.21E-04
-3.94E-01	2.23E-04
-3.90E-01	2.22E-04
-3.86E-01	2.18E-04
-3.82E-01	2.16E-04
-3.78E-01	2.11E-04
-3.74E-01	2.05E-04
-3.70E-01	1.98E-04
-3.66E-01	1.90E-04
-3.62E-01	1.85E-04
-3.58E-01	1.78E-04
-3.54E-01	1.72E-04
-3.50E-01	1.65E-04
-3.46E-01	1.58E-04
-3.42E-01	1.54E-04
-3.38E-01	1.48E-04
-3.34E-01	1.43E-04
-3.30E-01	1.37E-04
-3.26E-01	1.32E-04
-3.22E-01	1.29E-04
-3.18E-01	1.25E-04
-3.14E-01	1.22E-04
-3.10E-01	1.17E-04
-3.06E-01	1.13E-04
-3.02E-01	1.11E-04
-2.98E-01	1.08E-04
-2.94E-01	1.06E-04
-2.90E-01	1.02E-04
-2.86E-01	9.85E-05
-2.82E-01	9.78E-05
-2.78E-01	9.52E-05
-2.74E-01	9.34E-05
-2.70E-01	9.03E-05
-2.66E-01	8.74E-05
-2.62E-01	8.73E-05
-2.58E-01	8.52E-05
-2.54E-01	8.39E-05
-2.50E-01	8.12E-05
-2.46E-01	7.87E-05
-2.42E-01	7.89E-05
-2.38E-01	7.72E-05
-2.34E-01	7.61E-05
-2.30E-01	7.37E-05
-2.26E-01	7.16E-05
-2.22E-01	7.21E-05
-2.18E-01	7.06E-05
-2.14E-01	6.99E-05
-2.10E-01	6.77E-05
-2.06E-01	6.58E-05
-2.02E-01	6.66E-05
-1.98E-01	6.53E-05
-1.94E-01	6.47E-05
-1.90E-01	6.27E-05
-1.86E-01	6.10E-05
-1.82E-01	6.19E-05
-1.78E-01	6.07E-05
-1.74E-01	6.03E-05
-1.70E-01	5.84E-05
-1.66E-01	5.68E-05
-1.62E-01	5.78E-05
-1.58E-01	5.68E-05
-1.54E-01	5.64E-05
-1.50E-01	5.47E-05
-1.46E-01	5.32E-05
-1.42E-01	5.42E-05
-1.38E-01	5.33E-05
-1.34E-01	5.30E-05
-1.30E-01	5.13E-05
-1.26E-01	4.99E-05
-1.22E-01	5.10E-05
-1.18E-01	5.01E-05
-1.14E-01	4.99E-05
-1.10E-01	4.83E-05
-1.06E-01	4.69E-05
-1.02E-01	4.81E-05
-9.76E-02	4.73E-05
-9.37E-02	4.71E-05
-8.96E-02	4.55E-05
-8.57E-02	4.43E-05
-8.16E-02	4.55E-05
-7.77E-02	4.47E-05
-7.36E-02	4.46E-05
-6.96E-02	4.31E-05
-6.56E-02	4.19E-05
-6.17E-02	4.32E-05
-5.76E-02	4.25E-05
-5.37E-02	4.24E-05
-4.96E-02	4.09E-05
-4.56E-02	3.98E-05
-4.16E-02	4.12E-05
-3.77E-02	4.05E-05
-3.36E-02	4.05E-05
-2.97E-02	3.90E-05
-2.56E-02	3.80E-05
-2.17E-02	3.94E-05
-1.76E-02	3.87E-05
-1.37E-02	3.88E-05
-9.60E-03	3.73E-05
-5.70E-03	3.63E-05
-1.70E-03	3.77E-05
2.30E-03	3.71E-05
6.30E-03	3.72E-05
1.02E-02	3.58E-05
1.44E-02	3.48E-05
1.83E-02	3.62E-05
2.23E-02	3.56E-05
2.63E-02	3.57E-05
3.03E-02	3.43E-05
3.42E-02	3.34E-05
3.83E-02	3.48E-05
4.23E-02	3.43E-05
4.63E-02	3.44E-05
5.02E-02	3.30E-05
5.43E-02	3.21E-05
5.83E-02	3.36E-05
6.23E-02	3.30E-05
6.62E-02	3.31E-05
7.03E-02	3.17E-05
7.42E-02	3.09E-05
7.83E-02	3.24E-05
8.22E-02	3.19E-05
8.63E-02	3.20E-05
9.02E-02	3.07E-05
9.43E-02	2.98E-05
9.82E-02	3.13E-05
1.02E-01	3.07E-05
1.06E-01	3.09E-05
1.10E-01	2.95E-05
1.14E-01	2.86E-05
1.18E-01	3.01E-05
1.22E-01	2.96E-05
1.26E-01	2.97E-05
1.30E-01	2.83E-05
1.34E-01	2.75E-05
1.38E-01	2.90E-05
1.42E-01	2.85E-05
1.46E-01	2.86E-05
1.50E-01	2.73E-05
1.54E-01	2.64E-05
1.58E-01	2.80E-05
1.62E-01	2.74E-05
1.66E-01	2.76E-05
1.70E-01	2.63E-05
1.74E-01	2.55E-05
1.78E-01	2.70E-05
1.82E-01	2.65E-05
1.86E-01	2.67E-05
1.90E-01	2.53E-05
1.94E-01	2.45E-05
1.98E-01	2.60E-05
2.02E-01	2.56E-05
2.06E-01	2.58E-05
2.10E-01	2.44E-05
2.14E-01	2.37E-05
2.18E-01	2.52E-05
2.22E-01	2.47E-05
2.26E-01	2.50E-05
2.30E-01	2.36E-05
2.34E-01	2.29E-05
2.38E-01	2.44E-05
2.42E-01	2.40E-05
2.46E-01	2.42E-05
2.50E-01	2.28E-05
2.54E-01	2.21E-05
2.58E-01	2.36E-05
2.62E-01	2.32E-05
2.66E-01	2.34E-05
2.70E-01	2.21E-05
2.74E-01	2.14E-05
2.78E-01	2.29E-05
2.82E-01	2.24E-05
2.86E-01	2.27E-05
2.90E-01	2.13E-05
2.94E-01	2.08E-05
2.98E-01	2.22E-05
3.02E-01	2.18E-05
3.06E-01	2.20E-05
3.10E-01	2.06E-05
3.14E-01	2.01E-05
3.18E-01	2.16E-05
3.22E-01	2.12E-05
3.26E-01	2.14E-05
3.30E-01	2.00E-05
3.34E-01	1.95E-05
3.38E-01	2.09E-05
3.42E-01	2.05E-05
3.46E-01	2.08E-05
3.50E-01	1.94E-05
3.54E-01	1.89E-05
3.58E-01	2.04E-05
3.62E-01	1.99E-05
3.66E-01	2.01E-05
3.70E-01	1.88E-05
3.74E-01	1.83E-05
3.78E-01	1.98E-05
3.82E-01	1.94E-05
3.86E-01	1.97E-05
3.90E-01	1.83E-05
3.94E-01	1.79E-05
3.98E-01	1.93E-05
4.02E-01	1.89E-05
4.06E-01	1.91E-05
4.10E-01	1.78E-05
4.14E-01	1.73E-05
4.18E-01	1.88E-05
4.22E-01	1.84E-05
4.26E-01	1.86E-05
4.30E-01	1.72E-05
4.34E-01	1.68E-05
4.38E-01	1.83E-05
4.42E-01	1.79E-05
4.46E-01	1.81E-05
4.50E-01	1.67E-05
4.54E-01	1.63E-05
4.58E-01	1.78E-05
4.62E-01	1.74E-05
4.66E-01	1.76E-05
4.70E-01	1.63E-05
4.74E-01	1.59E-05
4.78E-01	1.74E-05
4.82E-01	1.70E-05
4.86E-01	1.72E-05
4.90E-01	1.59E-05
4.94E-01	1.55E-05
4.98E-01	1.70E-05
5.02E-01	1.67E-05
5.06E-01	1.69E-05
5.10E-01	1.55E-05
5.14E-01	1.52E-05
5.18E-01	1.67E-05
5.22E-01	1.64E-05
5.26E-01	1.66E-05
5.30E-01	1.53E-05
5.34E-01	1.49E-05
5.38E-01	1.64E-05
5.42E-01	1.61E-05
5.46E-01	1.64E-05
5.50E-01	1.50E-05
5.54E-01	1.47E-05
5.58E-01	1.62E-05
5.62E-01	1.59E-05
5.66E-01	1.61E-05
5.70E-01	1.48E-05
5.74E-01	1.45E-05
5.78E-01	1.60E-05
5.82E-01	1.57E-05
5.86E-01	1.59E-05
5.90E-01	1.46E-05
5.94E-01	1.43E-05
5.98E-01	1.58E-05
6.02E-01	1.55E-05
6.06E-01	1.58E-05
6.10E-01	1.44E-05
6.14E-01	1.42E-05
6.18E-01	1.57E-05
6.22E-01	1.53E-05
6.26E-01	1.56E-05
6.30E-01	1.42E-05
6.34E-01	1.40E-05
6.38E-01	1.55E-05
6.42E-01	1.51E-05
6.46E-01	1.54E-05
6.50E-01	1.40E-05
6.54E-01	1.38E-05
6.58E-01	1.52E-05
6.62E-01	1.49E-05
6.66E-01	1.51E-05
6.70E-01	1.37E-05
6.74E-01	1.36E-05
6.78E-01	1.50E-05
6.82E-01	1.47E-05
6.86E-01	1.49E-05
6.90E-01	1.36E-05
6.94E-01	1.34E-05
6.98E-01	1.48E-05
	
	
	
	
	
	
	
	
	
	
	
	
	
	
	
	
	
	
	
	
	
	
	
	
	
	
	
	
	
	
	
	
	
	
	
	
	
	
	
	
	
	
	
	
	
	
	
	
	
	
	
	
	
	
	
	
	
	
	
	
	
	
	
	
	
	
	
	
	
	
	
	
	
	
	
	
	
	
	
	
	
	
	
	
	
	
	
	
	
	
	
	
	
	
	
	
	
	
	
	
	
	
	
	
	
	
	
	
	
	
	
	
	
	
	
	
	
	
	
	
	
	
	
	
	
	
	
	
	
	
	
	
	
	
	
	
	
	
	
	
	
	
	
	
	
	
	
	
	
	
	
	
	
	
	
	
	
	
	
	
	
	
	
	
	
	
	
	
	
	
	
	
	
	
	
	
	
	
	
	
	
	
	
	
	
	
	
	
	
	
	
	
	
	
	
	
	
	
	
	
	
	
	
	
	
	
	
	
	
	
	
	
	
	
	
	
	
	
	
	
	
	
	
	
	
	
	
	
	
	
	
	
	
	
	
	
	
	
	
	
	
	
	
	
	
	
	
	
	
	
	
	
	
	
	
	
	
	
	
	
	
	
	
	
	
	
	
	
	
	
	
	
	
	
	
	
	
	
	
	
	
	
	
	
	
	
	
	
	
	
	
	
	
	
	
	
	
	
	
	
	
	
	
	
	
	
	
	
	
	
	
	
	
	
	
	
	
	
	
	
	
	
	
	
	
	
	
	
	
	
	
	
	
	
	
	
	
	
	
	
	
	
	
	
	
	
	
	
	
	
	
	
	
	
	
	
	
	
	
	
	
	
	
	
	
	
	
	
	
	
	
	
	
	
	
	
	
	
	
	
	
	
	
	
	
	
	
	
	
	
	
	
	
	
	
	
	
	
	
	
	
	
	
	
	
	
	
	
	
	
	
	
	
	
	
	
	
	
	
	
	
	
	
	
	
	
	
	
	
	
	
	
	
	
	
	
	
	
	
	
	
	
	
	
	
	
	
	
	
	
	
	
	
	
	
	
	
	
	
	
	
	
	
	
	
	
	
	
	
	
	
	
	
	
	
	
	
	
	
	
	
	
	
	
	
	
	
	
	
	
	
	
	
	
	
	
	
	
	
	
	
	
	
	
	
	
	
	
	
	
	
	
	
	
	
	
	
	
	
	
	
	
	
	
	
	
	
	
	
	
	
	
	
	
	
	
	
	
	
	
	
	
	
	
	
	
	
	
	
	
	
	
	
	
	
	
	
	
	
	
	
	
	
	
	
	
	
	
	
	
	
	
	
	
	
	
	
	
	
	
	
	
	
	
	
	
	
	
	
	
	
	
	
	
	
	
	
	
	
	
	
	
	
	
	
	
	
	
	
	
	
	
	
	
	
	
	
	
	
	
	
	
	
	
	
	
	
	
	
	
	
	
	
	
	
	
	
	
	
	
	
	
	
	
	
	
	
	
	
	
	
	
	
	
	
	
	
	
	
	
	
	
	
	
	
	
	
	
	
	
	
	
	
	
	
	
	
	
	
	
	
	
	
	
	
	
	
	
	
	
	
	
	
	
	
	
	
	
	
	
	
	
	
	
	
	
	
	
	
	
	
	
	
	
	
	
	
	
	
	
	
	
	
	
	
	
	
	
	
	
	
	
	
	
	
	
	
	
	
	
	
	
	
	
	
	
	
	
	
	
	
	
	
	
	
	
	
	
	
	
	
	
	
	
	
	
	
	
	
	
	
	
	
	
	
	
	
	
	
	
	
	
	
	
	
	
	
	
	
	
	
	
	
	
	
	
	
	
	
	
	
	
	
	
	
	
	
	
	
	
	
	
	
	
	
	
	
	
	
	
	
	
	
	
	
	
	
	
	
	
	
	
	
	
	
	
	
	
	
	
	
	
	
	
	
	
	
	
	
	
	
	
	
	
	
	
	
	
	
	
	
	
	
	
	
	
	
	
	
	
	
	
	
	
	
	
	
	
	
	
	
	
	
	
	
	
	
	
	
	
	
	
	
	
	
	
	
	
	
	
	
	
	
	
	
	
	
	
	
	
	
	
	
	
	
	
	
	
	
	
	
	
	
	
	
	
	
	
	
	
	
	
	
	
	
	
	
	
	
	
	
	
	
	
	
	
	
	
	
	
	
	
	
	
	
	
	
	
	
	
	
	
	
	
	
	
	
	
	
	
	
	
	
	
	
	
	
	
	
	
	
	
	
	
	
	
	
	
	
	
	
	
	
	
	
	
	
	
	
	
	
	
	
	
	
	
	
	
	
	
	
	
	
	
	
	
	
	
	
	
	
	
	
	
	
	
	
	
	
	
	
	
	
	
	
	
	
	
	
	
	
	
	
	
	
	
	
	
	
	
	
	
	
	
	
	
	
	
	
	
	
	
	
	
	
	
	
	
	
	
	
	
	
	
	
	
	
	
	
	
	
	
	
	
	
	
	
	
	
	
	
	
	
	
	
	
	
	
	
	
	
	
	
	
	
	
	
	
	
	
	
	
	
	
	
	
	
	
	
	
	
	
	
	
	
	
	
	
	
	
	
	
	
	
	
	
	
	
	
	
	
	
	
	
	
	
	
	
	
	
	
	
	
	
	
	
	
	
	
	
	
	
	
	
	
	
	
	
	
	
	
	
	
	
	
	
	
	
	
	
	
	
	
	
	
	
	
	
	
	
	
	
	
	
	
	
	
	
	
	
	
	
	
	
	
	
	
	
	
	
	
	
	
	
	
	
	
	
	
	
	
	
	
	
	
	
	
	
	
	
	
	
	
	
	
	
	
	
	
	
	
	
	
	
	
	
	
	
	
	
	
	
	
	
	
	
	
	
	
	
	
	
	
	
	
	
	
	
	
	
	
	
	
	
	
	
	
	
	
	
	
	
	
	
	
	
	
	
	
	
	
	
	
	
	
	
	
	
	
	
	
	
	
	
	
	
	
	
	
	
	
	
	
	
	
	
	
	
	
	
	
	
	
	
	
	
	
	
	
	
	
	
	
	
	
	
	
	
	
	
	
	
	
	
	
	
	
	
	
	
	
	
	
	
	
	
	
	
	
	
	
	
	
	
	
	
	
	
	
	
	
	
	
	
	
	
	
	
	
	
	
	
	
	
	
	
	
	
	
	
	
	
	
	
	
	
	
	
	
	
	
	
	
	
	
	
	
	
	
	
	
	
	
	
	
	
	
	
	
	
	
	
	
	
	
	
	
	
	
	
	
	
	
	
	
	
	
	
	
	
	
	
	
	
	
	
	
	
	
	
	
	
	
	
	
	
	
	
	
	
	
	
	
	
	
	
	
	
	
	
	
	
	
	
	
	
	
	
	
	
	
	
	
	
	
	
	
	
	
	
	
	
	
	
	
	
	
	
	
	
	
	
	
	
	
	
	
	
	
	
	
	
	
	
	
	
	
	
	
	
	
	
	
	
	
	
	
	
	
	
	
	
	
	
	
	
	
	
	
	
	
	
	
	
	
	
	
	
	
	
	
	
	
	
	
	
	
	
	
	
	
	
	
	
	
	
	
	
	
	
	
	
	
	
	
	
	
	
	
	
	
	
	
	
	
	
	
	
	
	
	
	
	
	
	
	
	
	
	
	
	
	
	
	
	
	
	
	
	
	
	
	
	
	
	
	
	
	
	
	
	
	
	
	
	
	
	
	
	
	
	
	
	
	
	
	
	
	
	
	
	
	
	
	
	
	
	
	
	
	
	
	
	
	
	
	
	
	
	
	
	
	
	
	
	
	
	
	
	
	
	
	
	
	
	
	
	
	
	
	
	
	
	
	
	
	
	
	
	
	
	
	
	
	
	
	
	
	
	
	
	
	
	
	
	
	
	
	
	
	
	
	
	
	
	
	
	
	
	
	
	
	
	
	
	
	
	
	
	
	
	
	
	
	
	
	
	
	
	
	
	
	
	
	
	
	
	
	
	
	
	
	
	
	
	
	
	
	
	
	
	
	
	
	
	
	
	
	
	
	
	
	
	
	
	
	
	
	
	
	
	
	
	
	
	
	
	
	
	
	
	
	
	
	
	
	
	
	
	
	
	
	
	
	
	
	
	
	
	
	
	
	
	
	
	
	
	
	
	
	
	
	
	
	
	
	
	
	
	
	
	
	
	
	
	
	
	
	
	
	
	
	
	
	
	
	
	
	
	
	
	
	
	
	
	
	
	
	
	
	
	
	
	
	
	
	
	
	
	
	
	
	
	
	
	
	
	
	
	
	
	
	
	
	
	
	
	
	
	
	
	
	
	
	
	
	
	
	
	
	
	
	
	
	
	
	
	
	
	
	
	
	
	
	
	
	
	
	
	
	
	
	
	
	
	
	
	
	
	
	
	
	
	
	
	
	
	
	
	
	
	
	
	
	
	
	
	
	
	
	
	
	
	
	
	
	
	
	
	
	
	
	
	
	
	
	
	
	
	
	
	
	
	
	
	
	
	
	
	
	
	
	
	
	
	
	
	
	
	
	
	
	
	
	
	
	
	
	
	
	
	
	
	
	
	
	
	
	
	
	
	
	
	
	
	
	
	
	
	
	
	
	
	
	
	
	
	
	
	
	
	
	
	
	
	
	
	
	
	
	
	
	
	
	
	
	
	
	
	
	
	
	
	
	
	
	
	
	
	
	
	
	
	
	
	
	
	
	
	
	
	
	
	
	
	
	
	
	
	
	
	
	
	
	
	
	
	
	
	
	
	
	
	
	
	
	
	
	
	
	
	
	
	
	
	
	
	
	
	
	
	
	
	
	
	
	
	
	
	
	
	
	
	
	
	
	
	
	
	
	
	
	
	
	
	
	
	
	
	
	
	
	
	
	
	
	
	
	
	
	
	
	
	
	
	
	
	
	
	
	
	
	
	
	
	
	
	
	
	
	
	
	
	
	
	
	
	
	
	
	
	
	
	
	
	
	
	
	
	
	
	
	
	
	
	
	
	
	
	
	
	
	
	
	
	
	
	
	
	
	
	
	
	
	
	
	
	
	
	
	
	
	
	
	
	
	
	
	
	
	
	
	
	
	
	
	
	
	
	
	
	
	
	
	
	
	
	
	
	
	
