XY
	CURVE1 (new-5mmolar-15btmapaq-CV-nitrogen-300mvps.DTA)[BKS]		CURVE2 (new-5mmolar-15btmapaq-CV-nitrogen-300mvps.DTA)[BKS]
4.988e-001	6.376e-005	4.988e-001	2.841e-005
4.947e-001	5.381e-005		
4.907e-001	4.475e-005		
4.867e-001	3.973e-005		
4.828e-001	3.468e-005		
4.788e-001	3.248e-005		
4.748e-001	2.899e-005		
4.708e-001	2.525e-005		
4.668e-001	2.369e-005		
4.628e-001	2.134e-005		
4.587e-001	2.147e-005		
4.546e-001	1.962e-005		
4.507e-001	1.721e-005		
4.467e-001	1.682e-005		
4.427e-001	1.535e-005		
4.387e-001	1.621e-005		
4.347e-001	1.479e-005		
4.307e-001	1.290e-005		
4.268e-001	1.289e-005		
4.228e-001	1.181e-005		
4.188e-001	1.292e-005		
4.147e-001	1.181e-005		
4.108e-001	1.018e-005		
4.068e-001	1.040e-005		
4.028e-001	9.492e-006		
3.988e-001	1.084e-005		
3.948e-001	9.885e-006		
3.908e-001	8.430e-006		
3.868e-001	8.732e-006		
3.829e-001	7.977e-006		
3.789e-001	9.404e-006		
3.748e-001	8.521e-006		
3.709e-001	7.128e-006		
3.669e-001	7.523e-006		
3.629e-001	6.854e-006		
3.588e-001	8.339e-006		
3.549e-001	7.530e-006		
3.509e-001	6.206e-006		
3.469e-001	6.648e-006		
3.429e-001	5.977e-006		
3.389e-001	7.512e-006		
3.349e-001	6.734e-006		
3.309e-001	5.433e-006		
3.269e-001	5.932e-006		
3.229e-001	5.281e-006		
3.189e-001	6.828e-006		
3.149e-001	6.077e-006		
3.110e-001	4.797e-006		
3.070e-001	5.283e-006		
3.030e-001	4.682e-006		
2.990e-001	6.236e-006		
2.950e-001	5.500e-006		
2.910e-001	4.220e-006		
2.870e-001	4.727e-006		
2.830e-001	4.122e-006		
2.790e-001	5.704e-006		
2.750e-001	4.968e-006		
2.710e-001	3.687e-006		
2.670e-001	4.218e-006		
2.630e-001	3.635e-006		
2.590e-001	5.225e-006		
2.550e-001	4.468e-006		
2.510e-001	3.234e-006		
2.470e-001	3.730e-006		
2.430e-001	3.180e-006		
2.390e-001	4.745e-006		
2.350e-001	4.048e-006		
2.310e-001	2.810e-006		
2.270e-001	3.335e-006		
2.230e-001	2.745e-006		
2.190e-001	4.375e-006		
2.150e-001	3.634e-006		
2.111e-001	2.414e-006		
2.070e-001	2.943e-006		
2.031e-001	2.393e-006		
1.991e-001	3.987e-006		
1.950e-001	3.261e-006		
1.911e-001	2.036e-006		
1.871e-001	2.567e-006		
1.831e-001	2.025e-006		
1.791e-001	3.650e-006		
1.751e-001	2.915e-006		
1.711e-001	1.707e-006		
1.671e-001	2.228e-006		
1.631e-001	1.684e-006		
1.591e-001	3.329e-006		
1.551e-001	2.597e-006		
1.511e-001	1.404e-006		
1.471e-001	1.910e-006		
1.431e-001	1.369e-006		
1.391e-001	3.018e-006		
1.351e-001	2.277e-006		
1.311e-001	1.096e-006		
1.272e-001	1.621e-006		
1.231e-001	1.111e-006		
1.192e-001	2.757e-006		
1.152e-001	2.027e-006		
1.112e-001	8.371e-007		
1.072e-001	1.359e-006		
1.032e-001	8.892e-007		
9.916e-002	2.534e-006		
9.517e-002	1.770e-006		
9.115e-002	6.026e-007		
8.720e-002	1.140e-006		
8.317e-002	6.292e-007		
7.919e-002	2.290e-006		
7.522e-002	1.548e-006		
7.125e-002	3.795e-007		
6.720e-002	9.341e-007		
6.323e-002	4.163e-007		
5.921e-002	2.054e-006		
5.522e-002	1.327e-006		
5.123e-002	1.458e-007		
4.726e-002	7.167e-007		
4.324e-002	2.348e-007		
3.926e-002	1.905e-006		
3.523e-002	1.158e-006		
3.128e-002	-8.110e-009		
2.723e-002	5.817e-007		
2.328e-002	6.181e-008		
1.924e-002	1.735e-006		
1.527e-002	1.007e-006		
1.129e-002	-1.466e-007		
7.291e-003	4.106e-007		
3.266e-003	-8.439e-008		
-6.755e-004	1.625e-006		
-4.730e-003	8.258e-007		
-8.663e-003	-3.112e-007		
-1.270e-002	2.353e-007		
-1.671e-002	-2.352e-007		
-2.070e-002	1.458e-006		
-2.471e-002	7.004e-007		
-2.870e-002	-4.495e-007		
-3.265e-002	1.294e-007		
-3.673e-002	-3.186e-007		
-4.066e-002	1.341e-006		
-4.471e-002	5.722e-007		
-4.863e-002	-5.464e-007		
-5.268e-002	2.456e-008		
-5.663e-002	-4.435e-007		
-6.071e-002	1.213e-006		
-6.465e-002	4.566e-007		
-6.866e-002	-6.646e-007		
-7.263e-002	-7.175e-008		
-7.667e-002	-5.339e-007		
-8.061e-002	1.174e-006		
-8.468e-002	3.961e-007		
-8.856e-002	-7.672e-007		
-9.264e-002	-1.936e-007		
-9.661e-002	-6.312e-007		
-1.007e-001	1.037e-006		
-1.046e-001	2.592e-007		
-1.087e-001	-8.703e-007		
-1.126e-001	-2.922e-007		
-1.166e-001	-7.544e-007		
-1.206e-001	9.224e-007		
-1.247e-001	1.426e-007		
-1.285e-001	-9.689e-007		
-1.326e-001	-4.145e-007		
-1.365e-001	-8.281e-007		
-1.406e-001	8.173e-007		
-1.446e-001	6.444e-008		
-1.486e-001	-1.065e-006		
-1.525e-001	-4.914e-007		
-1.566e-001	-9.392e-007		
-1.605e-001	7.776e-007		
-1.647e-001	-2.874e-008		
-1.685e-001	-1.140e-006		
-1.726e-001	-5.678e-007		
-1.765e-001	-1.022e-006		
-1.806e-001	6.717e-007		
-1.845e-001	-8.570e-008		
-1.886e-001	-1.206e-006		
-1.925e-001	-6.526e-007		
-1.965e-001	-1.090e-006		
-2.005e-001	6.175e-007		
-2.045e-001	-1.666e-007		
-2.085e-001	-1.277e-006		
-2.125e-001	-6.976e-007		
-2.165e-001	-1.126e-006		
-2.205e-001	5.852e-007		
-2.245e-001	-1.961e-007		
-2.285e-001	-1.290e-006		
-2.325e-001	-7.311e-007		
-2.365e-001	-1.128e-006		
-2.405e-001	5.783e-007		
-2.445e-001	-2.127e-007		
-2.484e-001	-1.288e-006		
-2.525e-001	-6.725e-007		
-2.564e-001	-1.096e-006		
-2.605e-001	6.802e-007		
-2.644e-001	-7.551e-008		
-2.685e-001	-1.183e-006		
-2.724e-001	-5.803e-007		
-2.765e-001	-9.728e-007		
-2.804e-001	7.902e-007		
-2.844e-001	3.498e-008		
-2.884e-001	-1.029e-006		
-2.925e-001	-4.148e-007		
-2.964e-001	-8.034e-007		
-3.004e-001	9.381e-007		
-3.044e-001	2.046e-007		
-3.084e-001	-8.584e-007		
-3.124e-001	-2.286e-007		
-3.164e-001	-6.591e-007		
-3.204e-001	1.082e-006		
-3.244e-001	3.161e-007		
-3.284e-001	-7.352e-007		
-3.324e-001	-1.699e-007		
-3.363e-001	-5.749e-007		
-3.404e-001	1.115e-006		
-3.444e-001	2.589e-007		
-3.484e-001	-8.646e-007		
-3.524e-001	-2.959e-007		
-3.564e-001	-7.333e-007		
-3.603e-001	9.298e-007		
-3.643e-001	6.502e-008		
-3.683e-001	-1.117e-006		
-3.723e-001	-5.639e-007		
-3.763e-001	-1.043e-006		
-3.803e-001	5.733e-007		
-3.843e-001	-2.434e-007		
-3.883e-001	-1.385e-006		
-3.923e-001	-8.791e-007		
-3.963e-001	-1.340e-006		
-4.003e-001	3.298e-007		
-4.043e-001	-5.459e-007		
-4.082e-001	-1.694e-006		
-4.123e-001	-1.126e-006		
-4.163e-001	-1.561e-006		
-4.202e-001	1.195e-007		
-4.243e-001	-7.168e-007		
-4.282e-001	-1.832e-006		
-4.323e-001	-1.290e-006		
-4.362e-001	-1.686e-006		
-4.402e-001	2.900e-008		
-4.442e-001	-7.523e-007		
-4.482e-001	-1.849e-006		
-4.522e-001	-1.230e-006		
-4.562e-001	-1.637e-006		
-4.602e-001	1.856e-007		
-4.642e-001	-5.963e-007		
-4.682e-001	-1.646e-006		
-4.722e-001	-1.053e-006		
-4.762e-001	-1.438e-006		
-4.802e-001	2.629e-007		
-4.842e-001	-5.997e-007		
-4.881e-001	-1.680e-006		
-4.921e-001	-1.156e-006		
-4.962e-001	-1.601e-006		
-5.001e-001	-4.050e-008		
-5.041e-001	-9.968e-007		
-5.081e-001	-2.193e-006		
-5.121e-001	-1.944e-006		
-5.161e-001	-2.656e-006		
-5.201e-001	-1.415e-006		
-5.241e-001	-2.815e-006		
-5.280e-001	-4.477e-006		
-5.320e-001	-4.609e-006		
-5.360e-001	-5.888e-006		
-5.400e-001	-5.211e-006		
-5.440e-001	-7.274e-006		
-5.479e-001	-9.626e-006		
-5.523e-001	-1.092e-005		
-5.563e-001	-1.305e-005		
-5.603e-001	-1.339e-005		
-5.643e-001	-1.639e-005		
-5.683e-001	-2.003e-005		
-5.723e-001	-2.227e-005		
-5.763e-001	-2.578e-005		
-5.803e-001	-2.761e-005		
-5.843e-001	-3.223e-005		
-5.883e-001	-3.757e-005		
-5.922e-001	-4.166e-005		
-5.962e-001	-4.723e-005		
-6.002e-001	-5.132e-005		
-6.042e-001	-5.835e-005		
-6.082e-001	-6.640e-005		
-6.122e-001	-7.341e-005		
-6.161e-001	-8.202e-005		
-6.201e-001	-8.926e-005		
-6.242e-001	-9.963e-005		
-6.281e-001	-1.110e-004		
-6.321e-001	-1.213e-004		
-6.361e-001	-1.330e-004		
-6.400e-001	-1.432e-004		
-6.440e-001	-1.563e-004		
-6.480e-001	-1.698e-004		
-6.520e-001	-1.819e-004		
-6.560e-001	-1.950e-004		
-6.599e-001	-2.059e-004		
-6.640e-001	-2.189e-004		
-6.679e-001	-2.317e-004		
-6.719e-001	-2.425e-004		
-6.758e-001	-2.535e-004		
-6.802e-001	-2.649e-004		
-6.842e-001	-2.742e-004		
-6.881e-001	-2.831e-004		
-6.921e-001	-2.896e-004		
-6.962e-001	-2.958e-004		
-7.002e-001	-2.991e-004		
-7.041e-001	-3.034e-004		
-7.081e-001	-3.071e-004		
-7.121e-001	-3.081e-004		
-7.162e-001	-3.091e-004		
-7.201e-001	-3.072e-004		
-7.241e-001	-3.069e-004		
-7.282e-001	-3.063e-004		
-7.321e-001	-3.034e-004		
-7.361e-001	-3.010e-004		
-7.401e-001	-2.962e-004		
-7.441e-001	-2.936e-004		
-7.481e-001	-2.913e-004		
-7.521e-001	-2.871e-004		
-7.561e-001	-2.837e-004		
-7.601e-001	-2.784e-004		
-7.641e-001	-2.753e-004		
-7.681e-001	-2.727e-004		
-7.721e-001	-2.686e-004		
-7.761e-001	-2.653e-004		
-7.801e-001	-2.602e-004		
-7.841e-001	-2.578e-004		
-7.881e-001	-2.554e-004		
-7.921e-001	-2.515e-004		
-7.961e-001	-2.486e-004		
-8.001e-001	-2.440e-004		
-8.041e-001	-2.418e-004		
-8.080e-001	-2.400e-004		
-8.120e-001	-2.366e-004		
-8.161e-001	-2.344e-004		
-8.200e-001	-2.301e-004		
-8.240e-001	-2.284e-004		
-8.280e-001	-2.271e-004		
-8.320e-001	-2.243e-004		
-8.358e-001	-2.211e-004		
-8.398e-001	-2.170e-004		
-8.437e-001	-2.159e-004		
-8.478e-001	-2.150e-004		
-8.517e-001	-2.124e-004		
-8.558e-001	-2.108e-004		
-8.597e-001	-2.075e-004		
-8.638e-001	-2.068e-004		
-8.677e-001	-2.059e-004		
-8.717e-001	-2.037e-004		
-8.757e-001	-2.022e-004		
-8.798e-001	-1.988e-004		
-8.837e-001	-1.979e-004		
-8.878e-001	-1.974e-004		
-8.917e-001	-1.954e-004		
-8.958e-001	-1.942e-004		
-8.997e-001	-1.911e-004		
-9.038e-001	-1.905e-004		
-9.077e-001	-1.900e-004		
-9.117e-001	-1.880e-004		
-9.157e-001	-1.871e-004		
-9.198e-001	-1.841e-004		
-9.237e-001	-1.837e-004		
-9.277e-001	-1.835e-004		
-9.317e-001	-1.817e-004		
-9.357e-001	-1.807e-004		
-9.397e-001	-1.777e-004		
-9.437e-001	-1.775e-004		
-9.477e-001	-1.775e-004		
-9.517e-001	-1.758e-004		
-9.557e-001	-1.751e-004		
-9.597e-001	-1.724e-004		
-9.637e-001	-1.723e-004		
-9.677e-001	-1.723e-004		
-9.717e-001	-1.709e-004		
-9.757e-001	-1.701e-004		
-9.797e-001	-1.677e-004		
-9.838e-001	-1.675e-004		
-9.877e-001	-1.677e-004		
-9.917e-001	-1.664e-004		
-9.957e-001	-1.658e-004		
-9.997e-001	-1.632e-004		
-9.957e-001	-1.602e-004		
-9.917e-001	-1.586e-004		
-9.877e-001	-1.557e-004		
-9.838e-001	-1.540e-004		
-9.797e-001	-1.505e-004		
-9.758e-001	-1.497e-004		
-9.718e-001	-1.492e-004		
-9.678e-001	-1.471e-004		
-9.637e-001	-1.460e-004		
-9.598e-001	-1.430e-004		
-9.557e-001	-1.426e-004		
-9.518e-001	-1.426e-004		
-9.478e-001	-1.409e-004		
-9.438e-001	-1.400e-004		
-9.398e-001	-1.372e-004		
-9.358e-001	-1.369e-004		
-9.318e-001	-1.369e-004		
-9.278e-001	-1.352e-004		
-9.238e-001	-1.345e-004		
-9.199e-001	-1.318e-004		
-9.158e-001	-1.317e-004		
-9.118e-001	-1.318e-004		
-9.078e-001	-1.304e-004		
-9.039e-001	-1.298e-004		
-8.998e-001	-1.272e-004		
-8.959e-001	-1.272e-004		
-8.918e-001	-1.274e-004		
-8.879e-001	-1.259e-004		
-8.838e-001	-1.254e-004		
-8.799e-001	-1.228e-004		
-8.758e-001	-1.228e-004		
-8.719e-001	-1.230e-004		
-8.678e-001	-1.216e-004		
-8.639e-001	-1.210e-004		
-8.598e-001	-1.185e-004		
-8.559e-001	-1.185e-004		
-8.518e-001	-1.187e-004		
-8.479e-001	-1.174e-004		
-8.439e-001	-1.168e-004		
-8.399e-001	-1.142e-004		
-8.359e-001	-1.142e-004		
-8.319e-001	-1.145e-004		
-8.279e-001	-1.130e-004		
-8.240e-001	-1.124e-004		
-8.199e-001	-1.098e-004		
-8.160e-001	-1.097e-004		
-8.119e-001	-1.099e-004		
-8.080e-001	-1.083e-004		
-8.040e-001	-1.076e-004		
-8.000e-001	-1.048e-004		
-7.960e-001	-1.046e-004		
-7.920e-001	-1.045e-004		
-7.880e-001	-1.027e-004		
-7.840e-001	-1.017e-004		
-7.800e-001	-9.866e-005		
-7.760e-001	-9.812e-005		
-7.720e-001	-9.761e-005		
-7.680e-001	-9.546e-005		
-7.640e-001	-9.402e-005		
-7.600e-001	-9.049e-005		
-7.560e-001	-8.933e-005		
-7.521e-001	-8.828e-005		
-7.481e-001	-8.547e-005		
-7.441e-001	-8.324e-005		
-7.401e-001	-7.882e-005		
-7.361e-001	-7.660e-005		
-7.321e-001	-7.425e-005		
-7.281e-001	-7.001e-005		
-7.241e-001	-6.616e-005		
-7.201e-001	-5.999e-005		
-7.161e-001	-5.597e-005		
-7.121e-001	-5.164e-005		
-7.081e-001	-4.524e-005		
-7.041e-001	-3.910e-005		
-7.002e-001	-3.057e-005		
-6.962e-001	-2.406e-005		
-6.922e-001	-1.725e-005		
-6.880e-001	-7.563e-006		
-6.841e-001	3.782e-007		
-6.802e-001	1.057e-005		
-6.763e-001	1.839e-005		
-6.724e-001	2.646e-005		
-6.686e-001	3.577e-005		
-6.643e-001	4.589e-005		
-6.603e-001	5.631e-005		
-6.563e-001	6.395e-005		
-6.523e-001	7.121e-005		
-6.483e-001	7.954e-005		
-6.443e-001	8.659e-005		
-6.403e-001	9.504e-005		
-6.364e-001	1.004e-004		
-6.324e-001	1.050e-004		
-6.284e-001	1.106e-004		
-6.244e-001	1.149e-004		
-6.204e-001	1.206e-004		
-6.164e-001	1.232e-004		
-6.125e-001	1.253e-004		
-6.085e-001	1.284e-004		
-6.045e-001	1.304e-004		
-6.005e-001	1.340e-004		
-5.965e-001	1.347e-004		
-5.924e-001	1.349e-004		
-5.885e-001	1.364e-004		
-5.845e-001	1.369e-004		
-5.805e-001	1.391e-004		
-5.765e-001	1.386e-004		
-5.725e-001	1.376e-004		
-5.685e-001	1.380e-004		
-5.645e-001	1.374e-004		
-5.605e-001	1.386e-004		
-5.565e-001	1.372e-004		
-5.525e-001	1.354e-004		
-5.486e-001	1.350e-004		
-5.445e-001	1.337e-004		
-5.405e-001	1.343e-004		
-5.365e-001	1.322e-004		
-5.325e-001	1.298e-004		
-5.285e-001	1.290e-004		
-5.245e-001	1.273e-004		
-5.205e-001	1.276e-004		
-5.165e-001	1.253e-004		
-5.125e-001	1.228e-004		
-5.085e-001	1.220e-004		
-5.045e-001	1.203e-004		
-5.005e-001	1.205e-004		
-4.965e-001	1.182e-004		
-4.926e-001	1.158e-004		
-4.885e-001	1.149e-004		
-4.845e-001	1.133e-004		
-4.805e-001	1.137e-004		
-4.765e-001	1.115e-004		
-4.725e-001	1.091e-004		
-4.686e-001	1.084e-004		
-4.645e-001	1.070e-004		
-4.606e-001	1.075e-004		
-4.565e-001	1.055e-004		
-4.526e-001	1.034e-004		
-4.485e-001	1.029e-004		
-4.446e-001	1.016e-004		
-4.405e-001	1.024e-004		
-4.366e-001	1.004e-004		
-4.325e-001	9.844e-005		
-4.286e-001	9.814e-005		
-4.245e-001	9.706e-005		
-4.206e-001	9.803e-005		
-4.165e-001	9.632e-005		
-4.126e-001	9.449e-005		
-4.085e-001	9.437e-005		
-4.046e-001	9.340e-005		
-4.006e-001	9.446e-005		
-3.966e-001	9.288e-005		
-3.925e-001	9.122e-005		
-3.886e-001	9.116e-005		
-3.845e-001	9.027e-005		
-3.806e-001	9.136e-005		
-3.766e-001	8.984e-005		
-3.726e-001	8.823e-005		
-3.686e-001	8.820e-005		
-3.646e-001	8.748e-005		
-3.606e-001	8.859e-005		
-3.566e-001	8.712e-005		
-3.526e-001	8.551e-005		
-3.486e-001	8.560e-005		
-3.445e-001	8.492e-005		
-3.407e-001	8.619e-005		
-3.366e-001	8.473e-005		
-3.327e-001	8.304e-005		
-3.286e-001	8.288e-005		
-3.246e-001	8.197e-005		
-3.206e-001	8.298e-005		
-3.167e-001	8.135e-005		
-3.126e-001	7.958e-005		
-3.087e-001	7.946e-005		
-3.046e-001	7.855e-005		
-3.007e-001	7.957e-005		
-2.966e-001	7.798e-005		
-2.927e-001	7.625e-005		
-2.886e-001	7.612e-005		
-2.847e-001	7.515e-005		
-2.806e-001	7.621e-005		
-2.767e-001	7.458e-005		
-2.726e-001	7.276e-005		
-2.687e-001	7.269e-005		
-2.646e-001	7.175e-005		
-2.607e-001	7.279e-005		
-2.566e-001	7.117e-005		
-2.527e-001	6.950e-005		
-2.486e-001	6.937e-005		
-2.447e-001	6.842e-005		
-2.406e-001	6.954e-005		
-2.367e-001	6.801e-005		
-2.326e-001	6.633e-005		
-2.287e-001	6.626e-005		
-2.246e-001	6.546e-005		
-2.207e-001	6.651e-005		
-2.166e-001	6.496e-005		
-2.127e-001	6.334e-005		
-2.086e-001	6.336e-005		
-2.047e-001	6.267e-005		
-2.007e-001	6.383e-005		
-1.967e-001	6.234e-005		
-1.927e-001	6.077e-005		
-1.888e-001	6.079e-005		
-1.847e-001	6.007e-005		
-1.807e-001	6.131e-005		
-1.767e-001	5.995e-005		
-1.727e-001	5.848e-005		
-1.687e-001	5.852e-005		
-1.648e-001	5.788e-005		
-1.607e-001	5.910e-005		
-1.568e-001	5.784e-005		
-1.527e-001	5.630e-005		
-1.488e-001	5.644e-005		
-1.447e-001	5.584e-005		
-1.407e-001	5.729e-005		
-1.367e-001	5.582e-005		
-1.328e-001	5.446e-005		
-1.287e-001	5.467e-005		
-1.248e-001	5.412e-005		
-1.208e-001	5.545e-005		
-1.168e-001	5.410e-005		
-1.128e-001	5.275e-005		
-1.088e-001	5.297e-005		
-1.047e-001	5.247e-005		
-1.008e-001	5.379e-005		
-9.679e-002	5.254e-005		
-9.278e-002	5.120e-005		
-8.879e-002	5.146e-005		
-8.481e-002	5.100e-005		
-8.076e-002	5.240e-005		
-7.679e-002	5.108e-005		
-7.281e-002	4.983e-005		
-6.881e-002	5.008e-005		
-6.479e-002	4.950e-005		
-6.082e-002	5.098e-005		
-5.680e-002	4.981e-005		
-5.282e-002	4.846e-005		
-4.883e-002	4.877e-005		
-4.483e-002	4.835e-005		
-4.081e-002	4.974e-005		
-3.686e-002	4.853e-005		
-3.283e-002	4.721e-005		
-2.884e-002	4.746e-005		
-2.487e-002	4.701e-005		
-2.086e-002	4.844e-005		
-1.684e-002	4.730e-005		
-1.284e-002	4.606e-005		
-8.850e-003	4.633e-005		
-4.843e-003	4.592e-005		
-8.363e-004	4.739e-005		
3.135e-003	4.615e-005		
7.135e-003	4.482e-005		
1.115e-002	4.517e-005		
1.511e-002	4.470e-005		
1.912e-002	4.616e-005		
2.312e-002	4.491e-005		
2.709e-002	4.359e-005		
3.110e-002	4.387e-005		
3.512e-002	4.346e-005		
3.909e-002	4.494e-005		
4.310e-002	4.376e-005		
4.712e-002	4.254e-005		
5.112e-002	4.283e-005		
5.508e-002	4.233e-005		
5.910e-002	4.381e-005		
6.310e-002	4.261e-005		
6.705e-002	4.130e-005		
7.108e-002	4.170e-005		
7.508e-002	4.132e-005		
7.908e-002	4.280e-005		
8.307e-002	4.162e-005		
8.709e-002	4.040e-005		
9.102e-002	4.073e-005		
9.508e-002	4.035e-005		
9.906e-002	4.188e-005		
1.030e-001	4.068e-005		
1.070e-001	3.943e-005		
1.111e-001	3.977e-005		
1.151e-001	3.934e-005		
1.190e-001	4.090e-005		
1.230e-001	3.975e-005		
1.270e-001	3.857e-005		
1.310e-001	3.893e-005		
1.350e-001	3.853e-005		
1.390e-001	4.002e-005		
1.430e-001	3.887e-005		
1.470e-001	3.764e-005		
1.510e-001	3.797e-005		
1.550e-001	3.758e-005		
1.590e-001	3.915e-005		
1.630e-001	3.798e-005		
1.670e-001	3.682e-005		
1.710e-001	3.717e-005		
1.750e-001	3.684e-005		
1.790e-001	3.829e-005		
1.830e-001	3.715e-005		
1.870e-001	3.590e-005		
1.910e-001	3.619e-005		
1.950e-001	3.584e-005		
1.990e-001	3.743e-005		
2.030e-001	3.625e-005		
2.070e-001	3.502e-005		
2.110e-001	3.540e-005		
2.150e-001	3.506e-005		
2.189e-001	3.657e-005		
2.230e-001	3.538e-005		
2.270e-001	3.421e-005		
2.309e-001	3.454e-005		
2.349e-001	3.417e-005		
2.389e-001	3.573e-005		
2.429e-001	3.461e-005		
2.469e-001	3.335e-005		
2.509e-001	3.372e-005		
2.550e-001	3.335e-005		
2.589e-001	3.485e-005		
2.629e-001	3.374e-005		
2.669e-001	3.254e-005		
2.709e-001	3.292e-005		
2.749e-001	3.260e-005		
2.789e-001	3.413e-005		
2.829e-001	3.300e-005		
2.869e-001	3.180e-005		
2.909e-001	3.219e-005		
2.949e-001	3.184e-005		
2.989e-001	3.344e-005		
3.029e-001	3.230e-005		
3.069e-001	3.112e-005		
3.109e-001	3.151e-005		
3.149e-001	3.126e-005		
3.189e-001	3.281e-005		
3.229e-001	3.173e-005		
3.269e-001	3.056e-005		
3.309e-001	3.096e-005		
3.349e-001	3.069e-005		
3.389e-001	3.231e-005		
3.429e-001	3.124e-005		
3.469e-001	3.008e-005		
3.509e-001	3.050e-005		
3.549e-001	3.018e-005		
3.588e-001	3.181e-005		
3.629e-001	3.079e-005		
3.669e-001	2.960e-005		
3.708e-001	3.013e-005		
3.749e-001	2.989e-005		
3.789e-001	3.159e-005		
3.828e-001	3.067e-005		
3.868e-001	2.963e-005		
3.908e-001	3.010e-005		
3.948e-001	2.986e-005		
3.988e-001	3.141e-005		
4.028e-001	3.035e-005		
4.068e-001	2.909e-005		
4.108e-001	2.958e-005		
4.148e-001	2.929e-005		
4.188e-001	3.090e-005		
4.228e-001	2.985e-005		
4.268e-001	2.868e-005		
4.308e-001	2.914e-005		
4.348e-001	2.884e-005		
4.388e-001	3.043e-005		
4.428e-001	2.944e-005		
4.468e-001	2.825e-005		
4.508e-001	2.872e-005		
4.548e-001	2.840e-005		
4.588e-001	2.997e-005		
4.628e-001	2.900e-005		
4.668e-001	2.778e-005		
4.708e-001	2.819e-005		
4.748e-001	2.791e-005		
4.788e-001	2.956e-005		
4.828e-001	2.851e-005		
4.867e-001	2.736e-005		
4.908e-001	2.778e-005		
4.947e-001	2.749e-005		
4.988e-001	2.904e-005		
			
